nakBsplineBoundary
9 4 2117
0
0.000000e+00 1.000000e+00 0 0 0.000000e+00 1.000000e+00 0 0 0.000000e+00 1.000000e+00 0 0 0.000000e+00 1.000000e+00 0 0 
4
0 0 0 0 0 0 0 0 
0
4
0 1 0 0 0 0 0 0 
0
4
1 1 1 1 1 1 1 1 
1
4
0 0 0 1 0 0 0 0 
0
4
0 1 0 1 0 0 0 0 
0
4
0 0 0 0 0 1 0 0 
0
4
0 1 0 0 0 1 0 0 
0
4
0 0 0 1 0 1 0 0 
0
4
0 1 0 1 0 1 0 0 
0
4
0 0 0 0 0 0 0 1 
0
4
0 1 0 0 0 0 0 1 
0
4
0 0 0 1 0 0 0 1 
0
4
0 1 0 1 0 0 0 1 
0
4
0 0 0 0 0 1 0 1 
0
4
0 1 0 0 0 1 0 1 
0
4
0 0 0 1 0 1 0 1 
0
4
0 1 0 1 0 1 0 1 
0
4
1 1 0 1 0 0 0 1 
0
4
1 1 0 0 0 0 0 1 
0
4
1 1 0 0 0 1 0 1 
0
4
1 1 0 1 0 1 0 1 
0
4
1 1 0 1 0 1 0 0 
0
4
1 1 0 0 0 1 0 0 
0
4
1 1 0 0 0 0 0 0 
0
4
1 1 0 1 0 0 0 0 
0
4
0 1 1 1 0 0 0 1 
0
4
0 0 1 1 0 0 0 1 
0
4
0 0 1 1 0 1 0 1 
0
4
0 1 1 1 0 1 0 1 
0
4
0 1 1 1 0 1 0 0 
0
4
0 0 1 1 0 1 0 0 
0
4
0 0 1 1 0 0 0 0 
0
4
0 1 1 1 0 0 0 0 
0
4
0 1 0 1 1 1 0 1 
0
4
0 0 0 1 1 1 0 1 
0
4
0 0 0 0 1 1 0 1 
0
4
0 1 0 0 1 1 0 1 
0
4
0 1 0 0 1 1 0 0 
0
4
0 0 0 0 1 1 0 0 
0
4
0 0 0 1 1 1 0 0 
0
4
0 1 0 1 1 1 0 0 
0
4
0 1 0 1 0 0 1 1 
0
4
0 0 0 1 0 0 1 1 
0
4
0 0 0 0 0 0 1 1 
0
4
0 1 0 0 0 0 1 1 
0
4
0 1 0 0 0 1 1 1 
0
4
0 0 0 0 0 1 1 1 
0
4
0 0 0 1 0 1 1 1 
0
4
0 1 0 1 0 1 1 1 
0
4
1 1 0 1 0 0 1 1 
0
4
1 1 0 0 0 0 1 1 
0
4
1 1 0 0 0 1 1 1 
0
4
1 1 0 1 0 1 1 1 
0
4
0 1 1 1 0 0 1 1 
0
4
0 0 1 1 0 0 1 1 
0
4
0 0 1 1 0 1 1 1 
0
4
0 1 1 1 0 1 1 1 
0
4
0 1 0 1 1 1 1 1 
0
4
0 0 0 1 1 1 1 1 
0
4
0 0 0 0 1 1 1 1 
0
4
0 1 0 0 1 1 1 1 
0
4
0 1 0 1 0 0 2 1 
0
4
0 0 0 1 0 0 2 1 
0
4
0 0 0 0 0 0 2 1 
0
4
0 1 0 0 0 0 2 1 
0
4
0 1 0 0 0 1 2 1 
0
4
0 0 0 0 0 1 2 1 
0
4
0 0 0 1 0 1 2 1 
0
4
0 1 0 1 0 1 2 1 
0
4
0 1 0 1 0 0 2 3 
0
4
0 0 0 1 0 0 2 3 
0
4
0 0 0 0 0 0 2 3 
0
4
0 1 0 0 0 0 2 3 
0
4
0 1 0 0 0 1 2 3 
0
4
0 0 0 0 0 1 2 3 
0
4
0 0 0 1 0 1 2 3 
0
4
0 1 0 1 0 1 2 3 
0
4
2 1 0 0 0 1 0 1 
0
4
2 1 0 1 0 1 0 1 
0
4
2 1 0 1 0 0 0 1 
0
4
2 1 0 0 0 0 0 1 
0
4
2 1 0 0 0 0 0 0 
0
4
2 1 0 1 0 0 0 0 
0
4
2 1 0 1 0 1 0 0 
0
4
2 1 0 0 0 1 0 0 
0
4
2 3 0 0 0 1 0 1 
0
4
2 3 0 1 0 1 0 1 
0
4
2 3 0 1 0 0 0 1 
0
4
2 3 0 0 0 0 0 1 
0
4
2 3 0 0 0 0 0 0 
0
4
2 3 0 1 0 0 0 0 
0
4
2 3 0 1 0 1 0 0 
0
4
2 3 0 0 0 1 0 0 
0
4
1 1 1 1 0 1 0 1 
0
4
1 1 1 1 0 0 0 1 
0
4
1 1 1 1 0 0 0 0 
0
4
1 1 1 1 0 1 0 0 
0
4
1 1 0 0 1 1 0 1 
0
4
1 1 0 1 1 1 0 1 
0
4
1 1 0 1 1 1 0 0 
0
4
1 1 0 0 1 1 0 0 
0
4
1 1 0 1 0 1 2 3 
0
4
1 1 0 0 0 1 2 3 
0
4
1 1 0 0 0 0 2 3 
0
4
1 1 0 1 0 0 2 3 
0
4
0 0 1 1 0 1 2 3 
0
4
0 1 1 1 0 1 2 3 
0
4
0 1 1 1 0 0 2 3 
0
4
0 0 1 1 0 0 2 3 
0
4
0 0 0 1 1 1 2 3 
0
4
0 1 0 1 1 1 2 3 
0
4
0 1 0 0 1 1 2 3 
0
4
0 0 0 0 1 1 2 3 
0
4
0 0 0 1 0 1 3 5 
0
4
0 1 0 1 0 1 3 5 
0
4
0 1 0 0 0 1 3 5 
0
4
0 0 0 0 0 1 3 5 
0
4
0 0 0 0 0 0 3 5 
0
4
0 1 0 0 0 0 3 5 
0
4
0 1 0 1 0 0 3 5 
0
4
0 0 0 1 0 0 3 5 
0
4
0 0 0 1 0 1 3 7 
0
4
0 1 0 1 0 1 3 7 
0
4
0 1 0 0 0 1 3 7 
0
4
0 0 0 0 0 1 3 7 
0
4
0 0 0 0 0 0 3 7 
0
4
0 1 0 0 0 0 3 7 
0
4
0 1 0 1 0 0 3 7 
0
4
0 0 0 1 0 0 3 7 
0
4
1 1 0 0 0 0 2 1 
0
4
1 1 0 1 0 0 2 1 
0
4
1 1 0 1 0 1 2 1 
0
4
1 1 0 0 0 1 2 1 
0
4
0 1 1 1 0 0 2 1 
0
4
0 0 1 1 0 0 2 1 
0
4
0 0 1 1 0 1 2 1 
0
4
0 1 1 1 0 1 2 1 
0
4
0 1 0 0 1 1 2 1 
0
4
0 0 0 0 1 1 2 1 
0
4
0 0 0 1 1 1 2 1 
0
4
0 1 0 1 1 1 2 1 
0
4
0 1 0 0 0 0 3 1 
0
4
0 0 0 0 0 0 3 1 
0
4
0 0 0 1 0 0 3 1 
0
4
0 1 0 1 0 0 3 1 
0
4
0 1 0 1 0 1 3 1 
0
4
0 0 0 1 0 1 3 1 
0
4
0 0 0 0 0 1 3 1 
0
4
0 1 0 0 0 1 3 1 
0
4
0 1 0 0 0 0 3 3 
0
4
0 0 0 0 0 0 3 3 
0
4
0 0 0 1 0 0 3 3 
0
4
0 1 0 1 0 0 3 3 
0
4
0 1 0 1 0 1 3 3 
0
4
0 0 0 1 0 1 3 3 
0
4
0 0 0 0 0 1 3 3 
0
4
0 1 0 0 0 1 3 3 
0
4
3 1 0 1 0 1 0 1 
0
4
3 1 0 0 0 1 0 1 
0
4
3 1 0 0 0 0 0 1 
0
4
3 1 0 1 0 0 0 1 
0
4
3 1 0 1 0 0 0 0 
0
4
3 1 0 0 0 0 0 0 
0
4
3 1 0 0 0 1 0 0 
0
4
3 1 0 1 0 1 0 0 
0
4
3 3 0 1 0 1 0 1 
0
4
3 3 0 0 0 1 0 1 
0
4
3 3 0 0 0 0 0 1 
0
4
3 3 0 1 0 0 0 1 
0
4
3 3 0 1 0 0 0 0 
0
4
3 3 0 0 0 0 0 0 
0
4
3 3 0 0 0 1 0 0 
0
4
3 3 0 1 0 1 0 0 
0
4
2 1 1 1 0 1 0 1 
0
4
2 1 1 1 0 0 0 1 
0
4
2 1 1 1 0 0 0 0 
0
4
2 1 1 1 0 1 0 0 
0
4
2 1 0 1 1 1 0 1 
0
4
2 1 0 0 1 1 0 1 
0
4
2 1 0 0 1 1 0 0 
0
4
2 1 0 1 1 1 0 0 
0
4
2 1 0 1 0 1 1 1 
0
4
2 1 0 0 0 1 1 1 
0
4
2 1 0 0 0 0 1 1 
0
4
2 1 0 1 0 0 1 1 
0
4
1 1 0 1 0 0 3 1 
0
4
1 1 0 0 0 0 3 1 
0
4
1 1 0 0 0 1 3 1 
0
4
1 1 0 1 0 1 3 1 
0
4
0 1 1 1 0 0 3 1 
0
4
0 0 1 1 0 0 3 1 
0
4
0 0 1 1 0 1 3 1 
0
4
0 1 1 1 0 1 3 1 
0
4
0 1 0 1 1 1 3 1 
0
4
0 0 0 1 1 1 3 1 
0
4
0 0 0 0 1 1 3 1 
0
4
0 1 0 0 1 1 3 1 
0
4
0 1 0 1 0 0 4 1 
0
4
0 0 0 1 0 0 4 1 
0
4
0 0 0 0 0 0 4 1 
0
4
0 1 0 0 0 0 4 1 
0
4
0 1 0 0 0 1 4 1 
0
4
0 0 0 0 0 1 4 1 
0
4
0 0 0 1 0 1 4 1 
0
4
0 1 0 1 0 1 4 1 
0
4
0 1 0 1 0 0 4 3 
0
4
0 0 0 1 0 0 4 3 
0
4
0 0 0 0 0 0 4 3 
0
4
0 1 0 0 0 0 4 3 
0
4
0 1 0 0 0 1 4 3 
0
4
0 0 0 0 0 1 4 3 
0
4
0 0 0 1 0 1 4 3 
0
4
0 1 0 1 0 1 4 3 
0
4
2 1 0 1 0 0 2 1 
0
4
2 1 0 0 0 0 2 1 
0
4
2 1 0 0 0 1 2 1 
0
4
2 1 0 1 0 1 2 1 
0
4
2 3 0 1 0 0 1 1 
0
4
2 3 0 0 0 0 1 1 
0
4
2 3 0 0 0 1 1 1 
0
4
2 3 0 1 0 1 1 1 
0
4
2 3 0 1 0 0 2 1 
0
4
2 3 0 0 0 0 2 1 
0
4
2 3 0 0 0 1 2 1 
0
4
2 3 0 1 0 1 2 1 
0
4
1 1 1 1 0 0 1 1 
0
4
1 1 1 1 0 1 1 1 
0
4
1 1 1 1 0 0 2 1 
0
4
1 1 1 1 0 1 2 1 
0
4
1 1 0 1 1 1 1 1 
0
4
1 1 0 0 1 1 1 1 
0
4
1 1 0 1 1 1 2 1 
0
4
1 1 0 0 1 1 2 1 
0
4
1 1 0 1 0 0 3 3 
0
4
1 1 0 0 0 0 3 3 
0
4
1 1 0 0 0 1 3 3 
0
4
1 1 0 1 0 1 3 3 
0
4
3 5 0 0 0 1 0 0 
0
4
3 5 0 1 0 1 0 0 
0
4
3 5 0 1 0 0 0 0 
0
4
3 5 0 0 0 0 0 0 
0
4
3 5 0 0 0 0 0 1 
0
4
3 5 0 1 0 0 0 1 
0
4
3 5 0 1 0 1 0 1 
0
4
3 5 0 0 0 1 0 1 
0
4
3 7 0 0 0 1 0 0 
0
4
3 7 0 1 0 1 0 0 
0
4
3 7 0 1 0 0 0 0 
0
4
3 7 0 0 0 0 0 0 
0
4
3 7 0 0 0 0 0 1 
0
4
3 7 0 1 0 0 0 1 
0
4
3 7 0 1 0 1 0 1 
0
4
3 7 0 0 0 1 0 1 
0
4
2 3 1 1 0 1 0 0 
0
4
2 3 1 1 0 0 0 0 
0
4
2 3 1 1 0 0 0 1 
0
4
2 3 1 1 0 1 0 1 
0
4
2 3 0 0 1 1 0 0 
0
4
2 3 0 1 1 1 0 0 
0
4
2 3 0 1 1 1 0 1 
0
4
2 3 0 0 1 1 0 1 
0
4
2 1 0 0 0 1 3 1 
0
4
2 1 0 1 0 1 3 1 
0
4
2 1 0 1 0 0 3 1 
0
4
2 1 0 0 0 0 3 1 
0
4
2 3 0 0 0 1 3 1 
0
4
2 3 0 1 0 1 3 1 
0
4
2 3 0 1 0 0 3 1 
0
4
2 3 0 0 0 0 3 1 
0
4
1 1 1 1 0 1 3 1 
0
4
1 1 1 1 0 0 3 1 
0
4
1 1 0 0 1 1 3 1 
0
4
1 1 0 1 1 1 3 1 
0
4
1 1 0 0 0 1 4 1 
0
4
1 1 0 1 0 1 4 1 
0
4
1 1 0 1 0 0 4 1 
0
4
1 1 0 0 0 0 4 1 
0
4
1 1 0 0 0 1 4 3 
0
4
1 1 0 1 0 1 4 3 
0
4
1 1 0 1 0 0 4 3 
0
4
1 1 0 0 0 0 4 3 
0
4
3 5 0 0 0 0 1 1 
0
4
3 5 0 1 0 0 1 1 
0
4
3 5 0 1 0 1 1 1 
0
4
3 5 0 0 0 1 1 1 
0
4
3 5 0 0 0 0 2 1 
0
4
3 5 0 1 0 0 2 1 
0
4
3 5 0 1 0 1 2 1 
0
4
3 5 0 0 0 1 2 1 
0
4
3 7 0 0 0 0 1 1 
0
4
3 7 0 1 0 0 1 1 
0
4
3 7 0 1 0 1 1 1 
0
4
3 7 0 0 0 1 1 1 
0
4
3 7 0 0 0 0 2 1 
0
4
3 7 0 1 0 0 2 1 
0
4
3 7 0 1 0 1 2 1 
0
4
3 7 0 0 0 1 2 1 
0
4
2 3 1 1 0 0 1 1 
0
4
2 3 1 1 0 1 1 1 
0
4
2 3 1 1 0 0 2 1 
0
4
2 3 1 1 0 1 2 1 
0
4
2 3 0 0 1 1 1 1 
0
4
2 3 0 1 1 1 1 1 
0
4
2 3 0 0 1 1 2 1 
0
4
2 3 0 1 1 1 2 1 
0
4
2 3 0 0 0 0 3 3 
0
4
2 3 0 1 0 0 3 3 
0
4
2 3 0 1 0 1 3 3 
0
4
2 3 0 0 0 1 3 3 
0
4
0 1 1 1 0 1 4 1 
0
4
0 0 1 1 0 1 4 1 
0
4
0 0 1 1 0 0 4 1 
0
4
0 1 1 1 0 0 4 1 
0
4
0 1 0 0 1 1 4 1 
0
4
0 0 0 0 1 1 4 1 
0
4
0 0 0 1 1 1 4 1 
0
4
0 1 0 1 1 1 4 1 
0
4
0 1 0 0 0 1 5 1 
0
4
0 0 0 0 0 1 5 1 
0
4
0 0 0 1 0 1 5 1 
0
4
0 1 0 1 0 1 5 1 
0
4
0 1 0 1 0 0 5 1 
0
4
0 0 0 1 0 0 5 1 
0
4
0 0 0 0 0 0 5 1 
0
4
0 1 0 0 0 0 5 1 
0
4
0 1 0 0 0 1 5 3 
0
4
0 0 0 0 0 1 5 3 
0
4
0 0 0 1 0 1 5 3 
0
4
0 1 0 1 0 1 5 3 
0
4
0 1 0 1 0 0 5 3 
0
4
0 0 0 1 0 0 5 3 
0
4
0 0 0 0 0 0 5 3 
0
4
0 1 0 0 0 0 5 3 
0
4
3 1 0 1 0 1 1 1 
0
4
3 1 0 0 0 1 1 1 
0
4
3 1 0 0 0 0 1 1 
0
4
3 1 0 1 0 0 1 1 
0
4
3 1 0 1 0 1 2 1 
0
4
3 1 0 0 0 1 2 1 
0
4
3 1 0 0 0 0 2 1 
0
4
3 1 0 1 0 0 2 1 
0
4
3 3 0 1 0 1 1 1 
0
4
3 3 0 0 0 1 1 1 
0
4
3 3 0 0 0 0 1 1 
0
4
3 3 0 1 0 0 1 1 
0
4
3 3 0 1 0 1 2 1 
0
4
3 3 0 0 0 1 2 1 
0
4
3 3 0 0 0 0 2 1 
0
4
3 3 0 1 0 0 2 1 
0
4
2 1 1 1 0 1 1 1 
0
4
2 1 1 1 0 0 1 1 
0
4
2 1 1 1 0 1 2 1 
0
4
2 1 1 1 0 0 2 1 
0
4
2 1 0 1 1 1 1 1 
0
4
2 1 0 0 1 1 1 1 
0
4
2 1 0 1 1 1 2 1 
0
4
2 1 0 0 1 1 2 1 
0
4
2 1 0 1 0 1 3 3 
0
4
2 1 0 0 0 1 3 3 
0
4
2 1 0 0 0 0 3 3 
0
4
2 1 0 1 0 0 3 3 
0
4
1 1 0 0 0 1 5 1 
0
4
1 1 0 1 0 1 5 1 
0
4
1 1 0 1 0 0 5 1 
0
4
1 1 0 0 0 0 5 1 
0
4
0 1 1 1 0 1 5 1 
0
4
0 0 1 1 0 1 5 1 
0
4
0 0 1 1 0 0 5 1 
0
4
0 1 1 1 0 0 5 1 
0
4
0 1 0 0 1 1 5 1 
0
4
0 0 0 0 1 1 5 1 
0
4
0 0 0 1 1 1 5 1 
0
4
0 1 0 1 1 1 5 1 
0
4
0 1 0 0 0 1 6 1 
0
4
0 0 0 0 0 1 6 1 
0
4
0 0 0 1 0 1 6 1 
0
4
0 1 0 1 0 1 6 1 
0
4
0 1 0 1 0 0 6 1 
0
4
0 0 0 1 0 0 6 1 
0
4
0 0 0 0 0 0 6 1 
0
4
0 1 0 0 0 0 6 1 
0
4
0 1 0 0 0 1 6 3 
0
4
0 0 0 0 0 1 6 3 
0
4
0 0 0 1 0 1 6 3 
0
4
0 1 0 1 0 1 6 3 
0
4
0 1 0 1 0 0 6 3 
0
4
0 0 0 1 0 0 6 3 
0
4
0 0 0 0 0 0 6 3 
0
4
0 1 0 0 0 0 6 3 
0
4
2 3 0 0 0 0 2 3 
0
4
2 3 0 1 0 0 2 3 
0
4
2 3 0 1 0 1 2 3 
0
4
2 3 0 0 0 1 2 3 
0
4
3 5 0 0 0 1 3 1 
0
4
3 5 0 1 0 1 3 1 
0
4
3 5 0 1 0 0 3 1 
0
4
3 5 0 0 0 0 3 1 
0
4
3 7 0 0 0 1 3 1 
0
4
3 7 0 1 0 1 3 1 
0
4
3 7 0 1 0 0 3 1 
0
4
3 7 0 0 0 0 3 1 
0
4
2 3 1 1 0 1 3 1 
0
4
2 3 1 1 0 0 3 1 
0
4
2 3 0 0 1 1 3 1 
0
4
2 3 0 1 1 1 3 1 
0
4
2 3 0 0 0 1 4 1 
0
4
2 3 0 1 0 1 4 1 
0
4
2 3 0 1 0 0 4 1 
0
4
2 3 0 0 0 0 4 1 
0
4
2 3 0 0 0 1 4 3 
0
4
2 3 0 1 0 1 4 3 
0
4
2 3 0 1 0 0 4 3 
0
4
2 3 0 0 0 0 4 3 
0
4
3 1 0 0 0 0 3 1 
0
4
3 1 0 1 0 0 3 1 
0
4
3 1 0 1 0 1 3 1 
0
4
3 1 0 0 0 1 3 1 
0
4
3 3 0 0 0 0 3 1 
0
4
3 3 0 1 0 0 3 1 
0
4
3 3 0 1 0 1 3 1 
0
4
3 3 0 0 0 1 3 1 
0
4
2 1 1 1 0 0 3 1 
0
4
2 1 1 1 0 1 3 1 
0
4
2 1 0 0 1 1 3 1 
0
4
2 1 0 1 1 1 3 1 
0
4
2 1 0 0 0 0 4 1 
0
4
2 1 0 1 0 0 4 1 
0
4
2 1 0 1 0 1 4 1 
0
4
2 1 0 0 0 1 4 1 
0
4
2 1 0 0 0 0 4 3 
0
4
2 1 0 1 0 0 4 3 
0
4
2 1 0 1 0 1 4 3 
0
4
2 1 0 0 0 1 4 3 
0
4
1 1 0 1 0 0 6 1 
0
4
1 1 0 0 0 0 6 1 
0
4
1 1 0 0 0 1 6 1 
0
4
1 1 0 1 0 1 6 1 
0
4
0 0 1 1 0 0 6 1 
0
4
0 1 1 1 0 0 6 1 
0
4
0 1 1 1 0 1 6 1 
0
4
0 0 1 1 0 1 6 1 
0
4
0 0 0 1 1 1 6 1 
0
4
0 1 0 1 1 1 6 1 
0
4
0 1 0 0 1 1 6 1 
0
4
0 0 0 0 1 1 6 1 
0
4
0 0 0 1 0 0 7 1 
0
4
0 1 0 1 0 0 7 1 
0
4
0 1 0 0 0 0 7 1 
0
4
0 0 0 0 0 0 7 1 
0
4
0 0 0 0 0 1 7 1 
0
4
0 1 0 0 0 1 7 1 
0
4
0 1 0 1 0 1 7 1 
0
4
0 0 0 1 0 1 7 1 
0
4
0 0 0 1 0 0 7 3 
0
4
0 1 0 1 0 0 7 3 
0
4
0 1 0 0 0 0 7 3 
0
4
0 0 0 0 0 0 7 3 
0
4
0 0 0 0 0 1 7 3 
0
4
0 1 0 0 0 1 7 3 
0
4
0 1 0 1 0 1 7 3 
0
4
0 0 0 1 0 1 7 3 
0
4
4 13 0 0 0 0 0 0 
0
4
4 13 0 1 0 0 0 0 
0
4
4 13 0 1 0 1 0 0 
0
4
4 13 0 0 0 1 0 0 
0
4
4 13 0 0 0 1 0 1 
0
4
4 13 0 1 0 1 0 1 
0
4
4 13 0 1 0 0 0 1 
0
4
4 13 0 0 0 0 0 1 
0
4
4 13 0 0 0 0 1 1 
0
4
4 13 0 1 0 0 1 1 
0
4
4 13 0 1 0 1 1 1 
0
4
4 13 0 0 0 1 1 1 
0
4
4 13 0 0 0 0 2 1 
0
4
4 13 0 1 0 0 2 1 
0
4
4 13 0 1 0 1 2 1 
0
4
4 13 0 0 0 1 2 1 
0
4
4 13 0 0 0 0 3 1 
0
4
4 13 0 1 0 0 3 1 
0
4
4 13 0 1 0 1 3 1 
0
4
4 13 0 0 0 1 3 1 
0
4
4 15 0 0 0 0 0 0 
0
4
4 15 0 1 0 0 0 0 
0
4
4 15 0 1 0 1 0 0 
0
4
4 15 0 0 0 1 0 0 
0
4
4 15 0 0 0 1 0 1 
0
4
4 15 0 1 0 1 0 1 
0
4
4 15 0 1 0 0 0 1 
0
4
4 15 0 0 0 0 0 1 
0
4
4 15 0 0 0 0 1 1 
0
4
4 15 0 1 0 0 1 1 
0
4
4 15 0 1 0 1 1 1 
0
4
4 15 0 0 0 1 1 1 
0
4
4 15 0 0 0 0 2 1 
0
4
4 15 0 1 0 0 2 1 
0
4
4 15 0 1 0 1 2 1 
0
4
4 15 0 0 0 1 2 1 
0
4
4 15 0 0 0 0 3 1 
0
4
4 15 0 1 0 0 3 1 
0
4
4 15 0 1 0 1 3 1 
0
4
4 15 0 0 0 1 3 1 
0
4
3 7 1 1 0 0 0 0 
0
4
3 7 1 1 0 1 0 0 
0
4
3 7 1 1 0 1 0 1 
0
4
3 7 1 1 0 0 0 1 
0
4
3 7 1 1 0 0 1 1 
0
4
3 7 1 1 0 1 1 1 
0
4
3 7 1 1 0 0 2 1 
0
4
3 7 1 1 0 1 2 1 
0
4
3 7 1 1 0 0 3 1 
0
4
3 7 1 1 0 1 3 1 
0
4
3 7 0 0 1 1 0 0 
0
4
3 7 0 1 1 1 0 0 
0
4
3 7 0 1 1 1 0 1 
0
4
3 7 0 0 1 1 0 1 
0
4
3 7 0 0 1 1 1 1 
0
4
3 7 0 1 1 1 1 1 
0
4
3 7 0 0 1 1 2 1 
0
4
3 7 0 1 1 1 2 1 
0
4
3 7 0 0 1 1 3 1 
0
4
3 7 0 1 1 1 3 1 
0
4
3 7 0 0 0 0 4 1 
0
4
3 7 0 1 0 0 4 1 
0
4
3 7 0 1 0 1 4 1 
0
4
3 7 0 0 0 1 4 1 
0
4
3 7 0 0 0 0 4 3 
0
4
3 7 0 1 0 0 4 3 
0
4
3 7 0 1 0 1 4 3 
0
4
3 7 0 0 0 1 4 3 
0
4
3 7 0 0 0 0 3 3 
0
4
3 7 0 1 0 0 3 3 
0
4
3 7 0 1 0 1 3 3 
0
4
3 7 0 0 0 1 3 3 
0
4
3 5 0 0 0 1 4 1 
0
4
3 5 0 1 0 1 4 1 
0
4
3 5 0 1 0 0 4 1 
0
4
3 5 0 0 0 0 4 1 
0
4
1 1 1 1 0 1 4 1 
0
4
1 1 1 1 0 0 4 1 
0
4
2 3 1 1 0 1 4 1 
0
4
2 3 1 1 0 0 4 1 
0
4
1 1 0 0 1 1 4 1 
0
4
1 1 0 1 1 1 4 1 
0
4
2 3 0 0 1 1 4 1 
0
4
2 3 0 1 1 1 4 1 
0
4
2 3 0 0 0 1 5 1 
0
4
2 3 0 1 0 1 5 1 
0
4
2 3 0 1 0 0 5 1 
0
4
2 3 0 0 0 0 5 1 
0
4
1 1 0 0 0 1 5 3 
0
4
1 1 0 1 0 1 5 3 
0
4
1 1 0 1 0 0 5 3 
0
4
1 1 0 0 0 0 5 3 
0
4
2 3 0 0 0 1 5 3 
0
4
2 3 0 1 0 1 5 3 
0
4
2 3 0 1 0 0 5 3 
0
4
2 3 0 0 0 0 5 3 
0
4
3 5 0 0 0 1 5 1 
0
4
3 5 0 1 0 1 5 1 
0
4
3 5 0 1 0 0 5 1 
0
4
3 5 0 0 0 0 5 1 
0
4
3 7 0 0 0 1 5 1 
0
4
3 7 0 1 0 1 5 1 
0
4
3 7 0 1 0 0 5 1 
0
4
3 7 0 0 0 0 5 1 
0
4
1 1 1 1 0 1 5 1 
0
4
1 1 1 1 0 0 5 1 
0
4
2 3 1 1 0 1 5 1 
0
4
2 3 1 1 0 0 5 1 
0
4
1 1 0 0 1 1 5 1 
0
4
1 1 0 1 1 1 5 1 
0
4
2 3 0 0 1 1 5 1 
0
4
2 3 0 1 1 1 5 1 
0
4
2 3 0 0 0 1 6 1 
0
4
2 3 0 1 0 1 6 1 
0
4
2 3 0 1 0 0 6 1 
0
4
2 3 0 0 0 0 6 1 
0
4
1 1 0 0 0 1 6 3 
0
4
1 1 0 1 0 1 6 3 
0
4
1 1 0 1 0 0 6 3 
0
4
1 1 0 0 0 0 6 3 
0
4
2 3 0 0 0 1 6 3 
0
4
2 3 0 1 0 1 6 3 
0
4
2 3 0 1 0 0 6 3 
0
4
2 3 0 0 0 0 6 3 
0
4
0 1 1 1 0 1 5 3 
0
4
0 0 1 1 0 1 5 3 
0
4
0 0 1 1 0 0 5 3 
0
4
0 1 1 1 0 0 5 3 
0
4
0 1 0 0 1 1 5 3 
0
4
0 0 0 0 1 1 5 3 
0
4
0 0 0 1 1 1 5 3 
0
4
0 1 0 1 1 1 5 3 
0
4
0 1 0 0 0 1 6 5 
0
4
0 0 0 0 0 1 6 5 
0
4
0 0 0 1 0 1 6 5 
0
4
0 1 0 1 0 1 6 5 
0
4
0 1 0 1 0 0 6 5 
0
4
0 0 0 1 0 0 6 5 
0
4
0 0 0 0 0 0 6 5 
0
4
0 1 0 0 0 0 6 5 
0
4
0 1 0 0 0 1 6 7 
0
4
0 0 0 0 0 1 6 7 
0
4
0 0 0 1 0 1 6 7 
0
4
0 1 0 1 0 1 6 7 
0
4
0 1 0 1 0 0 6 7 
0
4
0 0 0 1 0 0 6 7 
0
4
0 0 0 0 0 0 6 7 
0
4
0 1 0 0 0 0 6 7 
0
4
3 1 0 0 0 0 4 1 
0
4
3 1 0 1 0 0 4 1 
0
4
3 1 0 1 0 1 4 1 
0
4
3 1 0 0 0 1 4 1 
0
4
3 3 0 0 0 0 4 1 
0
4
3 3 0 1 0 0 4 1 
0
4
3 3 0 1 0 1 4 1 
0
4
3 3 0 0 0 1 4 1 
0
4
2 1 1 1 0 0 4 1 
0
4
2 1 1 1 0 1 4 1 
0
4
2 1 0 0 1 1 4 1 
0
4
2 1 0 1 1 1 4 1 
0
4
2 1 0 0 0 0 5 1 
0
4
2 1 0 1 0 0 5 1 
0
4
2 1 0 1 0 1 5 1 
0
4
2 1 0 0 0 1 5 1 
0
4
2 1 0 0 0 0 5 3 
1
4
2 1 0 1 0 0 5 3 
1
4
2 1 0 1 0 1 5 3 
1
4
2 1 0 0 0 1 5 3 
1
4
3 5 0 0 0 1 5 3 
0
4
3 5 0 1 0 1 5 3 
0
4
3 5 0 1 0 0 5 3 
0
4
3 5 0 0 0 0 5 3 
0
4
3 7 0 0 0 1 5 3 
0
4
3 7 0 1 0 1 5 3 
0
4
3 7 0 1 0 0 5 3 
0
4
3 7 0 0 0 0 5 3 
0
4
1 1 1 1 0 1 5 3 
0
4
1 1 1 1 0 0 5 3 
0
4
2 3 1 1 0 1 5 3 
0
4
2 3 1 1 0 0 5 3 
0
4
1 1 0 0 1 1 5 3 
0
4
1 1 0 1 1 1 5 3 
0
4
2 3 0 0 1 1 5 3 
0
4
2 3 0 1 1 1 5 3 
0
4
1 1 0 0 0 1 6 5 
0
4
1 1 0 1 0 1 6 5 
0
4
1 1 0 1 0 0 6 5 
0
4
1 1 0 0 0 0 6 5 
0
4
2 3 0 0 0 1 6 5 
0
4
2 3 0 1 0 1 6 5 
0
4
2 3 0 1 0 0 6 5 
0
4
2 3 0 0 0 0 6 5 
0
4
1 1 0 0 0 1 6 7 
0
4
1 1 0 1 0 1 6 7 
0
4
1 1 0 1 0 0 6 7 
0
4
1 1 0 0 0 0 6 7 
0
4
2 3 0 0 0 1 6 7 
0
4
2 3 0 1 0 1 6 7 
0
4
2 3 0 1 0 0 6 7 
0
4
2 3 0 0 0 0 6 7 
0
4
4 13 0 0 0 0 4 1 
0
4
4 13 0 1 0 0 4 1 
0
4
4 13 0 1 0 1 4 1 
0
4
4 13 0 0 0 1 4 1 
0
4
4 15 0 0 0 0 4 1 
0
4
4 15 0 1 0 0 4 1 
0
4
4 15 0 1 0 1 4 1 
0
4
4 15 0 0 0 1 4 1 
0
4
3 7 1 1 0 0 4 1 
0
4
3 7 1 1 0 1 4 1 
0
4
3 7 0 0 1 1 4 1 
0
4
3 7 0 1 1 1 4 1 
0
4
4 1 0 0 0 1 0 0 
0
4
4 1 0 1 0 1 0 0 
0
4
4 1 0 1 0 0 0 0 
0
4
4 1 0 0 0 0 0 0 
0
4
4 1 0 0 0 0 0 1 
0
4
4 1 0 1 0 0 0 1 
0
4
4 1 0 1 0 1 0 1 
0
4
4 1 0 0 0 1 0 1 
0
4
4 1 0 0 0 1 1 1 
0
4
4 1 0 1 0 1 1 1 
0
4
4 1 0 1 0 0 1 1 
0
4
4 1 0 0 0 0 1 1 
0
4
4 1 0 0 0 1 2 1 
0
4
4 1 0 1 0 1 2 1 
0
4
4 1 0 1 0 0 2 1 
0
4
4 1 0 0 0 0 2 1 
0
4
4 3 0 0 0 1 0 0 
0
4
4 3 0 1 0 1 0 0 
0
4
4 3 0 1 0 0 0 0 
0
4
4 3 0 0 0 0 0 0 
0
4
4 3 0 0 0 0 0 1 
0
4
4 3 0 1 0 0 0 1 
0
4
4 3 0 1 0 1 0 1 
0
4
4 3 0 0 0 1 0 1 
0
4
4 3 0 0 0 1 1 1 
0
4
4 3 0 1 0 1 1 1 
0
4
4 3 0 1 0 0 1 1 
0
4
4 3 0 0 0 0 1 1 
0
4
4 3 0 0 0 1 2 1 
0
4
4 3 0 1 0 1 2 1 
0
4
4 3 0 1 0 0 2 1 
0
4
4 3 0 0 0 0 2 1 
0
4
3 1 1 1 0 1 0 0 
0
4
3 1 1 1 0 0 0 0 
0
4
3 1 1 1 0 0 0 1 
0
4
3 1 1 1 0 1 0 1 
0
4
3 1 1 1 0 1 1 1 
0
4
3 1 1 1 0 0 1 1 
0
4
3 1 1 1 0 1 2 1 
0
4
3 1 1 1 0 0 2 1 
0
4
3 1 0 0 1 1 0 0 
0
4
3 1 0 1 1 1 0 0 
0
4
3 1 0 1 1 1 0 1 
0
4
3 1 0 0 1 1 0 1 
0
4
3 1 0 0 1 1 1 1 
0
4
3 1 0 1 1 1 1 1 
0
4
3 1 0 0 1 1 2 1 
0
4
3 1 0 1 1 1 2 1 
0
4
3 1 0 0 0 1 3 3 
0
4
3 1 0 1 0 1 3 3 
0
4
3 1 0 1 0 0 3 3 
0
4
3 1 0 0 0 0 3 3 
0
4
4 5 0 0 0 1 0 0 
0
4
4 5 0 1 0 1 0 0 
0
4
4 5 0 1 0 0 0 0 
0
4
4 5 0 0 0 0 0 0 
0
4
4 5 0 0 0 0 0 1 
0
4
4 5 0 1 0 0 0 1 
0
4
4 5 0 1 0 1 0 1 
0
4
4 5 0 0 0 1 0 1 
0
4
4 5 0 0 0 1 1 1 
0
4
4 5 0 1 0 1 1 1 
0
4
4 5 0 1 0 0 1 1 
0
4
4 5 0 0 0 0 1 1 
0
4
4 5 0 0 0 1 2 1 
0
4
4 5 0 1 0 1 2 1 
0
4
4 5 0 1 0 0 2 1 
0
4
4 5 0 0 0 0 2 1 
0
4
4 7 0 0 0 1 0 0 
0
4
4 7 0 1 0 1 0 0 
0
4
4 7 0 1 0 0 0 0 
0
4
4 7 0 0 0 0 0 0 
0
4
4 7 0 0 0 0 0 1 
0
4
4 7 0 1 0 0 0 1 
0
4
4 7 0 1 0 1 0 1 
0
4
4 7 0 0 0 1 0 1 
0
4
4 7 0 0 0 1 1 1 
0
4
4 7 0 1 0 1 1 1 
0
4
4 7 0 1 0 0 1 1 
0
4
4 7 0 0 0 0 1 1 
0
4
4 7 0 0 0 1 2 1 
0
4
4 7 0 1 0 1 2 1 
0
4
4 7 0 1 0 0 2 1 
0
4
4 7 0 0 0 0 2 1 
0
4
3 3 1 1 0 1 0 0 
0
4
3 3 1 1 0 0 0 0 
0
4
3 3 1 1 0 0 0 1 
0
4
3 3 1 1 0 1 0 1 
0
4
3 3 1 1 0 1 1 1 
0
4
3 3 1 1 0 0 1 1 
0
4
3 3 1 1 0 1 2 1 
0
4
3 3 1 1 0 0 2 1 
0
4
3 3 0 0 1 1 0 0 
0
4
3 3 0 1 1 1 0 0 
0
4
3 3 0 1 1 1 0 1 
0
4
3 3 0 0 1 1 0 1 
0
4
3 3 0 0 1 1 1 1 
0
4
3 3 0 1 1 1 1 1 
0
4
3 3 0 0 1 1 2 1 
0
4
3 3 0 1 1 1 2 1 
0
4
3 3 0 0 0 1 3 3 
0
4
3 3 0 1 0 1 3 3 
0
4
3 3 0 1 0 0 3 3 
0
4
3 3 0 0 0 0 3 3 
0
4
0 0 1 1 0 0 6 3 
0
4
0 1 1 1 0 0 6 3 
0
4
0 1 1 1 0 1 6 3 
0
4
0 0 1 1 0 1 6 3 
0
4
0 0 0 0 1 1 6 3 
0
4
0 1 0 0 1 1 6 3 
0
4
0 1 0 1 1 1 6 3 
0
4
0 0 0 1 1 1 6 3 
0
4
0 0 0 0 0 0 7 5 
0
4
0 1 0 0 0 0 7 5 
0
4
0 1 0 1 0 0 7 5 
0
4
0 0 0 1 0 0 7 5 
0
4
0 0 0 1 0 1 7 5 
0
4
0 1 0 1 0 1 7 5 
0
4
0 1 0 0 0 1 7 5 
0
4
0 0 0 0 0 1 7 5 
0
4
0 0 0 0 0 0 7 7 
0
4
0 1 0 0 0 0 7 7 
0
4
0 1 0 1 0 0 7 7 
0
4
0 0 0 1 0 0 7 7 
0
4
0 0 0 1 0 1 7 7 
0
4
0 1 0 1 0 1 7 7 
0
4
0 1 0 0 0 1 7 7 
0
4
0 0 0 0 0 1 7 7 
0
4
0 1 1 1 0 1 6 7 
0
4
0 0 1 1 0 1 6 7 
0
4
0 0 1 1 0 0 6 7 
0
4
0 1 1 1 0 0 6 7 
0
4
0 1 0 0 1 1 6 7 
0
4
0 0 0 0 1 1 6 7 
0
4
0 0 0 1 1 1 6 7 
0
4
0 1 0 1 1 1 6 7 
0
4
0 1 0 0 0 1 7 13 
0
4
0 0 0 0 0 1 7 13 
0
4
0 0 0 1 0 1 7 13 
0
4
0 1 0 1 0 1 7 13 
0
4
0 1 0 1 0 0 7 13 
0
4
0 0 0 1 0 0 7 13 
0
4
0 0 0 0 0 0 7 13 
0
4
0 1 0 0 0 0 7 13 
0
4
0 1 0 0 0 1 7 15 
0
4
0 0 0 0 0 1 7 15 
0
4
0 0 0 1 0 1 7 15 
0
4
0 1 0 1 0 1 7 15 
0
4
0 1 0 1 0 0 7 15 
0
4
0 0 0 1 0 0 7 15 
0
4
0 0 0 0 0 0 7 15 
0
4
0 1 0 0 0 0 7 15 
0
4
3 5 0 0 0 0 6 7 
0
4
3 5 0 1 0 0 6 7 
0
4
3 5 0 1 0 1 6 7 
0
4
3 5 0 0 0 1 6 7 
0
4
3 7 0 0 0 0 6 7 
0
4
3 7 0 1 0 0 6 7 
0
4
3 7 0 1 0 1 6 7 
0
4
3 7 0 0 0 1 6 7 
0
4
1 1 1 1 0 0 6 7 
0
4
1 1 1 1 0 1 6 7 
0
4
2 3 1 1 0 0 6 7 
0
4
2 3 1 1 0 1 6 7 
0
4
1 1 0 0 1 1 6 7 
0
4
1 1 0 1 1 1 6 7 
0
4
2 3 0 0 1 1 6 7 
0
4
2 3 0 1 1 1 6 7 
0
4
1 1 0 0 0 0 7 13 
0
4
1 1 0 1 0 0 7 13 
0
4
1 1 0 1 0 1 7 13 
0
4
1 1 0 0 0 1 7 13 
0
4
2 3 0 0 0 0 7 13 
0
4
2 3 0 1 0 0 7 13 
0
4
2 3 0 1 0 1 7 13 
0
4
2 3 0 0 0 1 7 13 
0
4
1 1 0 0 0 0 7 15 
0
4
1 1 0 1 0 0 7 15 
0
4
1 1 0 1 0 1 7 15 
0
4
1 1 0 0 0 1 7 15 
0
4
2 3 0 0 0 0 7 15 
1
4
2 3 0 1 0 0 7 15 
1
4
2 3 0 1 0 1 7 15 
1
4
2 3 0 0 0 1 7 15 
1
4
4 13 0 0 0 1 5 1 
1
4
4 13 0 1 0 1 5 1 
1
4
4 13 0 1 0 0 5 1 
1
4
4 13 0 0 0 0 5 1 
1
4
4 15 0 0 0 1 5 1 
0
4
4 15 0 1 0 1 5 1 
0
4
4 15 0 1 0 0 5 1 
0
4
4 15 0 0 0 0 5 1 
0
4
3 7 1 1 0 1 5 1 
0
4
3 7 1 1 0 0 5 1 
0
4
3 7 0 0 1 1 5 1 
0
4
3 7 0 1 1 1 5 1 
0
4
3 7 0 0 0 1 6 1 
0
4
3 7 0 1 0 1 6 1 
0
4
3 7 0 1 0 0 6 1 
0
4
3 7 0 0 0 0 6 1 
0
4
3 7 0 0 0 1 6 3 
0
4
3 7 0 1 0 1 6 3 
0
4
3 7 0 1 0 0 6 3 
0
4
3 7 0 0 0 0 6 3 
0
4
3 5 0 0 0 0 2 3 
1
4
3 5 0 1 0 0 2 3 
1
4
3 5 0 1 0 1 2 3 
1
4
3 5 0 0 0 1 2 3 
1
4
3 7 0 0 0 0 2 3 
1
4
3 7 0 1 0 0 2 3 
1
4
3 7 0 1 0 1 2 3 
1
4
3 7 0 0 0 1 2 3 
1
4
1 1 1 1 0 0 2 3 
0
4
1 1 1 1 0 1 2 3 
0
4
2 3 1 1 0 0 2 3 
1
4
2 3 1 1 0 1 2 3 
1
4
1 1 0 0 1 1 2 3 
0
4
1 1 0 1 1 1 2 3 
0
4
2 3 0 0 1 1 2 3 
1
4
2 3 0 1 1 1 2 3 
1
4
1 1 0 0 0 0 3 5 
0
4
1 1 0 1 0 0 3 5 
0
4
1 1 0 1 0 1 3 5 
0
4
1 1 0 0 0 1 3 5 
0
4
2 3 0 0 0 0 3 5 
1
4
2 3 0 1 0 0 3 5 
1
4
2 3 0 1 0 1 3 5 
1
4
2 3 0 0 0 1 3 5 
1
4
1 1 0 0 0 0 3 7 
0
4
1 1 0 1 0 0 3 7 
0
4
1 1 0 1 0 1 3 7 
0
4
1 1 0 0 0 1 3 7 
0
4
2 3 0 0 0 0 3 7 
1
4
2 3 0 1 0 0 3 7 
1
4
2 3 0 1 0 1 3 7 
1
4
2 3 0 0 0 1 3 7 
1
4
4 1 0 0 0 1 3 3 
1
4
4 1 0 1 0 1 3 3 
1
4
4 1 0 1 0 0 3 3 
1
4
4 1 0 0 0 0 3 3 
1
4
4 3 0 0 0 1 3 3 
1
4
4 3 0 1 0 1 3 3 
1
4
4 3 0 1 0 0 3 3 
1
4
4 3 0 0 0 0 3 3 
1
4
0 0 1 1 0 1 3 3 
0
4
0 1 1 1 0 1 3 3 
0
4
0 1 1 1 0 0 3 3 
0
4
0 0 1 1 0 0 3 3 
0
4
1 1 1 1 0 1 3 3 
0
4
1 1 1 1 0 0 3 3 
0
4
2 1 1 1 0 1 3 3 
0
4
2 1 1 1 0 0 3 3 
0
4
3 1 1 1 0 1 3 3 
1
4
3 1 1 1 0 0 3 3 
1
4
0 0 0 0 1 1 3 3 
0
4
0 1 0 0 1 1 3 3 
0
4
0 1 0 1 1 1 3 3 
0
4
0 0 0 1 1 1 3 3 
0
4
1 1 0 0 1 1 3 3 
0
4
1 1 0 1 1 1 3 3 
0
4
2 1 0 0 1 1 3 3 
0
4
2 1 0 1 1 1 3 3 
0
4
3 1 0 0 1 1 3 3 
1
4
3 1 0 1 1 1 3 3 
1
4
0 0 0 0 0 1 4 5 
0
4
0 1 0 0 0 1 4 5 
0
4
0 1 0 1 0 1 4 5 
0
4
0 0 0 1 0 1 4 5 
0
4
0 0 0 1 0 0 4 5 
0
4
0 1 0 1 0 0 4 5 
0
4
0 1 0 0 0 0 4 5 
0
4
0 0 0 0 0 0 4 5 
0
4
1 1 0 0 0 1 4 5 
0
4
1 1 0 1 0 1 4 5 
0
4
1 1 0 1 0 0 4 5 
0
4
1 1 0 0 0 0 4 5 
0
4
2 1 0 0 0 1 4 5 
0
4
2 1 0 1 0 1 4 5 
0
4
2 1 0 1 0 0 4 5 
0
4
2 1 0 0 0 0 4 5 
0
4
3 1 0 0 0 1 4 5 
1
4
3 1 0 1 0 1 4 5 
1
4
3 1 0 1 0 0 4 5 
1
4
3 1 0 0 0 0 4 5 
1
4
0 0 0 0 0 1 4 7 
0
4
0 1 0 0 0 1 4 7 
0
4
0 1 0 1 0 1 4 7 
0
4
0 0 0 1 0 1 4 7 
0
4
0 0 0 1 0 0 4 7 
0
4
0 1 0 1 0 0 4 7 
0
4
0 1 0 0 0 0 4 7 
0
4
0 0 0 0 0 0 4 7 
0
4
1 1 0 0 0 1 4 7 
0
4
1 1 0 1 0 1 4 7 
0
4
1 1 0 1 0 0 4 7 
0
4
1 1 0 0 0 0 4 7 
0
4
2 1 0 0 0 1 4 7 
0
4
2 1 0 1 0 1 4 7 
0
4
2 1 0 1 0 0 4 7 
0
4
2 1 0 0 0 0 4 7 
0
4
3 1 0 0 0 1 4 7 
1
4
3 1 0 1 0 1 4 7 
1
4
3 1 0 1 0 0 4 7 
1
4
3 1 0 0 0 0 4 7 
1
4
5 29 0 0 0 0 0 0 
0
4
5 29 0 1 0 0 0 0 
0
4
5 29 0 1 0 1 0 0 
0
4
5 29 0 0 0 1 0 0 
0
4
5 29 0 0 0 1 0 1 
0
4
5 29 0 1 0 1 0 1 
0
4
5 29 0 1 0 0 0 1 
0
4
5 29 0 0 0 0 0 1 
0
4
5 29 0 0 0 0 1 1 
0
4
5 29 0 1 0 0 1 1 
0
4
5 29 0 1 0 1 1 1 
0
4
5 29 0 0 0 1 1 1 
0
4
5 29 0 0 0 0 2 1 
0
4
5 29 0 1 0 0 2 1 
0
4
5 29 0 1 0 1 2 1 
0
4
5 29 0 0 0 1 2 1 
0
4
5 29 0 0 0 0 3 1 
0
4
5 29 0 1 0 0 3 1 
0
4
5 29 0 1 0 1 3 1 
0
4
5 29 0 0 0 1 3 1 
0
4
5 31 0 0 0 0 0 0 
0
4
5 31 0 1 0 0 0 0 
0
4
5 31 0 1 0 1 0 0 
0
4
5 31 0 0 0 1 0 0 
0
4
5 31 0 0 0 1 0 1 
0
4
5 31 0 1 0 1 0 1 
0
4
5 31 0 1 0 0 0 1 
0
4
5 31 0 0 0 0 0 1 
0
4
5 31 0 0 0 0 1 1 
0
4
5 31 0 1 0 0 1 1 
0
4
5 31 0 1 0 1 1 1 
0
4
5 31 0 0 0 1 1 1 
0
4
5 31 0 0 0 0 2 1 
0
4
5 31 0 1 0 0 2 1 
0
4
5 31 0 1 0 1 2 1 
0
4
5 31 0 0 0 1 2 1 
0
4
5 31 0 0 0 0 3 1 
0
4
5 31 0 1 0 0 3 1 
0
4
5 31 0 1 0 1 3 1 
0
4
5 31 0 0 0 1 3 1 
0
4
4 15 1 1 0 0 0 0 
0
4
4 15 1 1 0 1 0 0 
0
4
4 15 1 1 0 1 0 1 
0
4
4 15 1 1 0 0 0 1 
0
4
4 15 1 1 0 0 1 1 
0
4
4 15 1 1 0 1 1 1 
0
4
4 15 1 1 0 0 2 1 
0
4
4 15 1 1 0 1 2 1 
0
4
4 15 1 1 0 0 3 1 
0
4
4 15 1 1 0 1 3 1 
0
4
4 15 0 0 1 1 0 0 
0
4
4 15 0 1 1 1 0 0 
0
4
4 15 0 1 1 1 0 1 
0
4
4 15 0 0 1 1 0 1 
0
4
4 15 0 0 1 1 1 1 
0
4
4 15 0 1 1 1 1 1 
0
4
4 15 0 0 1 1 2 1 
0
4
4 15 0 1 1 1 2 1 
0
4
4 15 0 0 1 1 3 1 
0
4
4 15 0 1 1 1 3 1 
0
4
4 15 0 0 0 0 4 3 
1
4
4 15 0 1 0 0 4 3 
1
4
4 15 0 1 0 1 4 3 
1
4
4 15 0 0 0 1 4 3 
1
4
5 13 0 0 0 1 0 0 
0
4
5 13 0 1 0 1 0 0 
0
4
5 13 0 1 0 0 0 0 
0
4
5 13 0 0 0 0 0 0 
0
4
5 13 0 0 0 0 0 1 
0
4
5 13 0 1 0 0 0 1 
0
4
5 13 0 1 0 1 0 1 
0
4
5 13 0 0 0 1 0 1 
0
4
5 13 0 0 0 1 1 1 
0
4
5 13 0 1 0 1 1 1 
0
4
5 13 0 1 0 0 1 1 
0
4
5 13 0 0 0 0 1 1 
0
4
5 13 0 0 0 1 2 1 
0
4
5 13 0 1 0 1 2 1 
0
4
5 13 0 1 0 0 2 1 
0
4
5 13 0 0 0 0 2 1 
0
4
5 15 0 0 0 1 0 0 
0
4
5 15 0 1 0 1 0 0 
0
4
5 15 0 1 0 0 0 0 
0
4
5 15 0 0 0 0 0 0 
0
4
5 15 0 0 0 0 0 1 
0
4
5 15 0 1 0 0 0 1 
0
4
5 15 0 1 0 1 0 1 
0
4
5 15 0 0 0 1 0 1 
0
4
5 15 0 0 0 1 1 1 
0
4
5 15 0 1 0 1 1 1 
0
4
5 15 0 1 0 0 1 1 
0
4
5 15 0 0 0 0 1 1 
0
4
5 15 0 0 0 1 2 1 
0
4
5 15 0 1 0 1 2 1 
0
4
5 15 0 1 0 0 2 1 
0
4
5 15 0 0 0 0 2 1 
0
4
4 7 1 1 0 1 0 0 
0
4
4 7 1 1 0 0 0 0 
0
4
4 7 1 1 0 0 0 1 
0
4
4 7 1 1 0 1 0 1 
0
4
4 7 1 1 0 1 1 1 
0
4
4 7 1 1 0 0 1 1 
0
4
4 7 1 1 0 1 2 1 
0
4
4 7 1 1 0 0 2 1 
0
4
4 7 0 0 1 1 0 0 
0
4
4 7 0 1 1 1 0 0 
0
4
4 7 0 1 1 1 0 1 
0
4
4 7 0 0 1 1 0 1 
0
4
4 7 0 0 1 1 1 1 
0
4
4 7 0 1 1 1 1 1 
0
4
4 7 0 0 1 1 2 1 
0
4
4 7 0 1 1 1 2 1 
0
4
4 7 0 0 0 1 3 1 
0
4
4 7 0 1 0 1 3 1 
0
4
4 7 0 1 0 0 3 1 
0
4
4 7 0 0 0 0 3 1 
0
4
4 7 0 0 0 1 3 3 
0
4
4 7 0 1 0 1 3 3 
0
4
4 7 0 1 0 0 3 3 
0
4
4 7 0 0 0 0 3 3 
0
4
0 1 1 1 0 1 7 13 
0
4
0 0 1 1 0 1 7 13 
0
4
0 0 1 1 0 0 7 13 
0
4
0 1 1 1 0 0 7 13 
0
4
0 1 0 0 1 1 7 13 
0
4
0 0 0 0 1 1 7 13 
0
4
0 0 0 1 1 1 7 13 
0
4
0 1 0 1 1 1 7 13 
0
4
0 1 0 0 0 1 8 25 
0
4
0 0 0 0 0 1 8 25 
0
4
0 0 0 1 0 1 8 25 
0
4
0 1 0 1 0 1 8 25 
0
4
0 1 0 1 0 0 8 25 
0
4
0 0 0 1 0 0 8 25 
0
4
0 0 0 0 0 0 8 25 
0
4
0 1 0 0 0 0 8 25 
0
4
0 1 0 0 0 1 8 27 
0
4
0 0 0 0 0 1 8 27 
0
4
0 0 0 1 0 1 8 27 
0
4
0 1 0 1 0 1 8 27 
0
4
0 1 0 1 0 0 8 27 
0
4
0 0 0 1 0 0 8 27 
0
4
0 0 0 0 0 0 8 27 
0
4
0 1 0 0 0 0 8 27 
0
4
3 5 0 0 0 1 7 13 
0
4
3 5 0 1 0 1 7 13 
0
4
3 5 0 1 0 0 7 13 
0
4
3 5 0 0 0 0 7 13 
0
4
3 7 0 0 0 1 7 13 
0
4
3 7 0 1 0 1 7 13 
0
4
3 7 0 1 0 0 7 13 
0
4
3 7 0 0 0 0 7 13 
0
4
1 1 1 1 0 1 7 13 
0
4
1 1 1 1 0 0 7 13 
0
4
2 3 1 1 0 1 7 13 
0
4
2 3 1 1 0 0 7 13 
0
4
1 1 0 0 1 1 7 13 
0
4
1 1 0 1 1 1 7 13 
0
4
2 3 0 0 1 1 7 13 
0
4
2 3 0 1 1 1 7 13 
0
4
1 1 0 0 0 1 8 25 
0
4
1 1 0 1 0 1 8 25 
0
4
1 1 0 1 0 0 8 25 
0
4
1 1 0 0 0 0 8 25 
0
4
2 3 0 0 0 1 8 25 
0
4
2 3 0 1 0 1 8 25 
0
4
2 3 0 1 0 0 8 25 
0
4
2 3 0 0 0 0 8 25 
0
4
1 1 0 0 0 1 8 27 
0
4
1 1 0 1 0 1 8 27 
0
4
1 1 0 1 0 0 8 27 
0
4
1 1 0 0 0 0 8 27 
0
4
2 3 0 0 0 1 8 27 
1
4
2 3 0 1 0 1 8 27 
1
4
2 3 0 1 0 0 8 27 
1
4
2 3 0 0 0 0 8 27 
1
4
4 5 0 0 0 1 3 1 
1
4
4 5 0 1 0 1 3 1 
1
4
4 5 0 1 0 0 3 1 
1
4
4 5 0 0 0 0 3 1 
1
4
3 3 1 1 0 1 3 1 
0
4
3 3 1 1 0 0 3 1 
0
4
3 3 0 0 1 1 3 1 
0
4
3 3 0 1 1 1 3 1 
0
4
3 3 0 0 0 1 4 3 
0
4
3 3 0 1 0 1 4 3 
0
4
3 3 0 1 0 0 4 3 
0
4
3 3 0 0 0 0 4 3 
0
4
6 25 0 0 0 1 0 0 
0
4
6 25 0 1 0 1 0 0 
0
4
6 25 0 1 0 0 0 0 
0
4
6 25 0 0 0 0 0 0 
0
4
6 25 0 0 0 0 0 1 
0
4
6 25 0 1 0 0 0 1 
0
4
6 25 0 1 0 1 0 1 
0
4
6 25 0 0 0 1 0 1 
0
4
6 25 0 0 0 1 1 1 
0
4
6 25 0 1 0 1 1 1 
0
4
6 25 0 1 0 0 1 1 
0
4
6 25 0 0 0 0 1 1 
0
4
6 25 0 0 0 1 2 1 
0
4
6 25 0 1 0 1 2 1 
0
4
6 25 0 1 0 0 2 1 
0
4
6 25 0 0 0 0 2 1 
0
4
6 27 0 0 0 1 0 0 
0
4
6 27 0 1 0 1 0 0 
0
4
6 27 0 1 0 0 0 0 
0
4
6 27 0 0 0 0 0 0 
0
4
6 27 0 0 0 0 0 1 
0
4
6 27 0 1 0 0 0 1 
0
4
6 27 0 1 0 1 0 1 
0
4
6 27 0 0 0 1 0 1 
0
4
6 27 0 0 0 1 1 1 
0
4
6 27 0 1 0 1 1 1 
0
4
6 27 0 1 0 0 1 1 
0
4
6 27 0 0 0 0 1 1 
0
4
6 27 0 0 0 1 2 1 
0
4
6 27 0 1 0 1 2 1 
0
4
6 27 0 1 0 0 2 1 
0
4
6 27 0 0 0 0 2 1 
0
4
5 13 1 1 0 1 0 0 
0
4
5 13 1 1 0 0 0 0 
0
4
5 13 1 1 0 0 0 1 
0
4
5 13 1 1 0 1 0 1 
0
4
5 13 1 1 0 1 1 1 
0
4
5 13 1 1 0 0 1 1 
0
4
5 13 1 1 0 1 2 1 
0
4
5 13 1 1 0 0 2 1 
0
4
5 13 0 0 1 1 0 0 
0
4
5 13 0 1 1 1 0 0 
0
4
5 13 0 1 1 1 0 1 
0
4
5 13 0 0 1 1 0 1 
0
4
5 13 0 0 1 1 1 1 
0
4
5 13 0 1 1 1 1 1 
0
4
5 13 0 0 1 1 2 1 
0
4
5 13 0 1 1 1 2 1 
0
4
5 13 0 0 0 1 3 1 
0
4
5 13 0 1 0 1 3 1 
0
4
5 13 0 1 0 0 3 1 
0
4
5 13 0 0 0 0 3 1 
0
4
5 13 0 0 0 1 3 3 
1
4
5 13 0 1 0 1 3 3 
1
4
5 13 0 1 0 0 3 3 
1
4
5 13 0 0 0 0 3 3 
1
4
5 29 0 0 0 1 4 1 
0
4
5 29 0 1 0 1 4 1 
0
4
5 29 0 1 0 0 4 1 
0
4
5 29 0 0 0 0 4 1 
0
4
5 31 0 0 0 1 4 1 
0
4
5 31 0 1 0 1 4 1 
0
4
5 31 0 1 0 0 4 1 
0
4
5 31 0 0 0 0 4 1 
0
4
4 15 1 1 0 1 4 1 
0
4
4 15 1 1 0 0 4 1 
0
4
4 15 0 0 1 1 4 1 
0
4
4 15 0 1 1 1 4 1 
0
4
4 15 0 0 0 1 5 3 
0
4
4 15 0 1 0 1 5 3 
0
4
4 15 0 1 0 0 5 3 
0
4
4 15 0 0 0 0 5 3 
0
4
1 1 0 1 0 0 7 5 
0
4
1 1 0 0 0 0 7 5 
0
4
1 1 0 0 0 1 7 5 
0
4
1 1 0 1 0 1 7 5 
0
4
0 0 1 1 0 0 7 5 
0
4
0 1 1 1 0 0 7 5 
0
4
0 1 1 1 0 1 7 5 
0
4
0 0 1 1 0 1 7 5 
0
4
0 0 0 1 1 1 7 5 
0
4
0 1 0 1 1 1 7 5 
0
4
0 1 0 0 1 1 7 5 
0
4
0 0 0 0 1 1 7 5 
0
4
0 0 0 1 0 0 8 9 
0
4
0 1 0 1 0 0 8 9 
0
4
0 1 0 0 0 0 8 9 
0
4
0 0 0 0 0 0 8 9 
0
4
0 0 0 0 0 1 8 9 
0
4
0 1 0 0 0 1 8 9 
0
4
0 1 0 1 0 1 8 9 
0
4
0 0 0 1 0 1 8 9 
0
4
0 0 0 1 0 0 8 11 
1
4
0 1 0 1 0 0 8 11 
1
4
0 1 0 0 0 0 8 11 
1
4
0 0 0 0 0 0 8 11 
1
4
0 0 0 0 0 1 8 11 
1
4
0 1 0 0 0 1 8 11 
1
4
0 1 0 1 0 1 8 11 
1
4
0 0 0 1 0 1 8 11 
1
4
5 15 0 0 0 1 3 1 
1
4
5 15 0 1 0 1 3 1 
1
4
5 15 0 1 0 0 3 1 
1
4
5 15 0 0 0 0 3 1 
1
4
4 7 1 1 0 1 3 1 
0
4
4 7 1 1 0 0 3 1 
0
4
4 7 0 0 1 1 3 1 
0
4
4 7 0 1 1 1 3 1 
0
4
4 7 0 0 0 1 4 1 
0
4
4 7 0 1 0 1 4 1 
0
4
4 7 0 1 0 0 4 1 
0
4
4 7 0 0 0 0 4 1 
0
4
4 7 0 0 0 1 4 3 
0
4
4 7 0 1 0 1 4 3 
0
4
4 7 0 1 0 0 4 3 
0
4
4 7 0 0 0 0 4 3 
0
4
0 1 1 1 0 0 8 25 
0
4
0 0 1 1 0 0 8 25 
0
4
0 0 1 1 0 1 8 25 
0
4
0 1 1 1 0 1 8 25 
0
4
0 1 0 0 1 1 8 25 
0
4
0 0 0 0 1 1 8 25 
0
4
0 0 0 1 1 1 8 25 
0
4
0 1 0 1 1 1 8 25 
0
4
0 1 0 0 0 0 9 49 
0
4
0 0 0 0 0 0 9 49 
0
4
0 0 0 1 0 0 9 49 
0
4
0 1 0 1 0 0 9 49 
0
4
0 1 0 1 0 1 9 49 
0
4
0 0 0 1 0 1 9 49 
0
4
0 0 0 0 0 1 9 49 
0
4
0 1 0 0 0 1 9 49 
0
4
0 1 0 0 0 0 9 51 
0
4
0 0 0 0 0 0 9 51 
0
4
0 0 0 1 0 0 9 51 
0
4
0 1 0 1 0 0 9 51 
0
4
0 1 0 1 0 1 9 51 
0
4
0 0 0 1 0 1 9 51 
0
4
0 0 0 0 0 1 9 51 
0
4
0 1 0 0 0 1 9 51 
0
4
3 5 0 0 0 0 8 25 
0
4
3 5 0 1 0 0 8 25 
0
4
3 5 0 1 0 1 8 25 
0
4
3 5 0 0 0 1 8 25 
0
4
3 7 0 0 0 0 8 25 
0
4
3 7 0 1 0 0 8 25 
0
4
3 7 0 1 0 1 8 25 
0
4
3 7 0 0 0 1 8 25 
0
4
1 1 1 1 0 0 8 25 
0
4
1 1 1 1 0 1 8 25 
0
4
2 3 1 1 0 0 8 25 
0
4
2 3 1 1 0 1 8 25 
0
4
1 1 0 0 1 1 8 25 
0
4
1 1 0 1 1 1 8 25 
0
4
2 3 0 0 1 1 8 25 
0
4
2 3 0 1 1 1 8 25 
0
4
1 1 0 0 0 0 9 49 
0
4
1 1 0 1 0 0 9 49 
0
4
1 1 0 1 0 1 9 49 
0
4
1 1 0 0 0 1 9 49 
0
4
2 3 0 0 0 0 9 49 
0
4
2 3 0 1 0 0 9 49 
0
4
2 3 0 1 0 1 9 49 
0
4
2 3 0 0 0 1 9 49 
0
4
1 1 0 0 0 0 9 51 
0
4
1 1 0 1 0 0 9 51 
0
4
1 1 0 1 0 1 9 51 
0
4
1 1 0 0 0 1 9 51 
0
4
2 3 0 0 0 0 9 51 
0
4
2 3 0 1 0 0 9 51 
0
4
2 3 0 1 0 1 9 51 
0
4
2 3 0 0 0 1 9 51 
0
4
4 15 0 0 0 0 3 3 
0
4
4 15 0 1 0 0 3 3 
0
4
4 15 0 1 0 1 3 3 
0
4
4 15 0 0 0 1 3 3 
0
4
5 29 0 0 0 0 5 1 
1
4
5 29 0 1 0 0 5 1 
1
4
5 29 0 1 0 1 5 1 
1
4
5 29 0 0 0 1 5 1 
1
4
5 31 0 0 0 0 5 1 
0
4
5 31 0 1 0 0 5 1 
0
4
5 31 0 1 0 1 5 1 
0
4
5 31 0 0 0 1 5 1 
0
4
4 15 1 1 0 0 5 1 
0
4
4 15 1 1 0 1 5 1 
0
4
4 15 0 0 1 1 5 1 
0
4
4 15 0 1 1 1 5 1 
0
4
4 15 0 0 0 0 6 1 
0
4
4 15 0 1 0 0 6 1 
0
4
4 15 0 1 0 1 6 1 
0
4
4 15 0 0 0 1 6 1 
0
4
4 15 0 0 0 0 6 3 
0
4
4 15 0 1 0 0 6 3 
0
4
4 15 0 1 0 1 6 3 
0
4
4 15 0 0 0 1 6 3 
0
4
4 1 0 0 0 1 3 1 
1
4
4 1 0 1 0 1 3 1 
1
4
4 1 0 1 0 0 3 1 
1
4
4 1 0 0 0 0 3 1 
1
4
4 3 0 0 0 1 3 1 
1
4
4 3 0 1 0 1 3 1 
1
4
4 3 0 1 0 0 3 1 
1
4
4 3 0 0 0 0 3 1 
1
4
3 1 1 1 0 1 3 1 
1
4
3 1 1 1 0 0 3 1 
1
4
3 1 0 0 1 1 3 1 
1
4
3 1 0 1 1 1 3 1 
1
4
3 1 0 0 0 1 4 3 
1
4
3 1 0 1 0 1 4 3 
1
4
3 1 0 1 0 0 4 3 
1
4
3 1 0 0 0 0 4 3 
1
4
5 29 0 0 0 1 5 3 
1
4
5 29 0 1 0 1 5 3 
1
4
5 29 0 1 0 0 5 3 
1
4
5 29 0 0 0 0 5 3 
1
4
5 31 0 0 0 1 5 3 
0
4
5 31 0 1 0 1 5 3 
0
4
5 31 0 1 0 0 5 3 
0
4
5 31 0 0 0 0 5 3 
0
4
3 7 1 1 0 1 5 3 
0
4
3 7 1 1 0 0 5 3 
0
4
4 15 1 1 0 1 5 3 
0
4
4 15 1 1 0 0 5 3 
0
4
3 7 0 0 1 1 5 3 
0
4
3 7 0 1 1 1 5 3 
0
4
4 15 0 0 1 1 5 3 
0
4
4 15 0 1 1 1 5 3 
0
4
3 7 0 0 0 1 6 5 
0
4
3 7 0 1 0 1 6 5 
0
4
3 7 0 1 0 0 6 5 
0
4
3 7 0 0 0 0 6 5 
0
4
4 15 0 0 0 1 6 5 
0
4
4 15 0 1 0 1 6 5 
0
4
4 15 0 1 0 0 6 5 
0
4
4 15 0 0 0 0 6 5 
0
4
4 15 0 0 0 1 6 7 
0
4
4 15 0 1 0 1 6 7 
0
4
4 15 0 1 0 0 6 7 
0
4
4 15 0 0 0 0 6 7 
0
4
0 1 1 1 0 1 9 49 
0
4
0 0 1 1 0 1 9 49 
0
4
0 0 1 1 0 0 9 49 
0
4
0 1 1 1 0 0 9 49 
0
4
0 1 0 0 1 1 9 49 
0
4
0 0 0 0 1 1 9 49 
0
4
0 0 0 1 1 1 9 49 
0
4
0 1 0 1 1 1 9 49 
0
4
0 1 0 0 0 1 10 97 
0
4
0 0 0 0 0 1 10 97 
0
4
0 0 0 1 0 1 10 97 
0
4
0 1 0 1 0 1 10 97 
0
4
0 1 0 1 0 0 10 97 
0
4
0 0 0 1 0 0 10 97 
0
4
0 0 0 0 0 0 10 97 
0
4
0 1 0 0 0 0 10 97 
0
4
0 1 0 0 0 1 10 99 
0
4
0 0 0 0 0 1 10 99 
0
4
0 0 0 1 0 1 10 99 
0
4
0 1 0 1 0 1 10 99 
0
4
0 1 0 1 0 0 10 99 
0
4
0 0 0 1 0 0 10 99 
0
4
0 0 0 0 0 0 10 99 
0
4
0 1 0 0 0 0 10 99 
0
4
3 5 0 0 0 0 9 49 
0
4
3 5 0 1 0 0 9 49 
0
4
3 5 0 1 0 1 9 49 
0
4
3 5 0 0 0 1 9 49 
0
4
3 7 0 0 0 0 9 49 
0
4
3 7 0 1 0 0 9 49 
0
4
3 7 0 1 0 1 9 49 
0
4
3 7 0 0 0 1 9 49 
0
4
1 1 1 1 0 0 9 49 
0
4
1 1 1 1 0 1 9 49 
0
4
2 3 1 1 0 0 9 49 
0
4
2 3 1 1 0 1 9 49 
0
4
1 1 0 0 1 1 9 49 
0
4
1 1 0 1 1 1 9 49 
0
4
2 3 0 0 1 1 9 49 
0
4
2 3 0 1 1 1 9 49 
0
4
1 1 0 0 0 0 10 97 
0
4
1 1 0 1 0 0 10 97 
0
4
1 1 0 1 0 1 10 97 
0
4
1 1 0 0 0 1 10 97 
0
4
2 3 0 0 0 0 10 97 
1
4
2 3 0 1 0 0 10 97 
1
4
2 3 0 1 0 1 10 97 
1
4
2 3 0 0 0 1 10 97 
1
4
1 1 0 0 0 0 10 99 
0
4
1 1 0 1 0 0 10 99 
0
4
1 1 0 1 0 1 10 99 
0
4
1 1 0 0 0 1 10 99 
0
4
2 3 0 0 0 0 10 99 
0
4
2 3 0 1 0 0 10 99 
0
4
2 3 0 1 0 1 10 99 
0
4
2 3 0 0 0 1 10 99 
0
4
6 25 0 0 0 1 3 1 
1
4
6 25 0 1 0 1 3 1 
1
4
6 25 0 1 0 0 3 1 
1
4
6 25 0 0 0 0 3 1 
1
4
6 27 0 0 0 1 3 1 
1
4
6 27 0 1 0 1 3 1 
1
4
6 27 0 1 0 0 3 1 
1
4
6 27 0 0 0 0 3 1 
1
4
5 13 1 1 0 1 3 1 
1
4
5 13 1 1 0 0 3 1 
1
4
5 13 0 0 1 1 3 1 
1
4
5 13 0 1 1 1 3 1 
1
4
5 13 0 0 0 1 4 1 
1
4
5 13 0 1 0 1 4 1 
1
4
5 13 0 1 0 0 4 1 
1
4
5 13 0 0 0 0 4 1 
1
4
5 13 0 0 0 1 4 3 
1
4
5 13 0 1 0 1 4 3 
1
4
5 13 0 1 0 0 4 3 
1
4
5 13 0 0 0 0 4 3 
1
4
3 5 0 0 0 0 6 1 
1
4
3 5 0 1 0 0 6 1 
1
4
3 5 0 1 0 1 6 1 
1
4
3 5 0 0 0 1 6 1 
1
4
1 1 1 1 0 0 6 1 
0
4
1 1 1 1 0 1 6 1 
0
4
2 3 1 1 0 0 6 1 
1
4
2 3 1 1 0 1 6 1 
1
4
1 1 0 0 1 1 6 1 
0
4
1 1 0 1 1 1 6 1 
0
4
2 3 0 0 1 1 6 1 
1
4
2 3 0 1 1 1 6 1 
1
4
1 1 0 0 0 0 7 1 
0
4
1 1 0 1 0 0 7 1 
0
4
1 1 0 1 0 1 7 1 
0
4
1 1 0 0 0 1 7 1 
0
4
2 3 0 0 0 0 7 1 
1
4
2 3 0 1 0 0 7 1 
1
4
2 3 0 1 0 1 7 1 
1
4
2 3 0 0 0 1 7 1 
1
4
1 1 0 0 0 0 7 3 
0
4
1 1 0 1 0 0 7 3 
0
4
1 1 0 1 0 1 7 3 
0
4
1 1 0 0 0 1 7 3 
0
4
2 3 0 0 0 0 7 3 
1
4
2 3 0 1 0 0 7 3 
1
4
2 3 0 1 0 1 7 3 
1
4
2 3 0 0 0 1 7 3 
1
4
3 5 0 0 0 0 6 3 
1
4
3 5 0 1 0 0 6 3 
1
4
3 5 0 1 0 1 6 3 
1
4
3 5 0 0 0 1 6 3 
1
4
1 1 1 1 0 0 6 3 
0
4
1 1 1 1 0 1 6 3 
0
4
2 3 1 1 0 0 6 3 
1
4
2 3 1 1 0 1 6 3 
1
4
1 1 0 0 1 1 6 3 
0
4
1 1 0 1 1 1 6 3 
0
4
2 3 0 0 1 1 6 3 
1
4
2 3 0 1 1 1 6 3 
1
4
2 3 0 0 0 0 7 5 
1
4
2 3 0 1 0 0 7 5 
1
4
2 3 0 1 0 1 7 5 
1
4
2 3 0 0 0 1 7 5 
1
4
1 1 0 0 0 0 7 7 
0
4
1 1 0 1 0 0 7 7 
0
4
1 1 0 1 0 1 7 7 
0
4
1 1 0 0 0 1 7 7 
0
4
2 3 0 0 0 0 7 7 
1
4
2 3 0 1 0 0 7 7 
1
4
2 3 0 1 0 1 7 7 
1
4
2 3 0 0 0 1 7 7 
1
4
6 61 0 0 0 0 0 0 
0
4
6 61 0 1 0 0 0 0 
0
4
6 61 0 1 0 1 0 0 
0
4
6 61 0 0 0 1 0 0 
0
4
6 61 0 0 0 1 0 1 
0
4
6 61 0 1 0 1 0 1 
0
4
6 61 0 1 0 0 0 1 
0
4
6 61 0 0 0 0 0 1 
0
4
6 61 0 0 0 0 1 1 
0
4
6 61 0 1 0 0 1 1 
0
4
6 61 0 1 0 1 1 1 
0
4
6 61 0 0 0 1 1 1 
0
4
6 61 0 0 0 0 2 1 
0
4
6 61 0 1 0 0 2 1 
0
4
6 61 0 1 0 1 2 1 
0
4
6 61 0 0 0 1 2 1 
0
4
6 61 0 0 0 0 3 1 
0
4
6 61 0 1 0 0 3 1 
0
4
6 61 0 1 0 1 3 1 
0
4
6 61 0 0 0 1 3 1 
0
4
6 61 0 0 0 0 4 1 
0
4
6 61 0 1 0 0 4 1 
0
4
6 61 0 1 0 1 4 1 
0
4
6 61 0 0 0 1 4 1 
0
4
6 61 0 0 0 0 5 1 
1
4
6 61 0 1 0 0 5 1 
1
4
6 61 0 1 0 1 5 1 
1
4
6 61 0 0 0 1 5 1 
1
4
6 63 0 0 0 0 0 0 
0
4
6 63 0 1 0 0 0 0 
0
4
6 63 0 1 0 1 0 0 
0
4
6 63 0 0 0 1 0 0 
0
4
6 63 0 0 0 1 0 1 
0
4
6 63 0 1 0 1 0 1 
0
4
6 63 0 1 0 0 0 1 
0
4
6 63 0 0 0 0 0 1 
0
4
6 63 0 0 0 0 1 1 
0
4
6 63 0 1 0 0 1 1 
0
4
6 63 0 1 0 1 1 1 
0
4
6 63 0 0 0 1 1 1 
0
4
6 63 0 0 0 0 2 1 
0
4
6 63 0 1 0 0 2 1 
0
4
6 63 0 1 0 1 2 1 
0
4
6 63 0 0 0 1 2 1 
0
4
6 63 0 0 0 0 3 1 
0
4
6 63 0 1 0 0 3 1 
0
4
6 63 0 1 0 1 3 1 
0
4
6 63 0 0 0 1 3 1 
0
4
6 63 0 0 0 0 4 1 
0
4
6 63 0 1 0 0 4 1 
0
4
6 63 0 1 0 1 4 1 
0
4
6 63 0 0 0 1 4 1 
0
4
6 63 0 0 0 0 5 1 
0
4
6 63 0 1 0 0 5 1 
0
4
6 63 0 1 0 1 5 1 
0
4
6 63 0 0 0 1 5 1 
0
4
5 31 1 1 0 0 0 0 
0
4
5 31 1 1 0 1 0 0 
0
4
5 31 1 1 0 1 0 1 
0
4
5 31 1 1 0 0 0 1 
0
4
5 31 1 1 0 0 1 1 
0
4
5 31 1 1 0 1 1 1 
0
4
5 31 1 1 0 0 2 1 
0
4
5 31 1 1 0 1 2 1 
0
4
5 31 1 1 0 0 3 1 
0
4
5 31 1 1 0 1 3 1 
0
4
5 31 1 1 0 0 4 1 
0
4
5 31 1 1 0 1 4 1 
0
4
5 31 1 1 0 0 5 1 
0
4
5 31 1 1 0 1 5 1 
0
4
5 31 0 0 1 1 0 0 
0
4
5 31 0 1 1 1 0 0 
0
4
5 31 0 1 1 1 0 1 
0
4
5 31 0 0 1 1 0 1 
0
4
5 31 0 0 1 1 1 1 
0
4
5 31 0 1 1 1 1 1 
0
4
5 31 0 0 1 1 2 1 
0
4
5 31 0 1 1 1 2 1 
0
4
5 31 0 0 1 1 3 1 
0
4
5 31 0 1 1 1 3 1 
0
4
5 31 0 0 1 1 4 1 
0
4
5 31 0 1 1 1 4 1 
0
4
5 31 0 0 1 1 5 1 
0
4
5 31 0 1 1 1 5 1 
0
4
5 31 0 0 0 0 6 1 
0
4
5 31 0 1 0 0 6 1 
0
4
5 31 0 1 0 1 6 1 
0
4
5 31 0 0 0 1 6 1 
0
4
5 31 0 0 0 0 6 3 
0
4
5 31 0 1 0 0 6 3 
0
4
5 31 0 1 0 1 6 3 
0
4
5 31 0 0 0 1 6 3 
0
4
3 5 0 0 0 0 9 51 
1
4
3 5 0 1 0 0 9 51 
1
4
3 5 0 1 0 1 9 51 
1
4
3 5 0 0 0 1 9 51 
1
4
3 7 0 0 0 0 9 51 
1
4
3 7 0 1 0 0 9 51 
1
4
3 7 0 1 0 1 9 51 
1
4
3 7 0 0 0 1 9 51 
1
4
0 0 1 1 0 0 9 51 
0
4
0 1 1 1 0 0 9 51 
0
4
0 1 1 1 0 1 9 51 
0
4
0 0 1 1 0 1 9 51 
0
4
1 1 1 1 0 0 9 51 
0
4
1 1 1 1 0 1 9 51 
0
4
2 3 1 1 0 0 9 51 
1
4
2 3 1 1 0 1 9 51 
1
4
0 0 0 0 1 1 9 51 
0
4
0 1 0 0 1 1 9 51 
0
4
0 1 0 1 1 1 9 51 
0
4
0 0 0 1 1 1 9 51 
0
4
1 1 0 0 1 1 9 51 
0
4
1 1 0 1 1 1 9 51 
0
4
2 3 0 0 1 1 9 51 
1
4
2 3 0 1 1 1 9 51 
1
4
0 0 0 0 0 0 10 101 
0
4
0 1 0 0 0 0 10 101 
0
4
0 1 0 1 0 0 10 101 
0
4
0 0 0 1 0 0 10 101 
0
4
0 0 0 1 0 1 10 101 
0
4
0 1 0 1 0 1 10 101 
0
4
0 1 0 0 0 1 10 101 
0
4
0 0 0 0 0 1 10 101 
0
4
1 1 0 0 0 0 10 101 
0
4
1 1 0 1 0 0 10 101 
0
4
1 1 0 1 0 1 10 101 
0
4
1 1 0 0 0 1 10 101 
0
4
2 3 0 0 0 0 10 101 
1
4
2 3 0 1 0 0 10 101 
1
4
2 3 0 1 0 1 10 101 
1
4
2 3 0 0 0 1 10 101 
1
4
0 0 0 0 0 0 10 103 
0
4
0 1 0 0 0 0 10 103 
0
4
0 1 0 1 0 0 10 103 
0
4
0 0 0 1 0 0 10 103 
0
4
0 0 0 1 0 1 10 103 
0
4
0 1 0 1 0 1 10 103 
0
4
0 1 0 0 0 1 10 103 
0
4
0 0 0 0 0 1 10 103 
0
4
1 1 0 0 0 0 10 103 
0
4
1 1 0 1 0 0 10 103 
0
4
1 1 0 1 0 1 10 103 
0
4
1 1 0 0 0 1 10 103 
0
4
2 3 0 0 0 0 10 103 
1
4
2 3 0 1 0 0 10 103 
1
4
2 3 0 1 0 1 10 103 
1
4
2 3 0 0 0 1 10 103 
1
4
3 5 0 0 0 1 10 99 
0
4
3 5 0 1 0 1 10 99 
0
4
3 5 0 1 0 0 10 99 
0
4
3 5 0 0 0 0 10 99 
0
4
3 7 0 0 0 1 10 99 
0
4
3 7 0 1 0 1 10 99 
0
4
3 7 0 1 0 0 10 99 
0
4
3 7 0 0 0 0 10 99 
0
4
0 0 1 1 0 1 10 99 
0
4
0 1 1 1 0 1 10 99 
0
4
0 1 1 1 0 0 10 99 
0
4
0 0 1 1 0 0 10 99 
0
4
1 1 1 1 0 1 10 99 
0
4
1 1 1 1 0 0 10 99 
0
4
2 3 1 1 0 1 10 99 
0
4
2 3 1 1 0 0 10 99 
0
4
0 0 0 0 1 1 10 99 
0
4
0 1 0 0 1 1 10 99 
0
4
0 1 0 1 1 1 10 99 
0
4
0 0 0 1 1 1 10 99 
0
4
1 1 0 0 1 1 10 99 
0
4
1 1 0 1 1 1 10 99 
0
4
2 3 0 0 1 1 10 99 
0
4
2 3 0 1 1 1 10 99 
0
4
0 0 0 0 0 1 11 197 
0
4
0 1 0 0 0 1 11 197 
0
4
0 1 0 1 0 1 11 197 
0
4
0 0 0 1 0 1 11 197 
0
4
0 0 0 1 0 0 11 197 
0
4
0 1 0 1 0 0 11 197 
0
4
0 1 0 0 0 0 11 197 
0
4
0 0 0 0 0 0 11 197 
0
4
1 1 0 0 0 1 11 197 
0
4
1 1 0 1 0 1 11 197 
0
4
1 1 0 1 0 0 11 197 
0
4
1 1 0 0 0 0 11 197 
0
4
2 3 0 0 0 1 11 197 
1
4
2 3 0 1 0 1 11 197 
1
4
2 3 0 1 0 0 11 197 
1
4
2 3 0 0 0 0 11 197 
1
4
0 0 0 0 0 1 11 199 
0
4
0 1 0 0 0 1 11 199 
0
4
0 1 0 1 0 1 11 199 
0
4
0 0 0 1 0 1 11 199 
0
4
0 0 0 1 0 0 11 199 
0
4
0 1 0 1 0 0 11 199 
0
4
0 1 0 0 0 0 11 199 
0
4
0 0 0 0 0 0 11 199 
0
4
1 1 0 0 0 1 11 199 
0
4
1 1 0 1 0 1 11 199 
0
4
1 1 0 1 0 0 11 199 
0
4
1 1 0 0 0 0 11 199 
0
4
2 3 0 0 0 1 11 199 
0
4
2 3 0 1 0 1 11 199 
0
4
2 3 0 1 0 0 11 199 
0
4
2 3 0 0 0 0 11 199 
0
4
4 13 0 0 0 0 5 3 
1
4
4 13 0 1 0 0 5 3 
1
4
4 13 0 1 0 1 5 3 
1
4
4 13 0 0 0 1 5 3 
1
4
1 1 0 0 0 0 8 9 
1
4
1 1 0 1 0 0 8 9 
1
4
1 1 0 1 0 1 8 9 
1
4
1 1 0 0 0 1 8 9 
1
4
0 0 1 1 0 0 8 9 
1
4
0 1 1 1 0 0 8 9 
1
4
0 1 1 1 0 1 8 9 
1
4
0 0 1 1 0 1 8 9 
1
4
0 0 0 0 1 1 8 9 
1
4
0 1 0 0 1 1 8 9 
1
4
0 1 0 1 1 1 8 9 
1
4
0 0 0 1 1 1 8 9 
1
4
0 0 0 0 0 0 9 17 
1
4
0 1 0 0 0 0 9 17 
1
4
0 1 0 1 0 0 9 17 
1
4
0 0 0 1 0 0 9 17 
1
4
0 0 0 1 0 1 9 17 
1
4
0 1 0 1 0 1 9 17 
1
4
0 1 0 0 0 1 9 17 
1
4
0 0 0 0 0 1 9 17 
1
4
0 0 0 0 0 0 9 19 
1
4
0 1 0 0 0 0 9 19 
1
4
0 1 0 1 0 0 9 19 
1
4
0 0 0 1 0 0 9 19 
1
4
0 0 0 1 0 1 9 19 
1
4
0 1 0 1 0 1 9 19 
1
4
0 1 0 0 0 1 9 19 
1
4
0 0 0 0 0 1 9 19 
1
4
3 1 0 0 0 0 5 1 
1
4
3 1 0 1 0 0 5 1 
1
4
3 1 0 1 0 1 5 1 
1
4
3 1 0 0 0 1 5 1 
1
4
3 3 0 0 0 0 5 1 
1
4
3 3 0 1 0 0 5 1 
1
4
3 3 0 1 0 1 5 1 
1
4
3 3 0 0 0 1 5 1 
1
4
2 1 1 1 0 0 5 1 
1
4
2 1 1 1 0 1 5 1 
1
4
2 1 0 0 1 1 5 1 
1
4
2 1 0 1 1 1 5 1 
1
4
2 1 0 0 0 0 6 1 
1
4
2 1 0 1 0 0 6 1 
1
4
2 1 0 1 0 1 6 1 
1
4
2 1 0 0 0 1 6 1 
1
4
2 1 0 0 0 0 6 3 
1
4
2 1 0 1 0 0 6 3 
1
4
2 1 0 1 0 1 6 3 
1
4
2 1 0 0 0 1 6 3 
1
4
4 9 0 0 0 0 0 0 
0
4
4 9 0 1 0 0 0 0 
0
4
4 9 0 1 0 1 0 0 
0
4
4 9 0 0 0 1 0 0 
0
4
4 9 0 0 0 1 0 1 
0
4
4 9 0 1 0 1 0 1 
0
4
4 9 0 1 0 0 0 1 
0
4
4 9 0 0 0 0 0 1 
0
4
4 9 0 0 0 0 1 1 
0
4
4 9 0 1 0 0 1 1 
0
4
4 9 0 1 0 1 1 1 
0
4
4 9 0 0 0 1 1 1 
0
4
4 9 0 0 0 0 2 1 
1
4
4 9 0 1 0 0 2 1 
1
4
4 9 0 1 0 1 2 1 
1
4
4 9 0 0 0 1 2 1 
1
4
4 11 0 0 0 0 0 0 
0
4
4 11 0 1 0 0 0 0 
0
4
4 11 0 1 0 1 0 0 
0
4
4 11 0 0 0 1 0 0 
0
4
4 11 0 0 0 1 0 1 
0
4
4 11 0 1 0 1 0 1 
0
4
4 11 0 1 0 0 0 1 
0
4
4 11 0 0 0 0 0 1 
0
4
4 11 0 0 0 0 1 1 
0
4
4 11 0 1 0 0 1 1 
0
4
4 11 0 1 0 1 1 1 
0
4
4 11 0 0 0 1 1 1 
0
4
4 11 0 0 0 0 2 1 
1
4
4 11 0 1 0 0 2 1 
1
4
4 11 0 1 0 1 2 1 
1
4
4 11 0 0 0 1 2 1 
1
4
3 5 1 1 0 0 0 0 
0
4
3 5 1 1 0 1 0 0 
0
4
3 5 1 1 0 1 0 1 
0
4
3 5 1 1 0 0 0 1 
0
4
3 5 1 1 0 0 1 1 
0
4
3 5 1 1 0 1 1 1 
0
4
3 5 1 1 0 0 2 1 
1
4
3 5 1 1 0 1 2 1 
1
4
3 5 0 0 1 1 0 0 
0
4
3 5 0 1 1 1 0 0 
0
4
3 5 0 1 1 1 0 1 
0
4
3 5 0 0 1 1 0 1 
0
4
3 5 0 0 1 1 1 1 
0
4
3 5 0 1 1 1 1 1 
0
4
3 5 0 0 1 1 2 1 
1
4
3 5 0 1 1 1 2 1 
1
4
3 5 0 0 0 0 3 3 
1
4
3 5 0 1 0 0 3 3 
1
4
3 5 0 1 0 1 3 3 
1
4
3 5 0 0 0 1 3 3 
1
4
6 61 0 0 0 0 5 3 
1
4
6 61 0 1 0 0 5 3 
1
4
6 61 0 1 0 1 5 3 
1
4
6 61 0 0 0 1 5 3 
1
4
6 63 0 0 0 0 5 3 
0
4
6 63 0 1 0 0 5 3 
0
4
6 63 0 1 0 1 5 3 
0
4
6 63 0 0 0 1 5 3 
0
4
5 31 1 1 0 0 5 3 
0
4
5 31 1 1 0 1 5 3 
0
4
5 31 0 0 1 1 5 3 
0
4
5 31 0 1 1 1 5 3 
0
4
5 31 0 0 0 0 6 5 
0
4
5 31 0 1 0 0 6 5 
0
4
5 31 0 1 0 1 6 5 
0
4
5 31 0 0 0 1 6 5 
0
4
5 31 0 0 0 0 6 7 
0
4
5 31 0 1 0 0 6 7 
0
4
5 31 0 1 0 1 6 7 
0
4
5 31 0 0 0 1 6 7 
0
4
0 1 1 1 0 0 6 5 
1
4
0 0 1 1 0 0 6 5 
1
4
0 0 1 1 0 1 6 5 
1
4
0 1 1 1 0 1 6 5 
1
4
0 1 0 0 1 1 6 5 
1
4
0 0 0 0 1 1 6 5 
1
4
0 0 0 1 1 1 6 5 
1
4
0 1 0 1 1 1 6 5 
1
4
0 1 0 0 0 0 7 9 
1
4
0 0 0 0 0 0 7 9 
1
4
0 0 0 1 0 0 7 9 
1
4
0 1 0 1 0 0 7 9 
1
4
0 1 0 1 0 1 7 9 
1
4
0 0 0 1 0 1 7 9 
1
4
0 0 0 0 0 1 7 9 
1
4
0 1 0 0 0 1 7 9 
1
4
0 1 0 0 0 0 7 11 
1
4
0 0 0 0 0 0 7 11 
1
4
0 0 0 1 0 0 7 11 
1
4
0 1 0 1 0 0 7 11 
1
4
0 1 0 1 0 1 7 11 
1
4
0 0 0 1 0 1 7 11 
1
4
0 0 0 0 0 1 7 11 
1
4
0 1 0 0 0 1 7 11 
1
4
3 5 0 0 0 0 11 199 
0
4
3 5 0 1 0 0 11 199 
0
4
3 5 0 1 0 1 11 199 
0
4
3 5 0 0 0 1 11 199 
0
4
3 7 0 0 0 0 11 199 
0
4
3 7 0 1 0 0 11 199 
0
4
3 7 0 1 0 1 11 199 
0
4
3 7 0 0 0 1 11 199 
0
4
0 0 1 1 0 0 11 199 
0
4
0 1 1 1 0 0 11 199 
0
4
0 1 1 1 0 1 11 199 
0
4
0 0 1 1 0 1 11 199 
0
4
1 1 1 1 0 0 11 199 
0
4
1 1 1 1 0 1 11 199 
0
4
2 3 1 1 0 0 11 199 
0
4
2 3 1 1 0 1 11 199 
0
4
0 0 0 0 1 1 11 199 
0
4
0 1 0 0 1 1 11 199 
0
4
0 1 0 1 1 1 11 199 
0
4
0 0 0 1 1 1 11 199 
0
4
1 1 0 0 1 1 11 199 
0
4
1 1 0 1 1 1 11 199 
0
4
2 3 0 0 1 1 11 199 
0
4
2 3 0 1 1 1 11 199 
0
4
0 0 0 0 0 0 12 397 
0
4
0 1 0 0 0 0 12 397 
0
4
0 1 0 1 0 0 12 397 
0
4
0 0 0 1 0 0 12 397 
0
4
0 0 0 1 0 1 12 397 
0
4
0 1 0 1 0 1 12 397 
0
4
0 1 0 0 0 1 12 397 
0
4
0 0 0 0 0 1 12 397 
0
4
1 1 0 0 0 0 12 397 
0
4
1 1 0 1 0 0 12 397 
0
4
1 1 0 1 0 1 12 397 
0
4
1 1 0 0 0 1 12 397 
0
4
2 3 0 0 0 0 12 397 
0
4
2 3 0 1 0 0 12 397 
0
4
2 3 0 1 0 1 12 397 
0
4
2 3 0 0 0 1 12 397 
0
4
0 0 0 0 0 0 12 399 
0
4
0 1 0 0 0 0 12 399 
0
4
0 1 0 1 0 0 12 399 
0
4
0 0 0 1 0 0 12 399 
0
4
0 0 0 1 0 1 12 399 
0
4
0 1 0 1 0 1 12 399 
0
4
0 1 0 0 0 1 12 399 
0
4
0 0 0 0 0 1 12 399 
0
4
1 1 0 0 0 0 12 399 
0
4
1 1 0 1 0 0 12 399 
0
4
1 1 0 1 0 1 12 399 
0
4
1 1 0 0 0 1 12 399 
0
4
2 3 0 0 0 0 12 399 
1
4
2 3 0 1 0 0 12 399 
1
4
2 3 0 1 0 1 12 399 
1
4
2 3 0 0 0 1 12 399 
1
4
3 5 0 0 0 1 12 397 
1
4
3 5 0 1 0 1 12 397 
1
4
3 5 0 1 0 0 12 397 
1
4
3 5 0 0 0 0 12 397 
1
4
3 7 0 0 0 1 12 397 
1
4
3 7 0 1 0 1 12 397 
1
4
3 7 0 1 0 0 12 397 
1
4
3 7 0 0 0 0 12 397 
1
4
0 0 1 1 0 1 12 397 
0
4
0 1 1 1 0 1 12 397 
0
4
0 1 1 1 0 0 12 397 
0
4
0 0 1 1 0 0 12 397 
0
4
1 1 1 1 0 1 12 397 
0
4
1 1 1 1 0 0 12 397 
0
4
2 3 1 1 0 1 12 397 
1
4
2 3 1 1 0 0 12 397 
1
4
0 0 0 0 1 1 12 397 
0
4
0 1 0 0 1 1 12 397 
0
4
0 1 0 1 1 1 12 397 
0
4
0 0 0 1 1 1 12 397 
0
4
1 1 0 0 1 1 12 397 
0
4
1 1 0 1 1 1 12 397 
0
4
2 3 0 0 1 1 12 397 
1
4
2 3 0 1 1 1 12 397 
1
4
0 0 0 0 0 1 13 793 
0
4
0 1 0 0 0 1 13 793 
0
4
0 1 0 1 0 1 13 793 
0
4
0 0 0 1 0 1 13 793 
0
4
0 0 0 1 0 0 13 793 
0
4
0 1 0 1 0 0 13 793 
0
4
0 1 0 0 0 0 13 793 
0
4
0 0 0 0 0 0 13 793 
0
4
1 1 0 0 0 1 13 793 
0
4
1 1 0 1 0 1 13 793 
0
4
1 1 0 1 0 0 13 793 
0
4
1 1 0 0 0 0 13 793 
0
4
2 3 0 0 0 1 13 793 
1
4
2 3 0 1 0 1 13 793 
1
4
2 3 0 1 0 0 13 793 
1
4
2 3 0 0 0 0 13 793 
1
4
0 0 0 0 0 1 13 795 
0
4
0 1 0 0 0 1 13 795 
0
4
0 1 0 1 0 1 13 795 
0
4
0 0 0 1 0 1 13 795 
0
4
0 0 0 1 0 0 13 795 
0
4
0 1 0 1 0 0 13 795 
0
4
0 1 0 0 0 0 13 795 
0
4
0 0 0 0 0 0 13 795 
0
4
1 1 0 0 0 1 13 795 
0
4
1 1 0 1 0 1 13 795 
0
4
1 1 0 1 0 0 13 795 
0
4
1 1 0 0 0 0 13 795 
0
4
2 3 0 0 0 1 13 795 
1
4
2 3 0 1 0 1 13 795 
1
4
2 3 0 1 0 0 13 795 
1
4
2 3 0 0 0 0 13 795 
1
4
7 125 0 0 0 1 0 0 
0
4
7 125 0 1 0 1 0 0 
0
4
7 125 0 1 0 0 0 0 
0
4
7 125 0 0 0 0 0 0 
0
4
7 125 0 0 0 0 0 1 
0
4
7 125 0 1 0 0 0 1 
0
4
7 125 0 1 0 1 0 1 
0
4
7 125 0 0 0 1 0 1 
0
4
7 125 0 0 0 1 1 1 
0
4
7 125 0 1 0 1 1 1 
0
4
7 125 0 1 0 0 1 1 
0
4
7 125 0 0 0 0 1 1 
0
4
7 125 0 0 0 1 2 1 
0
4
7 125 0 1 0 1 2 1 
0
4
7 125 0 1 0 0 2 1 
0
4
7 125 0 0 0 0 2 1 
0
4
7 127 0 0 0 1 0 0 
0
4
7 127 0 1 0 1 0 0 
0
4
7 127 0 1 0 0 0 0 
0
4
7 127 0 0 0 0 0 0 
0
4
7 127 0 0 0 0 0 1 
0
4
7 127 0 1 0 0 0 1 
0
4
7 127 0 1 0 1 0 1 
0
4
7 127 0 0 0 1 0 1 
0
4
7 127 0 0 0 1 1 1 
0
4
7 127 0 1 0 1 1 1 
0
4
7 127 0 1 0 0 1 1 
0
4
7 127 0 0 0 0 1 1 
0
4
7 127 0 0 0 1 2 1 
0
4
7 127 0 1 0 1 2 1 
0
4
7 127 0 1 0 0 2 1 
0
4
7 127 0 0 0 0 2 1 
0
4
6 63 1 1 0 1 0 0 
0
4
6 63 1 1 0 0 0 0 
0
4
6 63 1 1 0 0 0 1 
0
4
6 63 1 1 0 1 0 1 
0
4
6 63 1 1 0 1 1 1 
0
4
6 63 1 1 0 0 1 1 
0
4
6 63 1 1 0 1 2 1 
0
4
6 63 1 1 0 0 2 1 
0
4
6 63 0 0 1 1 0 0 
0
4
6 63 0 1 1 1 0 0 
0
4
6 63 0 1 1 1 0 1 
0
4
6 63 0 0 1 1 0 1 
0
4
6 63 0 0 1 1 1 1 
0
4
6 63 0 1 1 1 1 1 
0
4
6 63 0 0 1 1 2 1 
0
4
6 63 0 1 1 1 2 1 
0
4
5 31 0 0 0 1 3 3 
0
4
5 31 0 1 0 1 3 3 
0
4
5 31 0 1 0 0 3 3 
0
4
5 31 0 0 0 0 3 3 
0
4
6 63 0 0 0 1 3 3 
1
4
6 63 0 1 0 1 3 3 
1
4
6 63 0 1 0 0 3 3 
1
4
6 63 0 0 0 0 3 3 
1
4
7 125 0 0 0 0 3 1 
0
4
7 125 0 1 0 0 3 1 
0
4
7 125 0 1 0 1 3 1 
0
4
7 125 0 0 0 1 3 1 
0
4
7 125 0 0 0 0 4 1 
0
4
7 125 0 1 0 0 4 1 
0
4
7 125 0 1 0 1 4 1 
0
4
7 125 0 0 0 1 4 1 
0
4
7 125 0 0 0 0 5 3 
1
4
7 125 0 1 0 0 5 3 
1
4
7 125 0 1 0 1 5 3 
1
4
7 125 0 0 0 1 5 3 
1
4
7 127 0 0 0 0 3 1 
0
4
7 127 0 1 0 0 3 1 
0
4
7 127 0 1 0 1 3 1 
0
4
7 127 0 0 0 1 3 1 
0
4
7 127 0 0 0 0 4 1 
0
4
7 127 0 1 0 0 4 1 
0
4
7 127 0 1 0 1 4 1 
0
4
7 127 0 0 0 1 4 1 
0
4
7 127 0 0 0 0 5 3 
1
4
7 127 0 1 0 0 5 3 
1
4
7 127 0 1 0 1 5 3 
1
4
7 127 0 0 0 1 5 3 
1
4
6 63 1 1 0 0 3 1 
0
4
6 63 1 1 0 1 3 1 
0
4
6 63 1 1 0 0 4 1 
0
4
6 63 1 1 0 1 4 1 
0
4
6 63 1 1 0 0 5 3 
1
4
6 63 1 1 0 1 5 3 
1
4
6 63 0 0 1 1 3 1 
0
4
6 63 0 1 1 1 3 1 
0
4
6 63 0 0 1 1 4 1 
0
4
6 63 0 1 1 1 4 1 
0
4
6 63 0 0 1 1 5 3 
1
4
6 63 0 1 1 1 5 3 
1
4
6 63 0 0 0 0 6 5 
1
4
6 63 0 1 0 0 6 5 
1
4
6 63 0 1 0 1 6 5 
1
4
6 63 0 0 0 1 6 5 
1
4
6 63 0 0 0 0 6 7 
1
4
6 63 0 1 0 0 6 7 
1
4
6 63 0 1 0 1 6 7 
1
4
6 63 0 0 0 1 6 7 
1
4
7 125 0 0 0 1 5 1 
1
4
7 125 0 1 0 1 5 1 
1
4
7 125 0 1 0 0 5 1 
1
4
7 125 0 0 0 0 5 1 
1
4
7 127 0 0 0 1 5 1 
1
4
7 127 0 1 0 1 5 1 
1
4
7 127 0 1 0 0 5 1 
1
4
7 127 0 0 0 0 5 1 
1
4
6 63 1 1 0 1 5 1 
1
4
6 63 1 1 0 0 5 1 
1
4
6 63 0 0 1 1 5 1 
1
4
6 63 0 1 1 1 5 1 
1
4
6 63 0 0 0 1 6 1 
1
4
6 63 0 1 0 1 6 1 
1
4
6 63 0 1 0 0 6 1 
1
4
6 63 0 0 0 0 6 1 
1
4
6 63 0 0 0 1 6 3 
1
4
6 63 0 1 0 1 6 3 
1
4
6 63 0 1 0 0 6 3 
1
4
6 63 0 0 0 0 6 3 
1
3
2
