nakBsplineBoundary
9 4 894
0
0.000000e+00 1.000000e+00 0 0 0.000000e+00 1.000000e+00 0 0 0.000000e+00 1.000000e+00 0 0 0.000000e+00 1.000000e+00 0 0 
4
0 0 0 0 0 0 0 0 
0
4
0 1 0 0 0 0 0 0 
0
4
1 1 1 1 1 1 1 1 
0
4
0 0 0 1 0 0 0 0 
0
4
0 1 0 1 0 0 0 0 
0
4
0 0 0 0 0 1 0 0 
0
4
0 1 0 0 0 1 0 0 
0
4
0 0 0 1 0 1 0 0 
0
4
0 1 0 1 0 1 0 0 
0
4
0 0 0 0 0 0 0 1 
0
4
0 1 0 0 0 0 0 1 
0
4
0 0 0 1 0 0 0 1 
0
4
0 1 0 1 0 0 0 1 
0
4
0 0 0 0 0 1 0 1 
0
4
0 1 0 0 0 1 0 1 
0
4
0 0 0 1 0 1 0 1 
0
4
0 1 0 1 0 1 0 1 
0
4
1 1 0 0 0 0 0 0 
0
4
1 1 0 1 0 0 0 0 
0
4
1 1 0 1 0 1 0 0 
0
4
1 1 0 0 0 1 0 0 
0
4
1 1 0 0 0 1 0 1 
0
4
1 1 0 1 0 1 0 1 
0
4
1 1 0 1 0 0 0 1 
0
4
1 1 0 0 0 0 0 1 
0
4
0 0 1 1 0 0 0 0 
0
4
0 1 1 1 0 0 0 0 
0
4
0 1 1 1 0 1 0 0 
0
4
0 0 1 1 0 1 0 0 
0
4
0 0 1 1 0 1 0 1 
0
4
0 1 1 1 0 1 0 1 
0
4
0 1 1 1 0 0 0 1 
0
4
0 0 1 1 0 0 0 1 
0
4
0 0 0 0 1 1 0 0 
0
4
0 1 0 0 1 1 0 0 
0
4
0 1 0 1 1 1 0 0 
0
4
0 0 0 1 1 1 0 0 
0
4
0 0 0 1 1 1 0 1 
0
4
0 1 0 1 1 1 0 1 
0
4
0 1 0 0 1 1 0 1 
0
4
0 0 0 0 1 1 0 1 
0
4
0 0 0 0 0 0 1 1 
0
4
0 1 0 0 0 0 1 1 
0
4
0 1 0 1 0 0 1 1 
0
4
0 0 0 1 0 0 1 1 
0
4
0 0 0 1 0 1 1 1 
0
4
0 1 0 1 0 1 1 1 
0
4
0 1 0 0 0 1 1 1 
0
4
0 0 0 0 0 1 1 1 
0
4
2 1 0 0 0 1 0 1 
0
4
2 1 0 1 0 1 0 1 
0
4
2 1 0 1 0 0 0 1 
0
4
2 1 0 0 0 0 0 1 
0
4
2 1 0 0 0 0 0 0 
0
4
2 1 0 1 0 0 0 0 
0
4
2 1 0 1 0 1 0 0 
0
4
2 1 0 0 0 1 0 0 
0
4
2 3 0 0 0 1 0 1 
0
4
2 3 0 1 0 1 0 1 
0
4
2 3 0 1 0 0 0 1 
0
4
2 3 0 0 0 0 0 1 
0
4
2 3 0 0 0 0 0 0 
0
4
2 3 0 1 0 0 0 0 
0
4
2 3 0 1 0 1 0 0 
0
4
2 3 0 0 0 1 0 0 
0
4
1 1 1 1 0 1 0 1 
0
4
1 1 1 1 0 0 0 1 
0
4
1 1 1 1 0 0 0 0 
0
4
1 1 1 1 0 1 0 0 
0
4
1 1 0 0 1 1 0 1 
0
4
1 1 0 1 1 1 0 1 
0
4
1 1 0 1 1 1 0 0 
0
4
1 1 0 0 1 1 0 0 
0
4
1 1 0 0 0 1 1 1 
0
4
1 1 0 1 0 1 1 1 
0
4
1 1 0 1 0 0 1 1 
0
4
1 1 0 0 0 0 1 1 
0
4
0 1 1 1 0 0 1 1 
0
4
0 0 1 1 0 0 1 1 
0
4
0 0 1 1 0 1 1 1 
0
4
0 1 1 1 0 1 1 1 
0
4
0 1 0 0 1 1 1 1 
0
4
0 0 0 0 1 1 1 1 
0
4
0 0 0 1 1 1 1 1 
0
4
0 1 0 1 1 1 1 1 
0
4
0 1 0 0 0 0 2 1 
0
4
0 0 0 0 0 0 2 1 
0
4
0 0 0 1 0 0 2 1 
0
4
0 1 0 1 0 0 2 1 
0
4
0 1 0 1 0 1 2 1 
0
4
0 0 0 1 0 1 2 1 
0
4
0 0 0 0 0 1 2 1 
0
4
0 1 0 0 0 1 2 1 
0
4
0 1 0 0 0 0 2 3 
0
4
0 0 0 0 0 0 2 3 
0
4
0 0 0 1 0 0 2 3 
0
4
0 1 0 1 0 0 2 3 
0
4
0 1 0 1 0 1 2 3 
0
4
0 0 0 1 0 1 2 3 
0
4
0 0 0 0 0 1 2 3 
0
4
0 1 0 0 0 1 2 3 
0
4
3 5 0 1 0 0 0 1 
0
4
3 5 0 0 0 0 0 1 
0
4
3 5 0 0 0 1 0 1 
0
4
3 5 0 1 0 1 0 1 
0
4
3 5 0 1 0 1 0 0 
0
4
3 5 0 0 0 1 0 0 
0
4
3 5 0 0 0 0 0 0 
0
4
3 5 0 1 0 0 0 0 
0
4
3 7 0 1 0 0 0 1 
0
4
3 7 0 0 0 0 0 1 
0
4
3 7 0 0 0 1 0 1 
0
4
3 7 0 1 0 1 0 1 
0
4
3 7 0 1 0 1 0 0 
0
4
3 7 0 0 0 1 0 0 
0
4
3 7 0 0 0 0 0 0 
0
4
3 7 0 1 0 0 0 0 
0
4
2 3 1 1 0 0 0 1 
0
4
2 3 1 1 0 1 0 1 
0
4
2 3 1 1 0 1 0 0 
0
4
2 3 1 1 0 0 0 0 
0
4
2 3 0 1 1 1 0 1 
0
4
2 3 0 0 1 1 0 1 
0
4
2 3 0 0 1 1 0 0 
0
4
2 3 0 1 1 1 0 0 
0
4
2 3 0 1 0 0 1 1 
0
4
2 3 0 0 0 0 1 1 
0
4
2 3 0 0 0 1 1 1 
0
4
2 3 0 1 0 1 1 1 
0
4
1 1 0 0 0 1 2 1 
0
4
1 1 0 1 0 1 2 1 
0
4
1 1 0 1 0 0 2 1 
0
4
1 1 0 0 0 0 2 1 
0
4
0 1 1 1 0 1 2 1 
0
4
0 0 1 1 0 1 2 1 
0
4
0 0 1 1 0 0 2 1 
0
4
0 1 1 1 0 0 2 1 
0
4
0 1 0 0 1 1 2 1 
0
4
0 0 0 0 1 1 2 1 
0
4
0 0 0 1 1 1 2 1 
0
4
0 1 0 1 1 1 2 1 
0
4
0 1 0 0 0 1 3 1 
0
4
0 0 0 0 0 1 3 1 
0
4
0 0 0 1 0 1 3 1 
0
4
0 1 0 1 0 1 3 1 
0
4
0 1 0 1 0 0 3 1 
0
4
0 0 0 1 0 0 3 1 
0
4
0 0 0 0 0 0 3 1 
0
4
0 1 0 0 0 0 3 1 
0
4
0 1 0 0 0 1 3 3 
0
4
0 0 0 0 0 1 3 3 
0
4
0 0 0 1 0 1 3 3 
0
4
0 1 0 1 0 1 3 3 
0
4
0 1 0 1 0 0 3 3 
0
4
0 0 0 1 0 0 3 3 
0
4
0 0 0 0 0 0 3 3 
0
4
0 1 0 0 0 0 3 3 
0
4
3 1 0 1 0 0 0 1 
0
4
3 1 0 0 0 0 0 1 
0
4
3 1 0 0 0 1 0 1 
0
4
3 1 0 1 0 1 0 1 
0
4
3 1 0 1 0 1 0 0 
0
4
3 1 0 0 0 1 0 0 
0
4
3 1 0 0 0 0 0 0 
0
4
3 1 0 1 0 0 0 0 
0
4
3 3 0 1 0 0 0 1 
0
4
3 3 0 0 0 0 0 1 
0
4
3 3 0 0 0 1 0 1 
0
4
3 3 0 1 0 1 0 1 
0
4
3 3 0 1 0 1 0 0 
0
4
3 3 0 0 0 1 0 0 
0
4
3 3 0 0 0 0 0 0 
0
4
3 3 0 1 0 0 0 0 
0
4
2 1 1 1 0 0 0 1 
0
4
2 1 1 1 0 1 0 1 
0
4
2 1 1 1 0 1 0 0 
0
4
2 1 1 1 0 0 0 0 
0
4
2 1 0 1 1 1 0 1 
0
4
2 1 0 0 1 1 0 1 
0
4
2 1 0 0 1 1 0 0 
0
4
2 1 0 1 1 1 0 0 
0
4
2 1 0 1 0 0 1 1 
0
4
2 1 0 0 0 0 1 1 
0
4
2 1 0 0 0 1 1 1 
0
4
2 1 0 1 0 1 1 1 
0
4
1 1 0 1 0 1 2 3 
0
4
1 1 0 0 0 1 2 3 
0
4
1 1 0 0 0 0 2 3 
0
4
1 1 0 1 0 0 2 3 
0
4
0 0 1 1 0 1 2 3 
0
4
0 1 1 1 0 1 2 3 
0
4
0 1 1 1 0 0 2 3 
0
4
0 0 1 1 0 0 2 3 
0
4
0 0 0 1 1 1 2 3 
0
4
0 1 0 1 1 1 2 3 
0
4
0 1 0 0 1 1 2 3 
0
4
0 0 0 0 1 1 2 3 
0
4
0 0 0 1 0 1 3 5 
0
4
0 1 0 1 0 1 3 5 
0
4
0 1 0 0 0 1 3 5 
0
4
0 0 0 0 0 1 3 5 
0
4
0 0 0 0 0 0 3 5 
0
4
0 1 0 0 0 0 3 5 
0
4
0 1 0 1 0 0 3 5 
0
4
0 0 0 1 0 0 3 5 
0
4
0 0 0 1 0 1 3 7 
0
4
0 1 0 1 0 1 3 7 
0
4
0 1 0 0 0 1 3 7 
0
4
0 0 0 0 0 1 3 7 
0
4
0 0 0 0 0 0 3 7 
0
4
0 1 0 0 0 0 3 7 
0
4
0 1 0 1 0 0 3 7 
0
4
0 0 0 1 0 0 3 7 
0
4
4 1 0 1 0 0 0 1 
0
4
4 1 0 0 0 0 0 1 
0
4
4 1 0 0 0 1 0 1 
0
4
4 1 0 1 0 1 0 1 
0
4
4 1 0 1 0 1 0 0 
0
4
4 1 0 0 0 1 0 0 
0
4
4 1 0 0 0 0 0 0 
0
4
4 1 0 1 0 0 0 0 
0
4
4 3 0 1 0 0 0 1 
0
4
4 3 0 0 0 0 0 1 
0
4
4 3 0 0 0 1 0 1 
0
4
4 3 0 1 0 1 0 1 
0
4
4 3 0 1 0 1 0 0 
0
4
4 3 0 0 0 1 0 0 
0
4
4 3 0 0 0 0 0 0 
0
4
4 3 0 1 0 0 0 0 
0
4
3 1 1 1 0 0 0 1 
0
4
3 1 1 1 0 1 0 1 
0
4
3 1 1 1 0 1 0 0 
0
4
3 1 1 1 0 0 0 0 
0
4
3 1 0 1 1 1 0 1 
0
4
3 1 0 0 1 1 0 1 
0
4
3 1 0 0 1 1 0 0 
0
4
3 1 0 1 1 1 0 0 
0
4
3 1 0 1 0 0 1 1 
0
4
3 1 0 0 0 0 1 1 
0
4
3 1 0 0 0 1 1 1 
0
4
3 1 0 1 0 1 1 1 
0
4
1 1 0 1 0 1 3 1 
0
4
1 1 0 0 0 1 3 1 
0
4
1 1 0 0 0 0 3 1 
0
4
1 1 0 1 0 0 3 1 
0
4
0 1 1 1 0 1 3 1 
0
4
0 0 1 1 0 1 3 1 
0
4
0 0 1 1 0 0 3 1 
0
4
0 1 1 1 0 0 3 1 
0
4
0 1 0 1 1 1 3 1 
0
4
0 0 0 1 1 1 3 1 
0
4
0 0 0 0 1 1 3 1 
0
4
0 1 0 0 1 1 3 1 
0
4
0 1 0 1 0 1 4 1 
0
4
0 0 0 1 0 1 4 1 
0
4
0 0 0 0 0 1 4 1 
0
4
0 1 0 0 0 1 4 1 
0
4
0 1 0 0 0 0 4 1 
0
4
0 0 0 0 0 0 4 1 
0
4
0 0 0 1 0 0 4 1 
0
4
0 1 0 1 0 0 4 1 
0
4
0 1 0 1 0 1 4 3 
0
4
0 0 0 1 0 1 4 3 
0
4
0 0 0 0 0 1 4 3 
0
4
0 1 0 0 0 1 4 3 
0
4
0 1 0 0 0 0 4 3 
0
4
0 0 0 0 0 0 4 3 
0
4
0 0 0 1 0 0 4 3 
0
4
0 1 0 1 0 0 4 3 
0
4
2 1 0 1 0 0 2 1 
0
4
2 1 0 0 0 0 2 1 
0
4
2 1 0 0 0 1 2 1 
0
4
2 1 0 1 0 1 2 1 
0
4
2 3 0 1 0 0 2 1 
0
4
2 3 0 0 0 0 2 1 
0
4
2 3 0 0 0 1 2 1 
0
4
2 3 0 1 0 1 2 1 
0
4
1 1 1 1 0 0 1 1 
0
4
1 1 1 1 0 1 1 1 
0
4
1 1 1 1 0 0 2 1 
0
4
1 1 1 1 0 1 2 1 
0
4
1 1 0 1 1 1 1 1 
0
4
1 1 0 0 1 1 1 1 
0
4
1 1 0 1 1 1 2 1 
0
4
1 1 0 0 1 1 2 1 
0
4
1 1 0 1 0 0 3 3 
0
4
1 1 0 0 0 0 3 3 
0
4
1 1 0 0 0 1 3 3 
0
4
1 1 0 1 0 1 3 3 
0
4
3 3 0 1 0 1 1 1 
0
4
3 3 0 0 0 1 1 1 
0
4
3 3 0 0 0 0 1 1 
0
4
3 3 0 1 0 0 1 1 
0
4
2 1 1 1 0 1 1 1 
0
4
2 1 1 1 0 0 1 1 
0
4
2 1 0 1 1 1 1 1 
0
4
2 1 0 0 1 1 1 1 
0
4
2 1 0 1 0 1 2 3 
0
4
2 1 0 0 0 1 2 3 
0
4
2 1 0 0 0 0 2 3 
0
4
2 1 0 1 0 0 2 3 
0
4
1 1 0 0 0 1 4 1 
0
4
1 1 0 1 0 1 4 1 
0
4
1 1 0 1 0 0 4 1 
0
4
1 1 0 0 0 0 4 1 
0
4
0 1 1 1 0 1 4 1 
0
4
0 0 1 1 0 1 4 1 
0
4
0 0 1 1 0 0 4 1 
0
4
0 1 1 1 0 0 4 1 
0
4
0 1 0 0 1 1 4 1 
0
4
0 0 0 0 1 1 4 1 
0
4
0 0 0 1 1 1 4 1 
0
4
0 1 0 1 1 1 4 1 
0
4
0 1 0 0 0 1 5 1 
0
4
0 0 0 0 0 1 5 1 
0
4
0 0 0 1 0 1 5 1 
0
4
0 1 0 1 0 1 5 1 
0
4
0 1 0 1 0 0 5 1 
0
4
0 0 0 1 0 0 5 1 
0
4
0 0 0 0 0 0 5 1 
0
4
0 1 0 0 0 0 5 1 
0
4
0 1 0 0 0 1 5 3 
0
4
0 0 0 0 0 1 5 3 
0
4
0 0 0 1 0 1 5 3 
0
4
0 1 0 1 0 1 5 3 
0
4
0 1 0 1 0 0 5 3 
0
4
0 0 0 1 0 0 5 3 
0
4
0 0 0 0 0 0 5 3 
0
4
0 1 0 0 0 0 5 3 
0
4
3 5 0 1 0 1 1 1 
0
4
3 5 0 0 0 1 1 1 
0
4
3 5 0 0 0 0 1 1 
0
4
3 5 0 1 0 0 1 1 
0
4
3 5 0 1 0 1 2 1 
0
4
3 5 0 0 0 1 2 1 
0
4
3 5 0 0 0 0 2 1 
0
4
3 5 0 1 0 0 2 1 
0
4
3 7 0 1 0 1 1 1 
0
4
3 7 0 0 0 1 1 1 
0
4
3 7 0 0 0 0 1 1 
0
4
3 7 0 1 0 0 1 1 
0
4
3 7 0 1 0 1 2 1 
0
4
3 7 0 0 0 1 2 1 
0
4
3 7 0 0 0 0 2 1 
0
4
3 7 0 1 0 0 2 1 
0
4
2 3 1 1 0 1 1 1 
0
4
2 3 1 1 0 0 1 1 
0
4
2 3 1 1 0 1 2 1 
0
4
2 3 1 1 0 0 2 1 
0
4
2 3 0 1 1 1 1 1 
0
4
2 3 0 0 1 1 1 1 
0
4
2 3 0 1 1 1 2 1 
0
4
2 3 0 0 1 1 2 1 
0
4
2 3 0 1 0 1 3 1 
0
4
2 3 0 0 0 1 3 1 
0
4
2 3 0 0 0 0 3 1 
0
4
2 3 0 1 0 0 3 1 
0
4
2 3 0 1 0 1 3 3 
1
4
2 3 0 0 0 1 3 3 
1
4
2 3 0 0 0 0 3 3 
1
4
2 3 0 1 0 0 3 3 
1
4
3 1 0 1 0 1 2 3 
0
4
3 1 0 0 0 1 2 3 
0
4
3 1 0 0 0 0 2 3 
0
4
3 1 0 1 0 0 2 3 
0
4
3 3 0 1 0 1 2 3 
0
4
3 3 0 0 0 1 2 3 
0
4
3 3 0 0 0 0 2 3 
0
4
3 3 0 1 0 0 2 3 
0
4
1 1 1 1 0 1 2 3 
0
4
1 1 1 1 0 0 2 3 
0
4
2 1 1 1 0 1 2 3 
0
4
2 1 1 1 0 0 2 3 
0
4
1 1 0 1 1 1 2 3 
0
4
1 1 0 0 1 1 2 3 
0
4
2 1 0 1 1 1 2 3 
0
4
2 1 0 0 1 1 2 3 
0
4
1 1 0 1 0 1 3 5 
0
4
1 1 0 0 0 1 3 5 
0
4
1 1 0 0 0 0 3 5 
0
4
1 1 0 1 0 0 3 5 
0
4
2 1 0 1 0 1 3 5 
0
4
2 1 0 0 0 1 3 5 
0
4
2 1 0 0 0 0 3 5 
0
4
2 1 0 1 0 0 3 5 
0
4
1 1 0 1 0 1 3 7 
0
4
1 1 0 0 0 1 3 7 
0
4
1 1 0 0 0 0 3 7 
0
4
1 1 0 1 0 0 3 7 
0
4
2 1 0 1 0 1 3 7 
0
4
2 1 0 0 0 1 3 7 
0
4
2 1 0 0 0 0 3 7 
0
4
2 1 0 1 0 0 3 7 
0
4
4 1 0 1 0 0 1 1 
0
4
4 1 0 0 0 0 1 1 
0
4
4 1 0 0 0 1 1 1 
0
4
4 1 0 1 0 1 1 1 
0
4
4 1 0 1 0 0 2 3 
1
4
4 1 0 0 0 0 2 3 
1
4
4 1 0 0 0 1 2 3 
1
4
4 1 0 1 0 1 2 3 
1
4
4 3 0 1 0 0 1 1 
0
4
4 3 0 0 0 0 1 1 
0
4
4 3 0 0 0 1 1 1 
0
4
4 3 0 1 0 1 1 1 
0
4
4 3 0 1 0 0 2 3 
1
4
4 3 0 0 0 0 2 3 
1
4
4 3 0 0 0 1 2 3 
1
4
4 3 0 1 0 1 2 3 
1
4
3 1 1 1 0 0 1 1 
0
4
3 1 1 1 0 1 1 1 
0
4
3 1 1 1 0 0 2 3 
1
4
3 1 1 1 0 1 2 3 
1
4
3 1 0 1 1 1 1 1 
0
4
3 1 0 0 1 1 1 1 
0
4
3 1 0 1 1 1 2 3 
1
4
3 1 0 0 1 1 2 3 
1
4
3 1 0 1 0 0 3 5 
1
4
3 1 0 0 0 0 3 5 
1
4
3 1 0 0 0 1 3 5 
1
4
3 1 0 1 0 1 3 5 
1
4
3 1 0 1 0 0 3 7 
1
4
3 1 0 0 0 0 3 7 
1
4
3 1 0 0 0 1 3 7 
1
4
3 1 0 1 0 1 3 7 
1
4
1 1 0 1 0 0 5 1 
0
4
1 1 0 0 0 0 5 1 
0
4
1 1 0 0 0 1 5 1 
0
4
1 1 0 1 0 1 5 1 
0
4
0 1 1 1 0 0 5 1 
0
4
0 0 1 1 0 0 5 1 
0
4
0 0 1 1 0 1 5 1 
0
4
0 1 1 1 0 1 5 1 
0
4
0 1 0 1 1 1 5 1 
0
4
0 0 0 1 1 1 5 1 
0
4
0 0 0 0 1 1 5 1 
0
4
0 1 0 0 1 1 5 1 
0
4
0 1 0 1 0 0 6 1 
0
4
0 0 0 1 0 0 6 1 
0
4
0 0 0 0 0 0 6 1 
0
4
0 1 0 0 0 0 6 1 
0
4
0 1 0 0 0 1 6 1 
0
4
0 0 0 0 0 1 6 1 
0
4
0 0 0 1 0 1 6 1 
0
4
0 1 0 1 0 1 6 1 
0
4
0 1 0 1 0 0 6 3 
0
4
0 0 0 1 0 0 6 3 
0
4
0 0 0 0 0 0 6 3 
0
4
0 1 0 0 0 0 6 3 
0
4
0 1 0 0 0 1 6 3 
0
4
0 0 0 0 0 1 6 3 
0
4
0 0 0 1 0 1 6 3 
0
4
0 1 0 1 0 1 6 3 
0
4
3 5 0 1 0 0 3 1 
1
4
3 5 0 0 0 0 3 1 
1
4
3 5 0 0 0 1 3 1 
1
4
3 5 0 1 0 1 3 1 
1
4
3 7 0 1 0 0 3 1 
1
4
3 7 0 0 0 0 3 1 
1
4
3 7 0 0 0 1 3 1 
1
4
3 7 0 1 0 1 3 1 
1
4
1 1 1 1 0 0 3 1 
0
4
1 1 1 1 0 1 3 1 
0
4
2 3 1 1 0 0 3 1 
1
4
2 3 1 1 0 1 3 1 
1
4
1 1 0 1 1 1 3 1 
0
4
1 1 0 0 1 1 3 1 
0
4
2 3 0 1 1 1 3 1 
1
4
2 3 0 0 1 1 3 1 
1
4
2 3 0 1 0 0 4 1 
1
4
2 3 0 0 0 0 4 1 
1
4
2 3 0 0 0 1 4 1 
1
4
2 3 0 1 0 1 4 1 
1
4
1 1 0 1 0 0 4 3 
0
4
1 1 0 0 0 0 4 3 
0
4
1 1 0 0 0 1 4 3 
0
4
1 1 0 1 0 1 4 3 
0
4
2 3 0 1 0 0 4 3 
1
4
2 3 0 0 0 0 4 3 
1
4
2 3 0 0 0 1 4 3 
1
4
2 3 0 1 0 1 4 3 
1
4
2 3 0 1 0 1 2 3 
0
4
2 3 0 0 0 1 2 3 
0
4
2 3 0 0 0 0 2 3 
0
4
2 3 0 1 0 0 2 3 
0
4
1 1 0 0 0 1 5 3 
0
4
1 1 0 1 0 1 5 3 
0
4
1 1 0 1 0 0 5 3 
0
4
1 1 0 0 0 0 5 3 
0
4
0 0 1 1 0 1 5 3 
0
4
0 1 1 1 0 1 5 3 
0
4
0 1 1 1 0 0 5 3 
0
4
0 0 1 1 0 0 5 3 
0
4
0 0 0 0 1 1 5 3 
0
4
0 1 0 0 1 1 5 3 
0
4
0 1 0 1 1 1 5 3 
0
4
0 0 0 1 1 1 5 3 
0
4
0 0 0 0 0 1 6 5 
0
4
0 1 0 0 0 1 6 5 
0
4
0 1 0 1 0 1 6 5 
0
4
0 0 0 1 0 1 6 5 
0
4
0 0 0 1 0 0 6 5 
0
4
0 1 0 1 0 0 6 5 
0
4
0 1 0 0 0 0 6 5 
0
4
0 0 0 0 0 0 6 5 
0
4
0 0 0 0 0 1 6 7 
1
4
0 1 0 0 0 1 6 7 
1
4
0 1 0 1 0 1 6 7 
1
4
0 0 0 1 0 1 6 7 
1
4
0 0 0 1 0 0 6 7 
1
4
0 1 0 1 0 0 6 7 
1
4
0 1 0 0 0 0 6 7 
1
4
0 0 0 0 0 0 6 7 
1
4
3 1 0 1 0 1 2 1 
0
4
3 1 0 0 0 1 2 1 
0
4
3 1 0 0 0 0 2 1 
0
4
3 1 0 1 0 0 2 1 
0
4
3 3 0 1 0 1 2 1 
0
4
3 3 0 0 0 1 2 1 
0
4
3 3 0 0 0 0 2 1 
0
4
3 3 0 1 0 0 2 1 
0
4
2 1 1 1 0 1 2 1 
0
4
2 1 1 1 0 0 2 1 
0
4
2 1 0 1 1 1 2 1 
0
4
2 1 0 0 1 1 2 1 
0
4
2 1 0 1 0 1 3 1 
0
4
2 1 0 0 0 1 3 1 
0
4
2 1 0 0 0 0 3 1 
0
4
2 1 0 1 0 0 3 1 
0
4
2 1 0 1 0 1 3 3 
0
4
2 1 0 0 0 1 3 3 
0
4
2 1 0 0 0 0 3 3 
0
4
2 1 0 1 0 0 3 3 
0
4
3 1 0 1 0 1 3 1 
1
4
3 1 0 0 0 1 3 1 
1
4
3 1 0 0 0 0 3 1 
1
4
3 1 0 1 0 0 3 1 
1
4
3 3 0 1 0 1 3 1 
1
4
3 3 0 0 0 1 3 1 
1
4
3 3 0 0 0 0 3 1 
1
4
3 3 0 1 0 0 3 1 
1
4
2 1 1 1 0 1 3 1 
1
4
2 1 1 1 0 0 3 1 
1
4
2 1 0 1 1 1 3 1 
1
4
2 1 0 0 1 1 3 1 
1
4
2 1 0 1 0 1 4 1 
1
4
2 1 0 0 0 1 4 1 
1
4
2 1 0 0 0 0 4 1 
1
4
2 1 0 1 0 0 4 1 
1
4
2 1 0 1 0 1 4 3 
1
4
2 1 0 0 0 1 4 3 
1
4
2 1 0 0 0 0 4 3 
1
4
2 1 0 1 0 0 4 3 
1
4
1 1 0 0 0 0 6 5 
0
4
1 1 0 1 0 0 6 5 
0
4
1 1 0 1 0 1 6 5 
0
4
1 1 0 0 0 1 6 5 
0
4
0 1 1 1 0 0 6 5 
0
4
0 0 1 1 0 0 6 5 
0
4
0 0 1 1 0 1 6 5 
0
4
0 1 1 1 0 1 6 5 
0
4
0 1 0 0 1 1 6 5 
0
4
0 0 0 0 1 1 6 5 
0
4
0 0 0 1 1 1 6 5 
0
4
0 1 0 1 1 1 6 5 
0
4
0 1 0 0 0 0 7 9 
0
4
0 0 0 0 0 0 7 9 
0
4
0 0 0 1 0 0 7 9 
0
4
0 1 0 1 0 0 7 9 
0
4
0 1 0 1 0 1 7 9 
0
4
0 0 0 1 0 1 7 9 
0
4
0 0 0 0 0 1 7 9 
0
4
0 1 0 0 0 1 7 9 
0
4
0 1 0 0 0 0 7 11 
1
4
0 0 0 0 0 0 7 11 
1
4
0 0 0 1 0 0 7 11 
1
4
0 1 0 1 0 0 7 11 
1
4
0 1 0 1 0 1 7 11 
1
4
0 0 0 1 0 1 7 11 
1
4
0 0 0 0 0 1 7 11 
1
4
0 1 0 0 0 1 7 11 
1
4
3 5 0 1 0 0 2 3 
1
4
3 5 0 0 0 0 2 3 
1
4
3 5 0 0 0 1 2 3 
1
4
3 5 0 1 0 1 2 3 
1
4
3 7 0 1 0 0 2 3 
1
4
3 7 0 0 0 0 2 3 
1
4
3 7 0 0 0 1 2 3 
1
4
3 7 0 1 0 1 2 3 
1
4
2 3 1 1 0 0 2 3 
1
4
2 3 1 1 0 1 2 3 
1
4
2 3 0 1 1 1 2 3 
1
4
2 3 0 0 1 1 2 3 
1
4
2 3 0 1 0 0 3 5 
1
4
2 3 0 0 0 0 3 5 
1
4
2 3 0 0 0 1 3 5 
1
4
2 3 0 1 0 1 3 5 
1
4
2 3 0 1 0 0 3 7 
1
4
2 3 0 0 0 0 3 7 
1
4
2 3 0 0 0 1 3 7 
1
4
2 3 0 1 0 1 3 7 
1
4
4 1 0 1 0 0 2 1 
1
4
4 1 0 0 0 0 2 1 
1
4
4 1 0 0 0 1 2 1 
1
4
4 1 0 1 0 1 2 1 
1
4
4 3 0 1 0 0 2 1 
1
4
4 3 0 0 0 0 2 1 
1
4
4 3 0 0 0 1 2 1 
1
4
4 3 0 1 0 1 2 1 
1
4
3 1 1 1 0 0 2 1 
1
4
3 1 1 1 0 1 2 1 
1
4
3 1 0 1 1 1 2 1 
1
4
3 1 0 0 1 1 2 1 
1
4
3 1 0 1 0 0 3 3 
1
4
3 1 0 0 0 0 3 3 
1
4
3 1 0 0 0 1 3 3 
1
4
3 1 0 1 0 1 3 3 
1
4
1 1 0 1 0 1 6 3 
1
4
1 1 0 0 0 1 6 3 
1
4
1 1 0 0 0 0 6 3 
1
4
1 1 0 1 0 0 6 3 
1
4
0 0 1 1 0 1 6 3 
1
4
0 1 1 1 0 1 6 3 
1
4
0 1 1 1 0 0 6 3 
1
4
0 0 1 1 0 0 6 3 
1
4
0 0 0 1 1 1 6 3 
1
4
0 1 0 1 1 1 6 3 
1
4
0 1 0 0 1 1 6 3 
1
4
0 0 0 0 1 1 6 3 
1
4
0 0 0 1 0 1 7 5 
1
4
0 1 0 1 0 1 7 5 
1
4
0 1 0 0 0 1 7 5 
1
4
0 0 0 0 0 1 7 5 
1
4
0 0 0 0 0 0 7 5 
1
4
0 1 0 0 0 0 7 5 
1
4
0 1 0 1 0 0 7 5 
1
4
0 0 0 1 0 0 7 5 
1
4
0 0 0 1 0 1 7 7 
1
4
0 1 0 1 0 1 7 7 
1
4
0 1 0 0 0 1 7 7 
1
4
0 0 0 0 0 1 7 7 
1
4
0 0 0 0 0 0 7 7 
1
4
0 1 0 0 0 0 7 7 
1
4
0 1 0 1 0 0 7 7 
1
4
0 0 0 1 0 0 7 7 
1
4
1 1 0 1 0 1 7 9 
0
4
1 1 0 0 0 1 7 9 
0
4
1 1 0 0 0 0 7 9 
0
4
1 1 0 1 0 0 7 9 
0
4
0 1 1 1 0 1 7 9 
0
4
0 0 1 1 0 1 7 9 
0
4
0 0 1 1 0 0 7 9 
0
4
0 1 1 1 0 0 7 9 
0
4
0 1 0 1 1 1 7 9 
0
4
0 0 0 1 1 1 7 9 
0
4
0 0 0 0 1 1 7 9 
0
4
0 1 0 0 1 1 7 9 
0
4
0 1 0 1 0 1 8 17 
0
4
0 0 0 1 0 1 8 17 
0
4
0 0 0 0 0 1 8 17 
0
4
0 1 0 0 0 1 8 17 
0
4
0 1 0 0 0 0 8 17 
0
4
0 0 0 0 0 0 8 17 
0
4
0 0 0 1 0 0 8 17 
0
4
0 1 0 1 0 0 8 17 
0
4
0 1 0 1 0 1 8 19 
1
4
0 0 0 1 0 1 8 19 
1
4
0 0 0 0 0 1 8 19 
1
4
0 1 0 0 0 1 8 19 
1
4
0 1 0 0 0 0 8 19 
1
4
0 0 0 0 0 0 8 19 
1
4
0 0 0 1 0 0 8 19 
1
4
0 1 0 1 0 0 8 19 
1
4
1 1 0 1 0 1 6 1 
1
4
1 1 0 0 0 1 6 1 
1
4
1 1 0 0 0 0 6 1 
1
4
1 1 0 1 0 0 6 1 
1
4
0 0 1 1 0 1 6 1 
1
4
0 1 1 1 0 1 6 1 
1
4
0 1 1 1 0 0 6 1 
1
4
0 0 1 1 0 0 6 1 
1
4
0 0 0 1 1 1 6 1 
1
4
0 1 0 1 1 1 6 1 
1
4
0 1 0 0 1 1 6 1 
1
4
0 0 0 0 1 1 6 1 
1
4
0 0 0 1 0 1 7 1 
1
4
0 1 0 1 0 1 7 1 
1
4
0 1 0 0 0 1 7 1 
1
4
0 0 0 0 0 1 7 1 
1
4
0 0 0 0 0 0 7 1 
1
4
0 1 0 0 0 0 7 1 
1
4
0 1 0 1 0 0 7 1 
1
4
0 0 0 1 0 0 7 1 
1
4
0 0 0 1 0 1 7 3 
1
4
0 1 0 1 0 1 7 3 
1
4
0 1 0 0 0 1 7 3 
1
4
0 0 0 0 0 1 7 3 
1
4
0 0 0 0 0 0 7 3 
1
4
0 1 0 0 0 0 7 3 
1
4
0 1 0 1 0 0 7 3 
1
4
0 0 0 1 0 0 7 3 
1
4
1 1 0 0 0 0 8 17 
0
4
1 1 0 1 0 0 8 17 
0
4
1 1 0 1 0 1 8 17 
0
4
1 1 0 0 0 1 8 17 
0
4
0 1 1 1 0 0 8 17 
0
4
0 0 1 1 0 0 8 17 
0
4
0 0 1 1 0 1 8 17 
0
4
0 1 1 1 0 1 8 17 
0
4
0 1 0 0 1 1 8 17 
0
4
0 0 0 0 1 1 8 17 
0
4
0 0 0 1 1 1 8 17 
0
4
0 1 0 1 1 1 8 17 
0
4
0 1 0 0 0 0 9 33 
0
4
0 0 0 0 0 0 9 33 
0
4
0 0 0 1 0 0 9 33 
0
4
0 1 0 1 0 0 9 33 
0
4
0 1 0 1 0 1 9 33 
0
4
0 0 0 1 0 1 9 33 
0
4
0 0 0 0 0 1 9 33 
0
4
0 1 0 0 0 1 9 33 
0
4
0 1 0 0 0 0 9 35 
1
4
0 0 0 0 0 0 9 35 
1
4
0 0 0 1 0 0 9 35 
1
4
0 1 0 1 0 0 9 35 
1
4
0 1 0 1 0 1 9 35 
1
4
0 0 0 1 0 1 9 35 
1
4
0 0 0 0 0 1 9 35 
1
4
0 1 0 0 0 1 9 35 
1
4
3 3 1 1 0 0 0 0 
0
4
3 3 1 1 0 1 0 0 
0
4
3 3 1 1 0 1 0 1 
0
4
3 3 1 1 0 0 0 1 
0
4
3 3 1 1 0 0 1 1 
0
4
3 3 1 1 0 1 1 1 
0
4
3 3 1 1 0 0 2 3 
1
4
3 3 1 1 0 1 2 3 
1
4
0 0 2 1 0 0 0 0 
0
4
0 1 2 1 0 0 0 0 
0
4
0 1 2 1 0 1 0 0 
0
4
0 0 2 1 0 1 0 0 
0
4
0 0 2 1 0 1 0 1 
0
4
0 1 2 1 0 1 0 1 
0
4
0 1 2 1 0 0 0 1 
0
4
0 0 2 1 0 0 0 1 
0
4
0 0 2 1 0 0 1 1 
0
4
0 1 2 1 0 0 1 1 
0
4
0 1 2 1 0 1 1 1 
0
4
0 0 2 1 0 1 1 1 
0
4
0 0 2 1 0 0 2 3 
0
4
0 1 2 1 0 0 2 3 
0
4
0 1 2 1 0 1 2 3 
0
4
0 0 2 1 0 1 2 3 
0
4
1 1 2 1 0 0 0 0 
0
4
1 1 2 1 0 1 0 0 
0
4
1 1 2 1 0 1 0 1 
0
4
1 1 2 1 0 0 0 1 
0
4
1 1 2 1 0 0 1 1 
0
4
1 1 2 1 0 1 1 1 
0
4
1 1 2 1 0 0 2 3 
0
4
1 1 2 1 0 1 2 3 
0
4
2 1 2 1 0 0 0 0 
0
4
2 1 2 1 0 1 0 0 
0
4
2 1 2 1 0 1 0 1 
0
4
2 1 2 1 0 0 0 1 
0
4
2 1 2 1 0 0 1 1 
0
4
2 1 2 1 0 1 1 1 
0
4
2 1 2 1 0 0 2 3 
1
4
2 1 2 1 0 1 2 3 
1
4
0 0 2 3 0 0 0 0 
0
4
0 1 2 3 0 0 0 0 
0
4
0 1 2 3 0 1 0 0 
0
4
0 0 2 3 0 1 0 0 
0
4
0 0 2 3 0 1 0 1 
0
4
0 1 2 3 0 1 0 1 
0
4
0 1 2 3 0 0 0 1 
0
4
0 0 2 3 0 0 0 1 
0
4
0 0 2 3 0 0 1 1 
0
4
0 1 2 3 0 0 1 1 
0
4
0 1 2 3 0 1 1 1 
0
4
0 0 2 3 0 1 1 1 
0
4
0 0 2 3 0 0 2 3 
0
4
0 1 2 3 0 0 2 3 
0
4
0 1 2 3 0 1 2 3 
0
4
0 0 2 3 0 1 2 3 
0
4
1 1 2 3 0 0 0 0 
0
4
1 1 2 3 0 1 0 0 
0
4
1 1 2 3 0 1 0 1 
0
4
1 1 2 3 0 0 0 1 
0
4
1 1 2 3 0 0 1 1 
0
4
1 1 2 3 0 1 1 1 
0
4
1 1 2 3 0 0 2 3 
0
4
1 1 2 3 0 1 2 3 
0
4
2 1 2 3 0 0 0 0 
0
4
2 1 2 3 0 1 0 0 
0
4
2 1 2 3 0 1 0 1 
0
4
2 1 2 3 0 0 0 1 
0
4
2 1 2 3 0 0 1 1 
0
4
2 1 2 3 0 1 1 1 
0
4
2 1 2 3 0 0 2 3 
1
4
2 1 2 3 0 1 2 3 
1
4
0 0 1 1 1 1 0 0 
0
4
0 1 1 1 1 1 0 0 
0
4
0 1 1 1 1 1 0 1 
0
4
0 0 1 1 1 1 0 1 
0
4
0 0 1 1 1 1 1 1 
0
4
0 1 1 1 1 1 1 1 
0
4
0 0 1 1 1 1 2 3 
0
4
0 1 1 1 1 1 2 3 
0
4
1 1 1 1 1 1 2 3 
0
4
1 1 1 1 1 1 0 0 
0
4
1 1 1 1 1 1 0 1 
0
4
2 1 1 1 1 1 0 0 
0
4
2 1 1 1 1 1 0 1 
0
4
2 1 1 1 1 1 1 1 
0
4
2 1 1 1 1 1 2 3 
1
4
0 0 1 1 0 0 3 5 
0
4
0 1 1 1 0 0 3 5 
0
4
0 1 1 1 0 1 3 5 
0
4
0 0 1 1 0 1 3 5 
0
4
1 1 1 1 0 0 3 5 
0
4
1 1 1 1 0 1 3 5 
0
4
2 1 1 1 0 0 3 5 
1
4
2 1 1 1 0 1 3 5 
1
4
0 0 1 1 0 0 3 7 
0
4
0 1 1 1 0 0 3 7 
0
4
0 1 1 1 0 1 3 7 
0
4
0 0 1 1 0 1 3 7 
0
4
1 1 1 1 0 0 3 7 
0
4
1 1 1 1 0 1 3 7 
0
4
2 1 1 1 0 0 3 7 
1
4
2 1 1 1 0 1 3 7 
1
4
1 1 1 1 0 1 4 1 
1
4
1 1 1 1 0 0 4 1 
1
4
0 1 2 1 0 1 2 1 
0
4
0 0 2 1 0 1 2 1 
0
4
0 0 2 1 0 0 2 1 
0
4
0 1 2 1 0 0 2 1 
0
4
0 1 2 1 0 1 3 1 
0
4
0 0 2 1 0 1 3 1 
0
4
0 0 2 1 0 0 3 1 
0
4
0 1 2 1 0 0 3 1 
0
4
0 1 2 1 0 1 4 1 
1
4
0 0 2 1 0 1 4 1 
1
4
0 0 2 1 0 0 4 1 
1
4
0 1 2 1 0 0 4 1 
1
4
0 1 2 3 0 1 2 1 
0
4
0 0 2 3 0 1 2 1 
0
4
0 0 2 3 0 0 2 1 
0
4
0 1 2 3 0 0 2 1 
0
4
0 1 2 3 0 1 3 1 
0
4
0 0 2 3 0 1 3 1 
0
4
0 0 2 3 0 0 3 1 
0
4
0 1 2 3 0 0 3 1 
0
4
0 1 2 3 0 1 4 1 
1
4
0 0 2 3 0 1 4 1 
1
4
0 0 2 3 0 0 4 1 
1
4
0 1 2 3 0 0 4 1 
1
4
0 1 1 1 1 1 2 1 
0
4
0 0 1 1 1 1 2 1 
0
4
0 1 1 1 1 1 3 1 
0
4
0 0 1 1 1 1 3 1 
0
4
0 1 1 1 1 1 4 1 
1
4
0 0 1 1 1 1 4 1 
1
4
1 1 0 1 1 1 4 1 
1
4
1 1 0 0 1 1 4 1 
1
4
1 1 0 0 0 1 9 33 
1
4
1 1 0 1 0 1 9 33 
1
4
1 1 0 1 0 0 9 33 
1
4
1 1 0 0 0 0 9 33 
1
4
0 1 1 1 0 1 9 33 
1
4
0 0 1 1 0 1 9 33 
1
4
0 0 1 1 0 0 9 33 
1
4
0 1 1 1 0 0 9 33 
1
4
0 1 0 0 1 1 9 33 
1
4
0 0 0 0 1 1 9 33 
1
4
0 0 0 1 1 1 9 33 
1
4
0 1 0 1 1 1 9 33 
1
4
0 1 0 0 0 1 10 65 
1
4
0 0 0 0 0 1 10 65 
1
4
0 0 0 1 0 1 10 65 
1
4
0 1 0 1 0 1 10 65 
1
4
0 1 0 1 0 0 10 65 
1
4
0 0 0 1 0 0 10 65 
1
4
0 0 0 0 0 0 10 65 
1
4
0 1 0 0 0 0 10 65 
1
4
0 1 0 0 0 1 10 67 
1
4
0 0 0 0 0 1 10 67 
1
4
0 0 0 1 0 1 10 67 
1
4
0 1 0 1 0 1 10 67 
1
4
0 1 0 1 0 0 10 67 
1
4
0 0 0 1 0 0 10 67 
1
4
0 0 0 0 0 0 10 67 
1
4
0 1 0 0 0 0 10 67 
1
3
2
