nakBsplineBoundary
9 4 1601
0
0.000000e+00 1.000000e+00 0 0 0.000000e+00 1.000000e+00 0 0 0.000000e+00 1.000000e+00 0 0 0.000000e+00 1.000000e+00 0 0 
4
0 0 0 0 0 0 0 0 
0
4
0 1 0 0 0 0 0 0 
0
4
1 1 1 1 1 1 1 1 
1
4
0 0 0 1 0 0 0 0 
0
4
0 1 0 1 0 0 0 0 
0
4
0 0 0 0 0 1 0 0 
0
4
0 1 0 0 0 1 0 0 
0
4
0 0 0 1 0 1 0 0 
0
4
0 1 0 1 0 1 0 0 
0
4
0 0 0 0 0 0 0 1 
0
4
0 1 0 0 0 0 0 1 
0
4
0 0 0 1 0 0 0 1 
0
4
0 1 0 1 0 0 0 1 
0
4
0 0 0 0 0 1 0 1 
0
4
0 1 0 0 0 1 0 1 
0
4
0 0 0 1 0 1 0 1 
0
4
0 1 0 1 0 1 0 1 
0
4
1 1 0 1 0 1 0 0 
0
4
1 1 0 0 0 1 0 0 
0
4
1 1 0 0 0 0 0 0 
0
4
1 1 0 1 0 0 0 0 
0
4
1 1 0 1 0 0 0 1 
0
4
1 1 0 0 0 0 0 1 
0
4
1 1 0 0 0 1 0 1 
0
4
1 1 0 1 0 1 0 1 
0
4
0 0 1 1 0 1 0 0 
0
4
0 1 1 1 0 1 0 0 
0
4
0 1 1 1 0 0 0 0 
0
4
0 0 1 1 0 0 0 0 
0
4
0 0 1 1 0 0 0 1 
0
4
0 1 1 1 0 0 0 1 
0
4
0 1 1 1 0 1 0 1 
0
4
0 0 1 1 0 1 0 1 
0
4
0 0 0 1 1 1 0 0 
0
4
0 1 0 1 1 1 0 0 
0
4
0 1 0 0 1 1 0 0 
0
4
0 0 0 0 1 1 0 0 
0
4
0 0 0 0 1 1 0 1 
0
4
0 1 0 0 1 1 0 1 
0
4
0 1 0 1 1 1 0 1 
0
4
0 0 0 1 1 1 0 1 
0
4
0 0 0 1 0 1 1 1 
0
4
0 1 0 1 0 1 1 1 
0
4
0 1 0 0 0 1 1 1 
0
4
0 0 0 0 0 1 1 1 
0
4
0 0 0 0 0 0 1 1 
0
4
0 1 0 0 0 0 1 1 
0
4
0 1 0 1 0 0 1 1 
0
4
0 0 0 1 0 0 1 1 
0
4
2 1 0 1 0 0 0 1 
0
4
2 1 0 0 0 0 0 1 
0
4
2 1 0 0 0 1 0 1 
0
4
2 1 0 1 0 1 0 1 
0
4
2 1 0 1 0 1 0 0 
0
4
2 1 0 0 0 1 0 0 
0
4
2 1 0 0 0 0 0 0 
0
4
2 1 0 1 0 0 0 0 
0
4
2 3 0 1 0 0 0 1 
0
4
2 3 0 0 0 0 0 1 
0
4
2 3 0 0 0 1 0 1 
0
4
2 3 0 1 0 1 0 1 
0
4
2 3 0 1 0 1 0 0 
0
4
2 3 0 0 0 1 0 0 
0
4
2 3 0 0 0 0 0 0 
0
4
2 3 0 1 0 0 0 0 
0
4
1 1 1 1 0 0 0 1 
0
4
1 1 1 1 0 1 0 1 
0
4
1 1 1 1 0 1 0 0 
0
4
1 1 1 1 0 0 0 0 
0
4
1 1 0 1 1 1 0 1 
0
4
1 1 0 0 1 1 0 1 
0
4
1 1 0 0 1 1 0 0 
0
4
1 1 0 1 1 1 0 0 
0
4
1 1 0 1 0 0 1 1 
0
4
1 1 0 0 0 0 1 1 
0
4
1 1 0 0 0 1 1 1 
0
4
1 1 0 1 0 1 1 1 
0
4
0 1 2 1 0 0 0 1 
0
4
0 0 2 1 0 0 0 1 
0
4
0 0 2 1 0 1 0 1 
0
4
0 1 2 1 0 1 0 1 
0
4
0 1 2 1 0 1 0 0 
0
4
0 0 2 1 0 1 0 0 
0
4
0 0 2 1 0 0 0 0 
0
4
0 1 2 1 0 0 0 0 
0
4
0 1 2 3 0 0 0 1 
0
4
0 0 2 3 0 0 0 1 
0
4
0 0 2 3 0 1 0 1 
0
4
0 1 2 3 0 1 0 1 
0
4
0 1 2 3 0 1 0 0 
0
4
0 0 2 3 0 1 0 0 
0
4
0 0 2 3 0 0 0 0 
0
4
0 1 2 3 0 0 0 0 
0
4
0 1 1 1 1 1 0 1 
0
4
0 0 1 1 1 1 0 1 
0
4
0 0 1 1 1 1 0 0 
0
4
0 1 1 1 1 1 0 0 
0
4
0 1 1 1 0 0 1 1 
0
4
0 0 1 1 0 0 1 1 
0
4
0 0 1 1 0 1 1 1 
0
4
0 1 1 1 0 1 1 1 
0
4
0 1 0 0 1 1 1 1 
0
4
0 0 0 0 1 1 1 1 
0
4
0 0 0 1 1 1 1 1 
0
4
0 1 0 1 1 1 1 1 
0
4
0 1 0 0 0 0 2 1 
0
4
0 0 0 0 0 0 2 1 
0
4
0 0 0 1 0 0 2 1 
0
4
0 1 0 1 0 0 2 1 
0
4
0 1 0 1 0 1 2 1 
0
4
0 0 0 1 0 1 2 1 
0
4
0 0 0 0 0 1 2 1 
0
4
0 1 0 0 0 1 2 1 
0
4
0 1 0 0 0 0 2 3 
0
4
0 0 0 0 0 0 2 3 
0
4
0 0 0 1 0 0 2 3 
0
4
0 1 0 1 0 0 2 3 
0
4
0 1 0 1 0 1 2 3 
0
4
0 0 0 1 0 1 2 3 
0
4
0 0 0 0 0 1 2 3 
0
4
0 1 0 0 0 1 2 3 
0
4
3 1 0 1 0 0 0 1 
0
4
3 1 0 0 0 0 0 1 
0
4
3 1 0 0 0 1 0 1 
0
4
3 1 0 1 0 1 0 1 
0
4
3 1 0 1 0 1 0 0 
0
4
3 1 0 0 0 1 0 0 
0
4
3 1 0 0 0 0 0 0 
0
4
3 1 0 1 0 0 0 0 
0
4
3 3 0 1 0 0 0 1 
0
4
3 3 0 0 0 0 0 1 
0
4
3 3 0 0 0 1 0 1 
0
4
3 3 0 1 0 1 0 1 
0
4
3 3 0 1 0 1 0 0 
0
4
3 3 0 0 0 1 0 0 
0
4
3 3 0 0 0 0 0 0 
0
4
3 3 0 1 0 0 0 0 
0
4
2 1 1 1 0 0 0 1 
0
4
2 1 1 1 0 1 0 1 
0
4
2 1 1 1 0 1 0 0 
0
4
2 1 1 1 0 0 0 0 
0
4
2 1 0 1 1 1 0 1 
0
4
2 1 0 0 1 1 0 1 
0
4
2 1 0 0 1 1 0 0 
0
4
2 1 0 1 1 1 0 0 
0
4
2 1 0 1 0 0 1 1 
0
4
2 1 0 0 0 0 1 1 
0
4
2 1 0 0 0 1 1 1 
0
4
2 1 0 1 0 1 1 1 
0
4
1 1 0 1 0 0 2 1 
0
4
1 1 0 0 0 0 2 1 
0
4
1 1 0 0 0 1 2 1 
0
4
1 1 0 1 0 1 2 1 
0
4
0 1 1 1 0 0 2 1 
0
4
0 0 1 1 0 0 2 1 
0
4
0 0 1 1 0 1 2 1 
0
4
0 1 1 1 0 1 2 1 
0
4
0 1 0 1 1 1 2 1 
0
4
0 0 0 1 1 1 2 1 
0
4
0 0 0 0 1 1 2 1 
0
4
0 1 0 0 1 1 2 1 
0
4
0 1 0 1 0 0 3 1 
0
4
0 0 0 1 0 0 3 1 
0
4
0 0 0 0 0 0 3 1 
0
4
0 1 0 0 0 0 3 1 
0
4
0 1 0 0 0 1 3 1 
0
4
0 0 0 0 0 1 3 1 
0
4
0 0 0 1 0 1 3 1 
0
4
0 1 0 1 0 1 3 1 
0
4
0 1 0 1 0 0 3 3 
0
4
0 0 0 1 0 0 3 3 
0
4
0 0 0 0 0 0 3 3 
0
4
0 1 0 0 0 0 3 3 
0
4
0 1 0 0 0 1 3 3 
0
4
0 0 0 0 0 1 3 3 
0
4
0 0 0 1 0 1 3 3 
0
4
0 1 0 1 0 1 3 3 
0
4
1 1 0 0 0 0 2 3 
1
4
1 1 0 1 0 0 2 3 
1
4
1 1 0 1 0 1 2 3 
1
4
1 1 0 0 0 1 2 3 
1
4
0 1 1 1 0 0 2 3 
1
4
0 0 1 1 0 0 2 3 
1
4
0 0 1 1 0 1 2 3 
1
4
0 1 1 1 0 1 2 3 
1
4
0 1 0 0 1 1 2 3 
1
4
0 0 0 0 1 1 2 3 
1
4
0 0 0 1 1 1 2 3 
1
4
0 1 0 1 1 1 2 3 
1
4
0 1 0 0 0 0 3 5 
1
4
0 0 0 0 0 0 3 5 
1
4
0 0 0 1 0 0 3 5 
1
4
0 1 0 1 0 0 3 5 
1
4
0 1 0 1 0 1 3 5 
1
4
0 0 0 1 0 1 3 5 
1
4
0 0 0 0 0 1 3 5 
1
4
0 1 0 0 0 1 3 5 
1
4
0 1 0 0 0 0 3 7 
1
4
0 0 0 0 0 0 3 7 
1
4
0 0 0 1 0 0 3 7 
1
4
0 1 0 1 0 0 3 7 
1
4
0 1 0 1 0 1 3 7 
1
4
0 0 0 1 0 1 3 7 
1
4
0 0 0 0 0 1 3 7 
1
4
0 1 0 0 0 1 3 7 
1
4
1 1 0 0 0 0 3 1 
0
4
1 1 0 1 0 0 3 1 
0
4
1 1 0 1 0 1 3 1 
0
4
1 1 0 0 0 1 3 1 
0
4
0 1 1 1 0 0 3 1 
0
4
0 0 1 1 0 0 3 1 
0
4
0 0 1 1 0 1 3 1 
0
4
0 1 1 1 0 1 3 1 
0
4
0 1 0 0 1 1 3 1 
0
4
0 0 0 0 1 1 3 1 
0
4
0 0 0 1 1 1 3 1 
0
4
0 1 0 1 1 1 3 1 
0
4
0 1 0 0 0 0 4 1 
0
4
0 0 0 0 0 0 4 1 
0
4
0 0 0 1 0 0 4 1 
0
4
0 1 0 1 0 0 4 1 
0
4
0 1 0 1 0 1 4 1 
0
4
0 0 0 1 0 1 4 1 
0
4
0 0 0 0 0 1 4 1 
0
4
0 1 0 0 0 1 4 1 
0
4
0 1 0 0 0 0 4 3 
0
4
0 0 0 0 0 0 4 3 
0
4
0 0 0 1 0 0 4 3 
0
4
0 1 0 1 0 0 4 3 
0
4
0 1 0 1 0 1 4 3 
0
4
0 0 0 1 0 1 4 3 
0
4
0 0 0 0 0 1 4 3 
0
4
0 1 0 0 0 1 4 3 
0
4
1 1 2 1 0 0 0 1 
1
4
1 1 2 1 0 1 0 1 
1
4
1 1 2 1 0 1 0 0 
1
4
1 1 2 1 0 0 0 0 
1
4
0 1 3 1 0 0 0 1 
1
4
0 0 3 1 0 0 0 1 
1
4
0 0 3 1 0 1 0 1 
1
4
0 1 3 1 0 1 0 1 
1
4
0 1 3 1 0 1 0 0 
1
4
0 0 3 1 0 1 0 0 
1
4
0 0 3 1 0 0 0 0 
1
4
0 1 3 1 0 0 0 0 
1
4
0 1 3 3 0 0 0 1 
1
4
0 0 3 3 0 0 0 1 
1
4
0 0 3 3 0 1 0 1 
1
4
0 1 3 3 0 1 0 1 
1
4
0 1 3 3 0 1 0 0 
1
4
0 0 3 3 0 1 0 0 
1
4
0 0 3 3 0 0 0 0 
1
4
0 1 3 3 0 0 0 0 
1
4
0 1 2 1 1 1 0 1 
1
4
0 0 2 1 1 1 0 1 
1
4
0 0 2 1 1 1 0 0 
1
4
0 1 2 1 1 1 0 0 
1
4
0 1 2 1 0 0 1 1 
0
4
0 0 2 1 0 0 1 1 
0
4
0 0 2 1 0 1 1 1 
0
4
0 1 2 1 0 1 1 1 
0
4
1 1 0 0 0 0 4 1 
0
4
1 1 0 1 0 0 4 1 
0
4
1 1 0 1 0 1 4 1 
0
4
1 1 0 0 0 1 4 1 
0
4
0 1 1 1 0 0 4 1 
0
4
0 0 1 1 0 0 4 1 
0
4
0 0 1 1 0 1 4 1 
0
4
0 1 1 1 0 1 4 1 
0
4
0 1 0 0 1 1 4 1 
0
4
0 0 0 0 1 1 4 1 
0
4
0 0 0 1 1 1 4 1 
0
4
0 1 0 1 1 1 4 1 
0
4
0 1 0 0 0 0 5 1 
0
4
0 0 0 0 0 0 5 1 
0
4
0 0 0 1 0 0 5 1 
0
4
0 1 0 1 0 0 5 1 
0
4
0 1 0 1 0 1 5 1 
0
4
0 0 0 1 0 1 5 1 
0
4
0 0 0 0 0 1 5 1 
0
4
0 1 0 0 0 1 5 1 
0
4
0 1 0 0 0 0 5 3 
0
4
0 0 0 0 0 0 5 3 
0
4
0 0 0 1 0 0 5 3 
0
4
0 1 0 1 0 0 5 3 
0
4
0 1 0 1 0 1 5 3 
0
4
0 0 0 1 0 1 5 3 
0
4
0 0 0 0 0 1 5 3 
0
4
0 1 0 0 0 1 5 3 
0
4
1 1 1 1 0 1 1 1 
0
4
1 1 1 1 0 0 1 1 
0
4
1 1 1 1 0 1 2 1 
0
4
1 1 1 1 0 0 2 1 
0
4
0 1 2 1 0 1 2 1 
1
4
0 0 2 1 0 1 2 1 
1
4
0 0 2 1 0 0 2 1 
1
4
0 1 2 1 0 0 2 1 
1
4
0 1 2 3 0 1 1 1 
0
4
0 0 2 3 0 1 1 1 
0
4
0 0 2 3 0 0 1 1 
0
4
0 1 2 3 0 0 1 1 
0
4
0 1 2 3 0 1 2 1 
1
4
0 0 2 3 0 1 2 1 
1
4
0 0 2 3 0 0 2 1 
1
4
0 1 2 3 0 0 2 1 
1
4
0 1 1 1 1 1 1 1 
0
4
0 0 1 1 1 1 1 1 
0
4
0 1 1 1 1 1 2 1 
1
4
0 0 1 1 1 1 2 1 
1
4
0 1 1 1 0 1 3 3 
1
4
0 0 1 1 0 1 3 3 
1
4
0 0 1 1 0 0 3 3 
1
4
0 1 1 1 0 0 3 3 
1
4
3 5 0 1 0 1 0 1 
1
4
3 5 0 0 0 1 0 1 
1
4
3 5 0 0 0 0 0 1 
1
4
3 5 0 1 0 0 0 1 
1
4
3 5 0 1 0 0 0 0 
1
4
3 5 0 0 0 0 0 0 
1
4
3 5 0 0 0 1 0 0 
1
4
3 5 0 1 0 1 0 0 
1
4
3 7 0 1 0 1 0 1 
1
4
3 7 0 0 0 1 0 1 
1
4
3 7 0 0 0 0 0 1 
1
4
3 7 0 1 0 0 0 1 
1
4
3 7 0 1 0 0 0 0 
1
4
3 7 0 0 0 0 0 0 
1
4
3 7 0 0 0 1 0 0 
1
4
3 7 0 1 0 1 0 0 
1
4
2 3 1 1 0 1 0 1 
1
4
2 3 1 1 0 0 0 1 
1
4
2 3 1 1 0 0 0 0 
1
4
2 3 1 1 0 1 0 0 
1
4
2 3 0 1 1 1 0 1 
1
4
2 3 0 0 1 1 0 1 
1
4
2 3 0 0 1 1 0 0 
1
4
2 3 0 1 1 1 0 0 
1
4
2 3 0 1 0 1 1 1 
0
4
2 3 0 0 0 1 1 1 
0
4
2 3 0 0 0 0 1 1 
0
4
2 3 0 1 0 0 1 1 
0
4
1 1 2 3 0 0 0 1 
1
4
1 1 2 3 0 1 0 1 
1
4
1 1 2 3 0 1 0 0 
1
4
1 1 2 3 0 0 0 0 
1
4
0 1 3 5 0 0 0 1 
1
4
0 0 3 5 0 0 0 1 
1
4
0 0 3 5 0 1 0 1 
1
4
0 1 3 5 0 1 0 1 
1
4
0 1 3 5 0 1 0 0 
1
4
0 0 3 5 0 1 0 0 
1
4
0 0 3 5 0 0 0 0 
1
4
0 1 3 5 0 0 0 0 
1
4
0 1 3 7 0 0 0 1 
1
4
0 0 3 7 0 0 0 1 
1
4
0 0 3 7 0 1 0 1 
1
4
0 1 3 7 0 1 0 1 
1
4
0 1 3 7 0 1 0 0 
1
4
0 0 3 7 0 1 0 0 
1
4
0 0 3 7 0 0 0 0 
1
4
0 1 3 7 0 0 0 0 
1
4
0 1 2 3 1 1 0 1 
1
4
0 0 2 3 1 1 0 1 
1
4
0 0 2 3 1 1 0 0 
1
4
0 1 2 3 1 1 0 0 
1
4
1 1 0 1 0 0 5 3 
0
4
1 1 0 0 0 0 5 3 
0
4
1 1 0 0 0 1 5 3 
0
4
1 1 0 1 0 1 5 3 
0
4
0 1 1 1 0 0 5 3 
0
4
0 0 1 1 0 0 5 3 
0
4
0 0 1 1 0 1 5 3 
0
4
0 1 1 1 0 1 5 3 
0
4
0 1 0 1 1 1 5 3 
0
4
0 0 0 1 1 1 5 3 
0
4
0 0 0 0 1 1 5 3 
0
4
0 1 0 0 1 1 5 3 
0
4
0 1 0 1 0 0 6 5 
0
4
0 0 0 1 0 0 6 5 
0
4
0 0 0 0 0 0 6 5 
0
4
0 1 0 0 0 0 6 5 
0
4
0 1 0 0 0 1 6 5 
0
4
0 0 0 0 0 1 6 5 
0
4
0 0 0 1 0 1 6 5 
0
4
0 1 0 1 0 1 6 5 
0
4
0 1 0 1 0 0 6 7 
1
4
0 0 0 1 0 0 6 7 
1
4
0 0 0 0 0 0 6 7 
1
4
0 1 0 0 0 0 6 7 
1
4
0 1 0 0 0 1 6 7 
1
4
0 0 0 0 0 1 6 7 
1
4
0 0 0 1 0 1 6 7 
1
4
0 1 0 1 0 1 6 7 
1
4
2 1 0 1 0 1 2 1 
0
4
2 1 0 0 0 1 2 1 
0
4
2 1 0 0 0 0 2 1 
0
4
2 1 0 1 0 0 2 1 
0
4
2 1 0 1 0 1 3 1 
1
4
2 1 0 0 0 1 3 1 
1
4
2 1 0 0 0 0 3 1 
1
4
2 1 0 1 0 0 3 1 
1
4
2 3 0 1 0 1 2 1 
0
4
2 3 0 0 0 1 2 1 
0
4
2 3 0 0 0 0 2 1 
0
4
2 3 0 1 0 0 2 1 
0
4
2 3 0 1 0 1 3 1 
1
4
2 3 0 0 0 1 3 1 
1
4
2 3 0 0 0 0 3 1 
1
4
2 3 0 1 0 0 3 1 
1
4
1 1 1 1 0 1 3 1 
1
4
1 1 1 1 0 0 3 1 
1
4
1 1 0 1 1 1 1 1 
0
4
1 1 0 0 1 1 1 1 
0
4
1 1 0 1 1 1 2 1 
0
4
1 1 0 0 1 1 2 1 
0
4
1 1 0 1 1 1 3 1 
1
4
1 1 0 0 1 1 3 1 
1
4
1 1 0 1 0 1 4 3 
1
4
1 1 0 0 0 1 4 3 
1
4
1 1 0 0 0 0 4 3 
1
4
1 1 0 1 0 0 4 3 
1
4
1 1 0 1 0 0 5 1 
0
4
1 1 0 0 0 0 5 1 
0
4
1 1 0 0 0 1 5 1 
0
4
1 1 0 1 0 1 5 1 
0
4
0 1 1 1 0 0 5 1 
0
4
0 0 1 1 0 0 5 1 
0
4
0 0 1 1 0 1 5 1 
0
4
0 1 1 1 0 1 5 1 
0
4
0 1 0 1 1 1 5 1 
0
4
0 0 0 1 1 1 5 1 
0
4
0 0 0 0 1 1 5 1 
0
4
0 1 0 0 1 1 5 1 
0
4
0 1 0 1 0 0 6 1 
0
4
0 0 0 1 0 0 6 1 
0
4
0 0 0 0 0 0 6 1 
0
4
0 1 0 0 0 0 6 1 
0
4
0 1 0 0 0 1 6 1 
0
4
0 0 0 0 0 1 6 1 
0
4
0 0 0 1 0 1 6 1 
0
4
0 1 0 1 0 1 6 1 
0
4
0 1 0 1 0 0 6 3 
0
4
0 0 0 1 0 0 6 3 
0
4
0 0 0 0 0 0 6 3 
0
4
0 1 0 0 0 0 6 3 
0
4
0 1 0 0 0 1 6 3 
0
4
0 0 0 0 0 1 6 3 
0
4
0 0 0 1 0 1 6 3 
0
4
0 1 0 1 0 1 6 3 
0
4
1 1 0 0 0 1 6 1 
0
4
1 1 0 1 0 1 6 1 
0
4
1 1 0 1 0 0 6 1 
0
4
1 1 0 0 0 0 6 1 
0
4
0 1 1 1 0 1 6 1 
0
4
0 0 1 1 0 1 6 1 
0
4
0 0 1 1 0 0 6 1 
0
4
0 1 1 1 0 0 6 1 
0
4
0 1 0 0 1 1 6 1 
0
4
0 0 0 0 1 1 6 1 
0
4
0 0 0 1 1 1 6 1 
0
4
0 1 0 1 1 1 6 1 
0
4
0 1 0 0 0 1 7 1 
0
4
0 0 0 0 0 1 7 1 
0
4
0 0 0 1 0 1 7 1 
0
4
0 1 0 1 0 1 7 1 
0
4
0 1 0 1 0 0 7 1 
0
4
0 0 0 1 0 0 7 1 
0
4
0 0 0 0 0 0 7 1 
0
4
0 1 0 0 0 0 7 1 
0
4
0 1 0 0 0 1 7 3 
0
4
0 0 0 0 0 1 7 3 
0
4
0 0 0 1 0 1 7 3 
0
4
0 1 0 1 0 1 7 3 
0
4
0 1 0 1 0 0 7 3 
0
4
0 0 0 1 0 0 7 3 
0
4
0 0 0 0 0 0 7 3 
0
4
0 1 0 0 0 0 7 3 
0
4
1 1 0 1 0 1 6 3 
0
4
1 1 0 0 0 1 6 3 
0
4
1 1 0 0 0 0 6 3 
0
4
1 1 0 1 0 0 6 3 
0
4
0 0 1 1 0 1 6 3 
0
4
0 1 1 1 0 1 6 3 
0
4
0 1 1 1 0 0 6 3 
0
4
0 0 1 1 0 0 6 3 
0
4
0 0 0 1 1 1 6 3 
0
4
0 1 0 1 1 1 6 3 
0
4
0 1 0 0 1 1 6 3 
0
4
0 0 0 0 1 1 6 3 
0
4
0 0 0 1 0 1 7 5 
0
4
0 1 0 1 0 1 7 5 
0
4
0 1 0 0 0 1 7 5 
0
4
0 0 0 0 0 1 7 5 
0
4
0 0 0 0 0 0 7 5 
0
4
0 1 0 0 0 0 7 5 
0
4
0 1 0 1 0 0 7 5 
0
4
0 0 0 1 0 0 7 5 
0
4
0 0 0 1 0 1 7 7 
1
4
0 1 0 1 0 1 7 7 
1
4
0 1 0 0 0 1 7 7 
1
4
0 0 0 0 0 1 7 7 
1
4
0 0 0 0 0 0 7 7 
1
4
0 1 0 0 0 0 7 7 
1
4
0 1 0 1 0 0 7 7 
1
4
0 0 0 1 0 0 7 7 
1
4
1 1 0 0 0 1 6 5 
0
4
1 1 0 1 0 1 6 5 
0
4
1 1 0 1 0 0 6 5 
0
4
1 1 0 0 0 0 6 5 
0
4
0 1 1 1 0 1 6 5 
0
4
0 0 1 1 0 1 6 5 
0
4
0 0 1 1 0 0 6 5 
0
4
0 1 1 1 0 0 6 5 
0
4
0 1 0 0 1 1 6 5 
0
4
0 0 0 0 1 1 6 5 
0
4
0 0 0 1 1 1 6 5 
0
4
0 1 0 1 1 1 6 5 
0
4
0 1 0 0 0 1 7 9 
0
4
0 0 0 0 0 1 7 9 
0
4
0 0 0 1 0 1 7 9 
0
4
0 1 0 1 0 1 7 9 
0
4
0 1 0 1 0 0 7 9 
0
4
0 0 0 1 0 0 7 9 
0
4
0 0 0 0 0 0 7 9 
0
4
0 1 0 0 0 0 7 9 
0
4
0 1 0 0 0 1 7 11 
1
4
0 0 0 0 0 1 7 11 
1
4
0 0 0 1 0 1 7 11 
1
4
0 1 0 1 0 1 7 11 
1
4
0 1 0 1 0 0 7 11 
1
4
0 0 0 1 0 0 7 11 
1
4
0 0 0 0 0 0 7 11 
1
4
0 1 0 0 0 0 7 11 
1
4
1 1 0 0 0 0 7 3 
0
4
1 1 0 1 0 0 7 3 
0
4
1 1 0 1 0 1 7 3 
0
4
1 1 0 0 0 1 7 3 
0
4
0 0 1 1 0 0 7 3 
0
4
0 1 1 1 0 0 7 3 
0
4
0 1 1 1 0 1 7 3 
0
4
0 0 1 1 0 1 7 3 
0
4
0 0 0 0 1 1 7 3 
0
4
0 1 0 0 1 1 7 3 
0
4
0 1 0 1 1 1 7 3 
0
4
0 0 0 1 1 1 7 3 
0
4
0 0 0 0 0 0 8 5 
1
4
0 1 0 0 0 0 8 5 
1
4
0 1 0 1 0 0 8 5 
1
4
0 0 0 1 0 0 8 5 
1
4
0 0 0 1 0 1 8 5 
1
4
0 1 0 1 0 1 8 5 
1
4
0 1 0 0 0 1 8 5 
1
4
0 0 0 0 0 1 8 5 
1
4
0 0 0 0 0 0 8 7 
0
4
0 1 0 0 0 0 8 7 
0
4
0 1 0 1 0 0 8 7 
0
4
0 0 0 1 0 0 8 7 
0
4
0 0 0 1 0 1 8 7 
0
4
0 1 0 1 0 1 8 7 
0
4
0 1 0 0 0 1 8 7 
0
4
0 0 0 0 0 1 8 7 
0
4
1 1 0 1 0 1 7 5 
0
4
1 1 0 0 0 1 7 5 
0
4
1 1 0 0 0 0 7 5 
0
4
1 1 0 1 0 0 7 5 
0
4
0 0 1 1 0 1 7 5 
0
4
0 1 1 1 0 1 7 5 
0
4
0 1 1 1 0 0 7 5 
0
4
0 0 1 1 0 0 7 5 
0
4
0 0 0 1 1 1 7 5 
0
4
0 1 0 1 1 1 7 5 
0
4
0 1 0 0 1 1 7 5 
0
4
0 0 0 0 1 1 7 5 
0
4
0 0 0 1 0 1 8 9 
0
4
0 1 0 1 0 1 8 9 
0
4
0 1 0 0 0 1 8 9 
0
4
0 0 0 0 0 1 8 9 
0
4
0 0 0 0 0 0 8 9 
0
4
0 1 0 0 0 0 8 9 
0
4
0 1 0 1 0 0 8 9 
0
4
0 0 0 1 0 0 8 9 
0
4
0 0 0 1 0 1 8 11 
1
4
0 1 0 1 0 1 8 11 
1
4
0 1 0 0 0 1 8 11 
1
4
0 0 0 0 0 1 8 11 
1
4
0 0 0 0 0 0 8 11 
1
4
0 1 0 0 0 0 8 11 
1
4
0 1 0 1 0 0 8 11 
1
4
0 0 0 1 0 0 8 11 
1
4
1 1 0 0 0 0 7 9 
0
4
1 1 0 1 0 0 7 9 
0
4
1 1 0 1 0 1 7 9 
0
4
1 1 0 0 0 1 7 9 
0
4
0 0 1 1 0 0 7 9 
0
4
0 1 1 1 0 0 7 9 
0
4
0 1 1 1 0 1 7 9 
0
4
0 0 1 1 0 1 7 9 
0
4
0 0 0 0 1 1 7 9 
0
4
0 1 0 0 1 1 7 9 
0
4
0 1 0 1 1 1 7 9 
0
4
0 0 0 1 1 1 7 9 
0
4
0 0 0 0 0 0 8 17 
0
4
0 1 0 0 0 0 8 17 
0
4
0 1 0 1 0 0 8 17 
0
4
0 0 0 1 0 0 8 17 
0
4
0 0 0 1 0 1 8 17 
0
4
0 1 0 1 0 1 8 17 
0
4
0 1 0 0 0 1 8 17 
0
4
0 0 0 0 0 1 8 17 
0
4
0 0 0 0 0 0 8 19 
1
4
0 1 0 0 0 0 8 19 
1
4
0 1 0 1 0 0 8 19 
1
4
0 0 0 1 0 0 8 19 
1
4
0 0 0 1 0 1 8 19 
1
4
0 1 0 1 0 1 8 19 
1
4
0 1 0 0 0 1 8 19 
1
4
0 0 0 0 0 1 8 19 
1
4
1 1 0 0 0 0 8 9 
0
4
1 1 0 1 0 0 8 9 
0
4
1 1 0 1 0 1 8 9 
0
4
1 1 0 0 0 1 8 9 
0
4
0 1 1 1 0 0 8 9 
0
4
0 0 1 1 0 0 8 9 
0
4
0 0 1 1 0 1 8 9 
0
4
0 1 1 1 0 1 8 9 
0
4
0 1 0 0 1 1 8 9 
0
4
0 0 0 0 1 1 8 9 
0
4
0 0 0 1 1 1 8 9 
0
4
0 1 0 1 1 1 8 9 
0
4
0 1 0 0 0 0 9 17 
0
4
0 0 0 0 0 0 9 17 
0
4
0 0 0 1 0 0 9 17 
0
4
0 1 0 1 0 0 9 17 
0
4
0 1 0 1 0 1 9 17 
0
4
0 0 0 1 0 1 9 17 
0
4
0 0 0 0 0 1 9 17 
0
4
0 1 0 0 0 1 9 17 
0
4
0 1 0 0 0 0 9 19 
1
4
0 0 0 0 0 0 9 19 
1
4
0 0 0 1 0 0 9 19 
1
4
0 1 0 1 0 0 9 19 
1
4
0 1 0 1 0 1 9 19 
1
4
0 0 0 1 0 1 9 19 
1
4
0 0 0 0 0 1 9 19 
1
4
0 1 0 0 0 1 9 19 
1
4
1 1 0 0 0 0 7 1 
1
4
1 1 0 1 0 0 7 1 
1
4
1 1 0 1 0 1 7 1 
1
4
1 1 0 0 0 1 7 1 
1
4
0 0 1 1 0 0 7 1 
1
4
0 1 1 1 0 0 7 1 
1
4
0 1 1 1 0 1 7 1 
1
4
0 0 1 1 0 1 7 1 
1
4
0 0 0 0 1 1 7 1 
1
4
0 1 0 0 1 1 7 1 
1
4
0 1 0 1 1 1 7 1 
1
4
0 0 0 1 1 1 7 1 
1
4
0 0 0 0 0 0 8 1 
1
4
0 1 0 0 0 0 8 1 
1
4
0 1 0 1 0 0 8 1 
1
4
0 0 0 1 0 0 8 1 
1
4
0 0 0 1 0 1 8 1 
1
4
0 1 0 1 0 1 8 1 
1
4
0 1 0 0 0 1 8 1 
1
4
0 0 0 0 0 1 8 1 
1
4
0 0 0 0 0 0 8 3 
1
4
0 1 0 0 0 0 8 3 
1
4
0 1 0 1 0 0 8 3 
1
4
0 0 0 1 0 0 8 3 
1
4
0 0 0 1 0 1 8 3 
1
4
0 1 0 1 0 1 8 3 
1
4
0 1 0 0 0 1 8 3 
1
4
0 0 0 0 0 1 8 3 
1
4
1 1 0 0 0 1 8 7 
1
4
1 1 0 1 0 1 8 7 
1
4
1 1 0 1 0 0 8 7 
1
4
1 1 0 0 0 0 8 7 
1
4
0 0 1 1 0 1 8 7 
1
4
0 1 1 1 0 1 8 7 
1
4
0 1 1 1 0 0 8 7 
1
4
0 0 1 1 0 0 8 7 
1
4
0 0 0 0 1 1 8 7 
1
4
0 1 0 0 1 1 8 7 
1
4
0 1 0 1 1 1 8 7 
1
4
0 0 0 1 1 1 8 7 
1
4
0 0 0 0 0 1 9 13 
1
4
0 1 0 0 0 1 9 13 
1
4
0 1 0 1 0 1 9 13 
1
4
0 0 0 1 0 1 9 13 
1
4
0 0 0 1 0 0 9 13 
1
4
0 1 0 1 0 0 9 13 
1
4
0 1 0 0 0 0 9 13 
1
4
0 0 0 0 0 0 9 13 
1
4
0 0 0 0 0 1 9 15 
1
4
0 1 0 0 0 1 9 15 
1
4
0 1 0 1 0 1 9 15 
1
4
0 0 0 1 0 1 9 15 
1
4
0 0 0 1 0 0 9 15 
1
4
0 1 0 1 0 0 9 15 
1
4
0 1 0 0 0 0 9 15 
1
4
0 0 0 0 0 0 9 15 
1
4
1 1 0 1 0 1 8 17 
0
4
1 1 0 0 0 1 8 17 
0
4
1 1 0 0 0 0 8 17 
0
4
1 1 0 1 0 0 8 17 
0
4
0 0 1 1 0 1 8 17 
0
4
0 1 1 1 0 1 8 17 
0
4
0 1 1 1 0 0 8 17 
0
4
0 0 1 1 0 0 8 17 
0
4
0 0 0 1 1 1 8 17 
0
4
0 1 0 1 1 1 8 17 
0
4
0 1 0 0 1 1 8 17 
0
4
0 0 0 0 1 1 8 17 
0
4
0 0 0 1 0 1 9 33 
0
4
0 1 0 1 0 1 9 33 
0
4
0 1 0 0 0 1 9 33 
0
4
0 0 0 0 0 1 9 33 
0
4
0 0 0 0 0 0 9 33 
0
4
0 1 0 0 0 0 9 33 
0
4
0 1 0 1 0 0 9 33 
0
4
0 0 0 1 0 0 9 33 
0
4
0 0 0 1 0 1 9 35 
1
4
0 1 0 1 0 1 9 35 
1
4
0 1 0 0 0 1 9 35 
1
4
0 0 0 0 0 1 9 35 
1
4
0 0 0 0 0 0 9 35 
1
4
0 1 0 0 0 0 9 35 
1
4
0 1 0 1 0 0 9 35 
1
4
0 0 0 1 0 0 9 35 
1
4
1 1 0 0 0 0 9 17 
0
4
1 1 0 1 0 0 9 17 
0
4
1 1 0 1 0 1 9 17 
0
4
1 1 0 0 0 1 9 17 
0
4
0 1 1 1 0 0 9 17 
0
4
0 0 1 1 0 0 9 17 
0
4
0 0 1 1 0 1 9 17 
0
4
0 1 1 1 0 1 9 17 
0
4
0 1 0 0 1 1 9 17 
0
4
0 0 0 0 1 1 9 17 
0
4
0 0 0 1 1 1 9 17 
0
4
0 1 0 1 1 1 9 17 
0
4
0 1 0 0 0 0 10 33 
0
4
0 0 0 0 0 0 10 33 
0
4
0 0 0 1 0 0 10 33 
0
4
0 1 0 1 0 0 10 33 
0
4
0 1 0 1 0 1 10 33 
0
4
0 0 0 1 0 1 10 33 
0
4
0 0 0 0 0 1 10 33 
0
4
0 1 0 0 0 1 10 33 
0
4
0 1 0 0 0 0 10 35 
0
4
0 0 0 0 0 0 10 35 
0
4
0 0 0 1 0 0 10 35 
0
4
0 1 0 1 0 0 10 35 
0
4
0 1 0 1 0 1 10 35 
0
4
0 0 0 1 0 1 10 35 
0
4
0 0 0 0 0 1 10 35 
0
4
0 1 0 0 0 1 10 35 
0
4
1 1 0 0 0 0 9 33 
0
4
1 1 0 1 0 0 9 33 
0
4
1 1 0 1 0 1 9 33 
0
4
1 1 0 0 0 1 9 33 
0
4
0 0 1 1 0 0 9 33 
0
4
0 1 1 1 0 0 9 33 
0
4
0 1 1 1 0 1 9 33 
0
4
0 0 1 1 0 1 9 33 
0
4
0 0 0 0 1 1 9 33 
0
4
0 1 0 0 1 1 9 33 
0
4
0 1 0 1 1 1 9 33 
0
4
0 0 0 1 1 1 9 33 
0
4
0 0 0 0 0 0 10 65 
0
4
0 1 0 0 0 0 10 65 
0
4
0 1 0 1 0 0 10 65 
0
4
0 0 0 1 0 0 10 65 
0
4
0 0 0 1 0 1 10 65 
0
4
0 1 0 1 0 1 10 65 
0
4
0 1 0 0 0 1 10 65 
0
4
0 0 0 0 0 1 10 65 
0
4
0 0 0 0 0 0 10 67 
0
4
0 1 0 0 0 0 10 67 
0
4
0 1 0 1 0 0 10 67 
0
4
0 0 0 1 0 0 10 67 
0
4
0 0 0 1 0 1 10 67 
0
4
0 1 0 1 0 1 10 67 
0
4
0 1 0 0 0 1 10 67 
0
4
0 0 0 0 0 1 10 67 
0
4
1 1 0 1 0 0 10 35 
1
4
1 1 0 0 0 0 10 35 
1
4
1 1 0 0 0 1 10 35 
1
4
1 1 0 1 0 1 10 35 
1
4
0 0 1 1 0 0 10 35 
1
4
0 1 1 1 0 0 10 35 
1
4
0 1 1 1 0 1 10 35 
1
4
0 0 1 1 0 1 10 35 
1
4
0 0 0 1 1 1 10 35 
1
4
0 1 0 1 1 1 10 35 
1
4
0 1 0 0 1 1 10 35 
1
4
0 0 0 0 1 1 10 35 
1
4
0 0 0 1 0 0 11 69 
1
4
0 1 0 1 0 0 11 69 
1
4
0 1 0 0 0 0 11 69 
1
4
0 0 0 0 0 0 11 69 
1
4
0 0 0 0 0 1 11 69 
1
4
0 1 0 0 0 1 11 69 
1
4
0 1 0 1 0 1 11 69 
1
4
0 0 0 1 0 1 11 69 
1
4
0 0 0 1 0 0 11 71 
1
4
0 1 0 1 0 0 11 71 
1
4
0 1 0 0 0 0 11 71 
1
4
0 0 0 0 0 0 11 71 
1
4
0 0 0 0 0 1 11 71 
1
4
0 1 0 0 0 1 11 71 
1
4
0 1 0 1 0 1 11 71 
1
4
0 0 0 1 0 1 11 71 
1
4
1 1 0 1 0 1 10 33 
0
4
1 1 0 0 0 1 10 33 
0
4
1 1 0 0 0 0 10 33 
0
4
1 1 0 1 0 0 10 33 
0
4
0 0 1 1 0 1 10 33 
0
4
0 1 1 1 0 1 10 33 
0
4
0 1 1 1 0 0 10 33 
0
4
0 0 1 1 0 0 10 33 
0
4
0 0 0 1 1 1 10 33 
0
4
0 1 0 1 1 1 10 33 
0
4
0 1 0 0 1 1 10 33 
0
4
0 0 0 0 1 1 10 33 
0
4
0 0 0 1 0 1 11 65 
0
4
0 1 0 1 0 1 11 65 
0
4
0 1 0 0 0 1 11 65 
0
4
0 0 0 0 0 1 11 65 
0
4
0 0 0 0 0 0 11 65 
0
4
0 1 0 0 0 0 11 65 
0
4
0 1 0 1 0 0 11 65 
0
4
0 0 0 1 0 0 11 65 
0
4
0 0 0 1 0 1 11 67 
0
4
0 1 0 1 0 1 11 67 
0
4
0 1 0 0 0 1 11 67 
0
4
0 0 0 0 0 1 11 67 
0
4
0 0 0 0 0 0 11 67 
0
4
0 1 0 0 0 0 11 67 
0
4
0 1 0 1 0 0 11 67 
0
4
0 0 0 1 0 0 11 67 
0
4
1 1 0 0 0 0 10 67 
0
4
1 1 0 1 0 0 10 67 
0
4
1 1 0 1 0 1 10 67 
0
4
1 1 0 0 0 1 10 67 
0
4
0 0 1 1 0 0 10 67 
0
4
0 1 1 1 0 0 10 67 
0
4
0 1 1 1 0 1 10 67 
0
4
0 0 1 1 0 1 10 67 
0
4
0 0 0 0 1 1 10 67 
0
4
0 1 0 0 1 1 10 67 
0
4
0 1 0 1 1 1 10 67 
0
4
0 0 0 1 1 1 10 67 
0
4
0 0 0 0 0 0 11 133 
0
4
0 1 0 0 0 0 11 133 
0
4
0 1 0 1 0 0 11 133 
0
4
0 0 0 1 0 0 11 133 
0
4
0 0 0 1 0 1 11 133 
0
4
0 1 0 1 0 1 11 133 
0
4
0 1 0 0 0 1 11 133 
0
4
0 0 0 0 0 1 11 133 
0
4
0 0 0 0 0 0 11 135 
1
4
0 1 0 0 0 0 11 135 
1
4
0 1 0 1 0 0 11 135 
1
4
0 0 0 1 0 0 11 135 
1
4
0 0 0 1 0 1 11 135 
1
4
0 1 0 1 0 1 11 135 
1
4
0 1 0 0 0 1 11 135 
1
4
0 0 0 0 0 1 11 135 
1
4
1 1 0 1 0 0 11 65 
0
4
1 1 0 0 0 0 11 65 
0
4
1 1 0 0 0 1 11 65 
0
4
1 1 0 1 0 1 11 65 
0
4
0 0 1 1 0 0 11 65 
0
4
0 1 1 1 0 0 11 65 
0
4
0 1 1 1 0 1 11 65 
0
4
0 0 1 1 0 1 11 65 
0
4
0 0 0 1 1 1 11 65 
0
4
0 1 0 1 1 1 11 65 
0
4
0 1 0 0 1 1 11 65 
0
4
0 0 0 0 1 1 11 65 
0
4
0 0 0 1 0 0 12 129 
1
4
0 1 0 1 0 0 12 129 
1
4
0 1 0 0 0 0 12 129 
1
4
0 0 0 0 0 0 12 129 
1
4
0 0 0 0 0 1 12 129 
1
4
0 1 0 0 0 1 12 129 
1
4
0 1 0 1 0 1 12 129 
1
4
0 0 0 1 0 1 12 129 
1
4
0 0 0 1 0 0 12 131 
0
4
0 1 0 1 0 0 12 131 
0
4
0 1 0 0 0 0 12 131 
0
4
0 0 0 0 0 0 12 131 
0
4
0 0 0 0 0 1 12 131 
0
4
0 1 0 0 0 1 12 131 
0
4
0 1 0 1 0 1 12 131 
0
4
0 0 0 1 0 1 12 131 
0
4
1 1 0 0 0 0 11 67 
0
4
1 1 0 1 0 0 11 67 
0
4
1 1 0 1 0 1 11 67 
0
4
1 1 0 0 0 1 11 67 
0
4
0 1 1 1 0 0 11 67 
0
4
0 0 1 1 0 0 11 67 
0
4
0 0 1 1 0 1 11 67 
0
4
0 1 1 1 0 1 11 67 
0
4
0 1 0 0 1 1 11 67 
0
4
0 0 0 0 1 1 11 67 
0
4
0 0 0 1 1 1 11 67 
0
4
0 1 0 1 1 1 11 67 
0
4
0 1 0 0 0 0 12 133 
0
4
0 0 0 0 0 0 12 133 
0
4
0 0 0 1 0 0 12 133 
0
4
0 1 0 1 0 0 12 133 
0
4
0 1 0 1 0 1 12 133 
0
4
0 0 0 1 0 1 12 133 
0
4
0 0 0 0 0 1 12 133 
0
4
0 1 0 0 0 1 12 133 
0
4
0 1 0 0 0 0 12 135 
1
4
0 0 0 0 0 0 12 135 
1
4
0 0 0 1 0 0 12 135 
1
4
0 1 0 1 0 0 12 135 
1
4
0 1 0 1 0 1 12 135 
1
4
0 0 0 1 0 1 12 135 
1
4
0 0 0 0 0 1 12 135 
1
4
0 1 0 0 0 1 12 135 
1
4
1 1 0 0 0 0 11 133 
0
4
1 1 0 1 0 0 11 133 
0
4
1 1 0 1 0 1 11 133 
0
4
1 1 0 0 0 1 11 133 
0
4
0 0 1 1 0 0 11 133 
0
4
0 1 1 1 0 0 11 133 
0
4
0 1 1 1 0 1 11 133 
0
4
0 0 1 1 0 1 11 133 
0
4
0 0 0 0 1 1 11 133 
0
4
0 1 0 0 1 1 11 133 
0
4
0 1 0 1 1 1 11 133 
0
4
0 0 0 1 1 1 11 133 
0
4
0 0 0 0 0 0 12 265 
0
4
0 1 0 0 0 0 12 265 
0
4
0 1 0 1 0 0 12 265 
0
4
0 0 0 1 0 0 12 265 
0
4
0 0 0 1 0 1 12 265 
0
4
0 1 0 1 0 1 12 265 
0
4
0 1 0 0 0 1 12 265 
0
4
0 0 0 0 0 1 12 265 
0
4
0 0 0 0 0 0 12 267 
1
4
0 1 0 0 0 0 12 267 
1
4
0 1 0 1 0 0 12 267 
1
4
0 0 0 1 0 0 12 267 
1
4
0 0 0 1 0 1 12 267 
1
4
0 1 0 1 0 1 12 267 
1
4
0 1 0 0 0 1 12 267 
1
4
0 0 0 0 0 1 12 267 
1
4
1 1 0 0 0 0 12 131 
0
4
1 1 0 1 0 0 12 131 
0
4
1 1 0 1 0 1 12 131 
0
4
1 1 0 0 0 1 12 131 
0
4
0 0 1 1 0 0 12 131 
0
4
0 1 1 1 0 0 12 131 
0
4
0 1 1 1 0 1 12 131 
0
4
0 0 1 1 0 1 12 131 
0
4
0 0 0 0 1 1 12 131 
0
4
0 1 0 0 1 1 12 131 
0
4
0 1 0 1 1 1 12 131 
0
4
0 0 0 1 1 1 12 131 
0
4
0 0 0 0 0 0 13 261 
1
4
0 1 0 0 0 0 13 261 
1
4
0 1 0 1 0 0 13 261 
1
4
0 0 0 1 0 0 13 261 
1
4
0 0 0 1 0 1 13 261 
1
4
0 1 0 1 0 1 13 261 
1
4
0 1 0 0 0 1 13 261 
1
4
0 0 0 0 0 1 13 261 
1
4
0 0 0 0 0 0 13 263 
0
4
0 1 0 0 0 0 13 263 
0
4
0 1 0 1 0 0 13 263 
0
4
0 0 0 1 0 0 13 263 
0
4
0 0 0 1 0 1 13 263 
0
4
0 1 0 1 0 1 13 263 
0
4
0 1 0 0 0 1 13 263 
0
4
0 0 0 0 0 1 13 263 
0
4
1 1 0 0 0 0 12 133 
0
4
1 1 0 1 0 0 12 133 
0
4
1 1 0 1 0 1 12 133 
0
4
1 1 0 0 0 1 12 133 
0
4
0 1 1 1 0 0 12 133 
0
4
0 0 1 1 0 0 12 133 
0
4
0 0 1 1 0 1 12 133 
0
4
0 1 1 1 0 1 12 133 
0
4
0 1 0 0 1 1 12 133 
0
4
0 0 0 0 1 1 12 133 
0
4
0 0 0 1 1 1 12 133 
0
4
0 1 0 1 1 1 12 133 
0
4
0 1 0 0 0 0 13 265 
0
4
0 0 0 0 0 0 13 265 
0
4
0 0 0 1 0 0 13 265 
0
4
0 1 0 1 0 0 13 265 
0
4
0 1 0 1 0 1 13 265 
0
4
0 0 0 1 0 1 13 265 
0
4
0 0 0 0 0 1 13 265 
0
4
0 1 0 0 0 1 13 265 
0
4
0 1 0 0 0 0 13 267 
1
4
0 0 0 0 0 0 13 267 
1
4
0 0 0 1 0 0 13 267 
1
4
0 1 0 1 0 0 13 267 
1
4
0 1 0 1 0 1 13 267 
1
4
0 0 0 1 0 1 13 267 
1
4
0 0 0 0 0 1 13 267 
1
4
0 1 0 0 0 1 13 267 
1
4
3 1 0 1 0 1 1 1 
0
4
3 1 0 0 0 1 1 1 
0
4
3 1 0 0 0 0 1 1 
0
4
3 1 0 1 0 0 1 1 
0
4
3 1 0 1 0 1 2 1 
1
4
3 1 0 0 0 1 2 1 
1
4
3 1 0 0 0 0 2 1 
1
4
3 1 0 1 0 0 2 1 
1
4
3 3 0 1 0 1 1 1 
0
4
3 3 0 0 0 1 1 1 
0
4
3 3 0 0 0 0 1 1 
0
4
3 3 0 1 0 0 1 1 
0
4
3 3 0 1 0 1 2 1 
1
4
3 3 0 0 0 1 2 1 
1
4
3 3 0 0 0 0 2 1 
1
4
3 3 0 1 0 0 2 1 
1
4
2 1 1 1 0 1 1 1 
0
4
2 1 1 1 0 0 1 1 
0
4
2 1 1 1 0 1 2 1 
1
4
2 1 1 1 0 0 2 1 
1
4
2 1 0 1 1 1 1 1 
0
4
2 1 0 0 1 1 1 1 
0
4
2 1 0 1 1 1 2 1 
1
4
2 1 0 0 1 1 2 1 
1
4
1 1 0 1 0 1 3 3 
0
4
1 1 0 0 0 1 3 3 
0
4
1 1 0 0 0 0 3 3 
0
4
1 1 0 1 0 0 3 3 
0
4
2 1 0 1 0 1 3 3 
1
4
2 1 0 0 0 1 3 3 
1
4
2 1 0 0 0 0 3 3 
1
4
2 1 0 1 0 0 3 3 
1
4
1 1 0 1 0 0 13 263 
0
4
1 1 0 0 0 0 13 263 
0
4
1 1 0 0 0 1 13 263 
0
4
1 1 0 1 0 1 13 263 
0
4
0 0 1 1 0 0 13 263 
0
4
0 1 1 1 0 0 13 263 
0
4
0 1 1 1 0 1 13 263 
0
4
0 0 1 1 0 1 13 263 
0
4
0 0 0 1 1 1 13 263 
0
4
0 1 0 1 1 1 13 263 
0
4
0 1 0 0 1 1 13 263 
0
4
0 0 0 0 1 1 13 263 
0
4
0 0 0 1 0 0 14 525 
1
4
0 1 0 1 0 0 14 525 
1
4
0 1 0 0 0 0 14 525 
1
4
0 0 0 0 0 0 14 525 
1
4
0 0 0 0 0 1 14 525 
1
4
0 1 0 0 0 1 14 525 
1
4
0 1 0 1 0 1 14 525 
1
4
0 0 0 1 0 1 14 525 
1
4
0 0 0 1 0 0 14 527 
0
4
0 1 0 1 0 0 14 527 
0
4
0 1 0 0 0 0 14 527 
0
4
0 0 0 0 0 0 14 527 
0
4
0 0 0 0 0 1 14 527 
0
4
0 1 0 0 0 1 14 527 
0
4
0 1 0 1 0 1 14 527 
0
4
0 0 0 1 0 1 14 527 
0
4
1 1 0 0 0 0 13 265 
0
4
1 1 0 1 0 0 13 265 
0
4
1 1 0 1 0 1 13 265 
0
4
1 1 0 0 0 1 13 265 
0
4
0 1 1 1 0 0 13 265 
0
4
0 0 1 1 0 0 13 265 
0
4
0 0 1 1 0 1 13 265 
0
4
0 1 1 1 0 1 13 265 
0
4
0 1 0 0 1 1 13 265 
0
4
0 0 0 0 1 1 13 265 
0
4
0 0 0 1 1 1 13 265 
0
4
0 1 0 1 1 1 13 265 
0
4
0 1 0 0 0 0 14 529 
0
4
0 0 0 0 0 0 14 529 
0
4
0 0 0 1 0 0 14 529 
0
4
0 1 0 1 0 0 14 529 
0
4
0 1 0 1 0 1 14 529 
0
4
0 0 0 1 0 1 14 529 
0
4
0 0 0 0 0 1 14 529 
0
4
0 1 0 0 0 1 14 529 
0
4
0 1 0 0 0 0 14 531 
1
4
0 0 0 0 0 0 14 531 
1
4
0 0 0 1 0 0 14 531 
1
4
0 1 0 1 0 0 14 531 
1
4
0 1 0 1 0 1 14 531 
1
4
0 0 0 1 0 1 14 531 
1
4
0 0 0 0 0 1 14 531 
1
4
0 1 0 0 0 1 14 531 
1
4
1 1 0 1 0 1 12 265 
0
4
1 1 0 0 0 1 12 265 
0
4
1 1 0 0 0 0 12 265 
0
4
1 1 0 1 0 0 12 265 
0
4
0 0 1 1 0 1 12 265 
0
4
0 1 1 1 0 1 12 265 
0
4
0 1 1 1 0 0 12 265 
0
4
0 0 1 1 0 0 12 265 
0
4
0 0 0 1 1 1 12 265 
0
4
0 1 0 1 1 1 12 265 
0
4
0 1 0 0 1 1 12 265 
0
4
0 0 0 0 1 1 12 265 
0
4
0 0 0 1 0 1 13 529 
0
4
0 1 0 1 0 1 13 529 
0
4
0 1 0 0 0 1 13 529 
0
4
0 0 0 0 0 1 13 529 
0
4
0 0 0 0 0 0 13 529 
0
4
0 1 0 0 0 0 13 529 
0
4
0 1 0 1 0 0 13 529 
0
4
0 0 0 1 0 0 13 529 
0
4
0 0 0 1 0 1 13 531 
1
4
0 1 0 1 0 1 13 531 
1
4
0 1 0 0 0 1 13 531 
1
4
0 0 0 0 0 1 13 531 
1
4
0 0 0 0 0 0 13 531 
1
4
0 1 0 0 0 0 13 531 
1
4
0 1 0 1 0 0 13 531 
1
4
0 0 0 1 0 0 13 531 
1
4
1 1 0 1 0 1 13 529 
0
4
1 1 0 0 0 1 13 529 
0
4
1 1 0 0 0 0 13 529 
0
4
1 1 0 1 0 0 13 529 
0
4
0 0 1 1 0 1 13 529 
0
4
0 1 1 1 0 1 13 529 
0
4
0 1 1 1 0 0 13 529 
0
4
0 0 1 1 0 0 13 529 
0
4
0 0 0 1 1 1 13 529 
0
4
0 1 0 1 1 1 13 529 
0
4
0 1 0 0 1 1 13 529 
0
4
0 0 0 0 1 1 13 529 
0
4
0 0 0 1 0 1 14 1057 
0
4
0 1 0 1 0 1 14 1057 
0
4
0 1 0 0 0 1 14 1057 
0
4
0 0 0 0 0 1 14 1057 
0
4
0 0 0 0 0 0 14 1057 
0
4
0 1 0 0 0 0 14 1057 
0
4
0 1 0 1 0 0 14 1057 
0
4
0 0 0 1 0 0 14 1057 
0
4
0 0 0 1 0 1 14 1059 
1
4
0 1 0 1 0 1 14 1059 
1
4
0 1 0 0 0 1 14 1059 
1
4
0 0 0 0 0 1 14 1059 
1
4
0 0 0 0 0 0 14 1059 
1
4
0 1 0 0 0 0 14 1059 
1
4
0 1 0 1 0 0 14 1059 
1
4
0 0 0 1 0 0 14 1059 
1
4
1 1 0 0 0 0 14 527 
1
4
1 1 0 1 0 0 14 527 
1
4
1 1 0 1 0 1 14 527 
1
4
1 1 0 0 0 1 14 527 
1
4
0 0 1 1 0 0 14 527 
1
4
0 1 1 1 0 0 14 527 
1
4
0 1 1 1 0 1 14 527 
1
4
0 0 1 1 0 1 14 527 
1
4
0 0 0 0 1 1 14 527 
1
4
0 1 0 0 1 1 14 527 
1
4
0 1 0 1 1 1 14 527 
1
4
0 0 0 1 1 1 14 527 
1
4
0 0 0 0 0 0 15 1053 
1
4
0 1 0 0 0 0 15 1053 
1
4
0 1 0 1 0 0 15 1053 
1
4
0 0 0 1 0 0 15 1053 
1
4
0 0 0 1 0 1 15 1053 
1
4
0 1 0 1 0 1 15 1053 
1
4
0 1 0 0 0 1 15 1053 
1
4
0 0 0 0 0 1 15 1053 
1
4
0 0 0 0 0 0 15 1055 
1
4
0 1 0 0 0 0 15 1055 
1
4
0 1 0 1 0 0 15 1055 
1
4
0 0 0 1 0 0 15 1055 
1
4
0 0 0 1 0 1 15 1055 
1
4
0 1 0 1 0 1 15 1055 
1
4
0 1 0 0 0 1 15 1055 
1
4
0 0 0 0 0 1 15 1055 
1
4
1 1 0 0 0 1 10 65 
1
4
1 1 0 1 0 1 10 65 
1
4
1 1 0 1 0 0 10 65 
1
4
1 1 0 0 0 0 10 65 
1
4
0 0 1 1 0 1 10 65 
1
4
0 1 1 1 0 1 10 65 
1
4
0 1 1 1 0 0 10 65 
1
4
0 0 1 1 0 0 10 65 
1
4
0 0 0 0 1 1 10 65 
1
4
0 1 0 0 1 1 10 65 
1
4
0 1 0 1 1 1 10 65 
1
4
0 0 0 1 1 1 10 65 
1
4
0 0 0 0 0 1 11 129 
1
4
0 1 0 0 0 1 11 129 
1
4
0 1 0 1 0 1 11 129 
1
4
0 0 0 1 0 1 11 129 
1
4
0 0 0 1 0 0 11 129 
1
4
0 1 0 1 0 0 11 129 
1
4
0 1 0 0 0 0 11 129 
1
4
0 0 0 0 0 0 11 129 
1
4
0 0 0 0 0 1 11 131 
1
4
0 1 0 0 0 1 11 131 
1
4
0 1 0 1 0 1 11 131 
1
4
0 0 0 1 0 1 11 131 
1
4
0 0 0 1 0 0 11 131 
1
4
0 1 0 1 0 0 11 131 
1
4
0 1 0 0 0 0 11 131 
1
4
0 0 0 0 0 0 11 131 
1
4
1 1 0 0 0 0 14 529 
0
4
1 1 0 1 0 0 14 529 
0
4
1 1 0 1 0 1 14 529 
0
4
1 1 0 0 0 1 14 529 
0
4
0 1 1 1 0 0 14 529 
0
4
0 0 1 1 0 0 14 529 
0
4
0 0 1 1 0 1 14 529 
0
4
0 1 1 1 0 1 14 529 
0
4
0 1 0 0 1 1 14 529 
0
4
0 0 0 0 1 1 14 529 
0
4
0 0 0 1 1 1 14 529 
0
4
0 1 0 1 1 1 14 529 
0
4
0 1 0 0 0 0 15 1057 
0
4
0 0 0 0 0 0 15 1057 
0
4
0 0 0 1 0 0 15 1057 
0
4
0 1 0 1 0 0 15 1057 
0
4
0 1 0 1 0 1 15 1057 
0
4
0 0 0 1 0 1 15 1057 
0
4
0 0 0 0 0 1 15 1057 
0
4
0 1 0 0 0 1 15 1057 
0
4
0 1 0 0 0 0 15 1059 
0
4
0 0 0 0 0 0 15 1059 
0
4
0 0 0 1 0 0 15 1059 
0
4
0 1 0 1 0 0 15 1059 
0
4
0 1 0 1 0 1 15 1059 
0
4
0 0 0 1 0 1 15 1059 
0
4
0 0 0 0 0 1 15 1059 
0
4
0 1 0 0 0 1 15 1059 
0
4
1 1 0 1 0 0 15 1059 
1
4
1 1 0 0 0 0 15 1059 
1
4
1 1 0 0 0 1 15 1059 
1
4
1 1 0 1 0 1 15 1059 
1
4
0 0 1 1 0 0 15 1059 
1
4
0 1 1 1 0 0 15 1059 
1
4
0 1 1 1 0 1 15 1059 
1
4
0 0 1 1 0 1 15 1059 
1
4
0 0 0 1 1 1 15 1059 
1
4
0 1 0 1 1 1 15 1059 
1
4
0 1 0 0 1 1 15 1059 
1
4
0 0 0 0 1 1 15 1059 
1
4
0 0 0 1 0 0 16 2117 
1
4
0 1 0 1 0 0 16 2117 
1
4
0 1 0 0 0 0 16 2117 
1
4
0 0 0 0 0 0 16 2117 
1
4
0 0 0 0 0 1 16 2117 
1
4
0 1 0 0 0 1 16 2117 
1
4
0 1 0 1 0 1 16 2117 
1
4
0 0 0 1 0 1 16 2117 
1
4
0 0 0 1 0 0 16 2119 
1
4
0 1 0 1 0 0 16 2119 
1
4
0 1 0 0 0 0 16 2119 
1
4
0 0 0 0 0 0 16 2119 
1
4
0 0 0 0 0 1 16 2119 
1
4
0 1 0 0 0 1 16 2119 
1
4
0 1 0 1 0 1 16 2119 
1
4
0 0 0 1 0 1 16 2119 
1
4
1 1 0 0 0 0 14 1057 
0
4
1 1 0 1 0 0 14 1057 
0
4
1 1 0 1 0 1 14 1057 
0
4
1 1 0 0 0 1 14 1057 
0
4
0 0 1 1 0 0 14 1057 
0
4
0 1 1 1 0 0 14 1057 
0
4
0 1 1 1 0 1 14 1057 
0
4
0 0 1 1 0 1 14 1057 
0
4
0 0 0 0 1 1 14 1057 
0
4
0 1 0 0 1 1 14 1057 
0
4
0 1 0 1 1 1 14 1057 
0
4
0 0 0 1 1 1 14 1057 
0
4
0 0 0 0 0 0 15 2113 
0
4
0 1 0 0 0 0 15 2113 
0
4
0 1 0 1 0 0 15 2113 
0
4
0 0 0 1 0 0 15 2113 
0
4
0 0 0 1 0 1 15 2113 
0
4
0 1 0 1 0 1 15 2113 
0
4
0 1 0 0 0 1 15 2113 
0
4
0 0 0 0 0 1 15 2113 
0
4
0 0 0 0 0 0 15 2115 
0
4
0 1 0 0 0 0 15 2115 
0
4
0 1 0 1 0 0 15 2115 
0
4
0 0 0 1 0 0 15 2115 
0
4
0 0 0 1 0 1 15 2115 
0
4
0 1 0 1 0 1 15 2115 
0
4
0 1 0 0 0 1 15 2115 
0
4
0 0 0 0 0 1 15 2115 
0
4
1 1 0 0 0 0 15 1057 
0
4
1 1 0 1 0 0 15 1057 
0
4
1 1 0 1 0 1 15 1057 
0
4
1 1 0 0 0 1 15 1057 
0
4
0 1 1 1 0 0 15 1057 
0
4
0 0 1 1 0 0 15 1057 
0
4
0 0 1 1 0 1 15 1057 
0
4
0 1 1 1 0 1 15 1057 
0
4
0 1 0 0 1 1 15 1057 
0
4
0 0 0 0 1 1 15 1057 
0
4
0 0 0 1 1 1 15 1057 
0
4
0 1 0 1 1 1 15 1057 
0
4
0 1 0 0 0 0 16 2113 
0
4
0 0 0 0 0 0 16 2113 
0
4
0 0 0 1 0 0 16 2113 
0
4
0 1 0 1 0 0 16 2113 
0
4
0 1 0 1 0 1 16 2113 
0
4
0 0 0 1 0 1 16 2113 
0
4
0 0 0 0 0 1 16 2113 
0
4
0 1 0 0 0 1 16 2113 
0
4
0 1 0 0 0 0 16 2115 
0
4
0 0 0 0 0 0 16 2115 
0
4
0 0 0 1 0 0 16 2115 
0
4
0 1 0 1 0 0 16 2115 
0
4
0 1 0 1 0 1 16 2115 
0
4
0 0 0 1 0 1 16 2115 
0
4
0 0 0 0 0 1 16 2115 
0
4
0 1 0 0 0 1 16 2115 
0
4
1 1 0 0 0 0 15 2115 
0
4
1 1 0 1 0 0 15 2115 
0
4
1 1 0 1 0 1 15 2115 
0
4
1 1 0 0 0 1 15 2115 
0
4
0 0 1 1 0 0 15 2115 
0
4
0 1 1 1 0 0 15 2115 
0
4
0 1 1 1 0 1 15 2115 
0
4
0 0 1 1 0 1 15 2115 
0
4
0 0 0 0 1 1 15 2115 
0
4
0 1 0 0 1 1 15 2115 
0
4
0 1 0 1 1 1 15 2115 
0
4
0 0 0 1 1 1 15 2115 
0
4
0 0 0 0 0 0 16 4229 
0
4
0 1 0 0 0 0 16 4229 
0
4
0 1 0 1 0 0 16 4229 
0
4
0 0 0 1 0 0 16 4229 
0
4
0 0 0 1 0 1 16 4229 
0
4
0 1 0 1 0 1 16 4229 
0
4
0 1 0 0 0 1 16 4229 
0
4
0 0 0 0 0 1 16 4229 
0
4
0 0 0 0 0 0 16 4231 
1
4
0 1 0 0 0 0 16 4231 
1
4
0 1 0 1 0 0 16 4231 
1
4
0 0 0 1 0 0 16 4231 
1
4
0 0 0 1 0 1 16 4231 
1
4
0 1 0 1 0 1 16 4231 
1
4
0 1 0 0 0 1 16 4231 
1
4
0 0 0 0 0 1 16 4231 
1
4
1 1 0 0 0 0 16 2113 
0
4
1 1 0 1 0 0 16 2113 
0
4
1 1 0 1 0 1 16 2113 
0
4
1 1 0 0 0 1 16 2113 
0
4
0 0 1 1 0 0 16 2113 
0
4
0 1 1 1 0 0 16 2113 
0
4
0 1 1 1 0 1 16 2113 
0
4
0 0 1 1 0 1 16 2113 
0
4
0 0 0 0 1 1 16 2113 
0
4
0 1 0 0 1 1 16 2113 
0
4
0 1 0 1 1 1 16 2113 
0
4
0 0 0 1 1 1 16 2113 
0
4
0 0 0 0 0 0 17 4225 
1
4
0 1 0 0 0 0 17 4225 
1
4
0 1 0 1 0 0 17 4225 
1
4
0 0 0 1 0 0 17 4225 
1
4
0 0 0 1 0 1 17 4225 
1
4
0 1 0 1 0 1 17 4225 
1
4
0 1 0 0 0 1 17 4225 
1
4
0 0 0 0 0 1 17 4225 
1
4
0 0 0 0 0 0 17 4227 
0
4
0 1 0 0 0 0 17 4227 
0
4
0 1 0 1 0 0 17 4227 
0
4
0 0 0 1 0 0 17 4227 
0
4
0 0 0 1 0 1 17 4227 
0
4
0 1 0 1 0 1 17 4227 
0
4
0 1 0 0 0 1 17 4227 
0
4
0 0 0 0 0 1 17 4227 
0
4
1 1 0 0 0 1 16 2115 
0
4
1 1 0 1 0 1 16 2115 
0
4
1 1 0 1 0 0 16 2115 
0
4
1 1 0 0 0 0 16 2115 
0
4
0 0 1 1 0 1 16 2115 
0
4
0 1 1 1 0 1 16 2115 
0
4
0 1 1 1 0 0 16 2115 
0
4
0 0 1 1 0 0 16 2115 
0
4
0 0 0 0 1 1 16 2115 
0
4
0 1 0 0 1 1 16 2115 
0
4
0 1 0 1 1 1 16 2115 
0
4
0 0 0 1 1 1 16 2115 
0
4
0 0 0 0 0 1 17 4229 
0
4
0 1 0 0 0 1 17 4229 
0
4
0 1 0 1 0 1 17 4229 
0
4
0 0 0 1 0 1 17 4229 
0
4
0 0 0 1 0 0 17 4229 
0
4
0 1 0 1 0 0 17 4229 
0
4
0 1 0 0 0 0 17 4229 
0
4
0 0 0 0 0 0 17 4229 
0
4
0 0 0 0 0 1 17 4231 
1
4
0 1 0 0 0 1 17 4231 
1
4
0 1 0 1 0 1 17 4231 
1
4
0 0 0 1 0 1 17 4231 
1
4
0 0 0 1 0 0 17 4231 
1
4
0 1 0 1 0 0 17 4231 
1
4
0 1 0 0 0 0 17 4231 
1
4
0 0 0 0 0 0 17 4231 
1
4
1 1 0 0 0 0 16 4229 
0
4
1 1 0 1 0 0 16 4229 
0
4
1 1 0 1 0 1 16 4229 
0
4
1 1 0 0 0 1 16 4229 
0
4
0 0 1 1 0 0 16 4229 
0
4
0 1 1 1 0 0 16 4229 
0
4
0 1 1 1 0 1 16 4229 
0
4
0 0 1 1 0 1 16 4229 
0
4
0 0 0 0 1 1 16 4229 
0
4
0 1 0 0 1 1 16 4229 
0
4
0 1 0 1 1 1 16 4229 
0
4
0 0 0 1 1 1 16 4229 
0
4
0 0 0 0 0 0 17 8457 
0
4
0 1 0 0 0 0 17 8457 
0
4
0 1 0 1 0 0 17 8457 
0
4
0 0 0 1 0 0 17 8457 
0
4
0 0 0 1 0 1 17 8457 
0
4
0 1 0 1 0 1 17 8457 
0
4
0 1 0 0 0 1 17 8457 
0
4
0 0 0 0 0 1 17 8457 
0
4
0 0 0 0 0 0 17 8459 
1
4
0 1 0 0 0 0 17 8459 
1
4
0 1 0 1 0 0 17 8459 
1
4
0 0 0 1 0 0 17 8459 
1
4
0 0 0 1 0 1 17 8459 
1
4
0 1 0 1 0 1 17 8459 
1
4
0 1 0 0 0 1 17 8459 
1
4
0 0 0 0 0 1 17 8459 
1
4
1 1 0 1 0 0 17 4227 
0
4
1 1 0 0 0 0 17 4227 
0
4
1 1 0 0 0 1 17 4227 
0
4
1 1 0 1 0 1 17 4227 
0
4
0 0 1 1 0 0 17 4227 
0
4
0 1 1 1 0 0 17 4227 
0
4
0 1 1 1 0 1 17 4227 
0
4
0 0 1 1 0 1 17 4227 
0
4
0 0 0 1 1 1 17 4227 
0
4
0 1 0 1 1 1 17 4227 
0
4
0 1 0 0 1 1 17 4227 
0
4
0 0 0 0 1 1 17 4227 
0
4
0 0 0 1 0 0 18 8453 
1
4
0 1 0 1 0 0 18 8453 
1
4
0 1 0 0 0 0 18 8453 
1
4
0 0 0 0 0 0 18 8453 
1
4
0 0 0 0 0 1 18 8453 
1
4
0 1 0 0 0 1 18 8453 
1
4
0 1 0 1 0 1 18 8453 
1
4
0 0 0 1 0 1 18 8453 
1
4
0 0 0 1 0 0 18 8455 
0
4
0 1 0 1 0 0 18 8455 
0
4
0 1 0 0 0 0 18 8455 
0
4
0 0 0 0 0 0 18 8455 
0
4
0 0 0 0 0 1 18 8455 
0
4
0 1 0 0 0 1 18 8455 
0
4
0 1 0 1 0 1 18 8455 
0
4
0 0 0 1 0 1 18 8455 
0
4
1 1 0 0 0 0 17 4229 
0
4
1 1 0 1 0 0 17 4229 
0
4
1 1 0 1 0 1 17 4229 
0
4
1 1 0 0 0 1 17 4229 
0
4
0 1 1 1 0 0 17 4229 
0
4
0 0 1 1 0 0 17 4229 
0
4
0 0 1 1 0 1 17 4229 
0
4
0 1 1 1 0 1 17 4229 
0
4
0 1 0 0 1 1 17 4229 
0
4
0 0 0 0 1 1 17 4229 
0
4
0 0 0 1 1 1 17 4229 
0
4
0 1 0 1 1 1 17 4229 
0
4
0 1 0 0 0 0 18 8457 
0
4
0 0 0 0 0 0 18 8457 
0
4
0 0 0 1 0 0 18 8457 
0
4
0 1 0 1 0 0 18 8457 
0
4
0 1 0 1 0 1 18 8457 
0
4
0 0 0 1 0 1 18 8457 
0
4
0 0 0 0 0 1 18 8457 
0
4
0 1 0 0 0 1 18 8457 
0
4
0 1 0 0 0 0 18 8459 
1
4
0 0 0 0 0 0 18 8459 
1
4
0 0 0 1 0 0 18 8459 
1
4
0 1 0 1 0 0 18 8459 
1
4
0 1 0 1 0 1 18 8459 
1
4
0 0 0 1 0 1 18 8459 
1
4
0 0 0 0 0 1 18 8459 
1
4
0 1 0 0 0 1 18 8459 
1
4
1 1 0 0 0 1 15 2113 
1
4
1 1 0 1 0 1 15 2113 
1
4
1 1 0 1 0 0 15 2113 
1
4
1 1 0 0 0 0 15 2113 
1
4
0 0 1 1 0 1 15 2113 
1
4
0 1 1 1 0 1 15 2113 
1
4
0 1 1 1 0 0 15 2113 
1
4
0 0 1 1 0 0 15 2113 
1
4
0 0 0 0 1 1 15 2113 
1
4
0 1 0 0 1 1 15 2113 
1
4
0 1 0 1 1 1 15 2113 
1
4
0 0 0 1 1 1 15 2113 
1
4
0 0 0 0 0 1 16 4225 
1
4
0 1 0 0 0 1 16 4225 
1
4
0 1 0 1 0 1 16 4225 
1
4
0 0 0 1 0 1 16 4225 
1
4
0 0 0 1 0 0 16 4225 
1
4
0 1 0 1 0 0 16 4225 
1
4
0 1 0 0 0 0 16 4225 
1
4
0 0 0 0 0 0 16 4225 
1
4
0 0 0 0 0 1 16 4227 
1
4
0 1 0 0 0 1 16 4227 
1
4
0 1 0 1 0 1 16 4227 
1
4
0 0 0 1 0 1 16 4227 
1
4
0 0 0 1 0 0 16 4227 
1
4
0 1 0 1 0 0 16 4227 
1
4
0 1 0 0 0 0 16 4227 
1
4
0 0 0 0 0 0 16 4227 
1
4
1 1 0 0 0 0 18 8455 
1
4
1 1 0 1 0 0 18 8455 
1
4
1 1 0 1 0 1 18 8455 
1
4
1 1 0 0 0 1 18 8455 
1
4
0 0 1 1 0 0 18 8455 
1
4
0 1 1 1 0 0 18 8455 
1
4
0 1 1 1 0 1 18 8455 
1
4
0 0 1 1 0 1 18 8455 
1
4
0 0 0 0 1 1 18 8455 
1
4
0 1 0 0 1 1 18 8455 
1
4
0 1 0 1 1 1 18 8455 
1
4
0 0 0 1 1 1 18 8455 
1
4
0 0 0 0 0 0 19 16909 
1
4
0 1 0 0 0 0 19 16909 
1
4
0 1 0 1 0 0 19 16909 
1
4
0 0 0 1 0 0 19 16909 
1
4
0 0 0 1 0 1 19 16909 
1
4
0 1 0 1 0 1 19 16909 
1
4
0 1 0 0 0 1 19 16909 
1
4
0 0 0 0 0 1 19 16909 
1
4
0 0 0 0 0 0 19 16911 
1
4
0 1 0 0 0 0 19 16911 
1
4
0 1 0 1 0 0 19 16911 
1
4
0 0 0 1 0 0 19 16911 
1
4
0 0 0 1 0 1 19 16911 
1
4
0 1 0 1 0 1 19 16911 
1
4
0 1 0 0 0 1 19 16911 
1
4
0 0 0 0 0 1 19 16911 
1
4
1 1 0 0 0 1 17 8457 
1
4
1 1 0 1 0 1 17 8457 
1
4
1 1 0 1 0 0 17 8457 
1
4
1 1 0 0 0 0 17 8457 
1
4
0 0 1 1 0 1 17 8457 
1
4
0 1 1 1 0 1 17 8457 
1
4
0 1 1 1 0 0 17 8457 
1
4
0 0 1 1 0 0 17 8457 
1
4
0 0 0 0 1 1 17 8457 
1
4
0 1 0 0 1 1 17 8457 
1
4
0 1 0 1 1 1 17 8457 
1
4
0 0 0 1 1 1 17 8457 
1
4
0 0 0 0 0 1 18 16913 
1
4
0 1 0 0 0 1 18 16913 
1
4
0 1 0 1 0 1 18 16913 
1
4
0 0 0 1 0 1 18 16913 
1
4
0 0 0 1 0 0 18 16913 
1
4
0 1 0 1 0 0 18 16913 
1
4
0 1 0 0 0 0 18 16913 
1
4
0 0 0 0 0 0 18 16913 
1
4
0 0 0 0 0 1 18 16915 
1
4
0 1 0 0 0 1 18 16915 
1
4
0 1 0 1 0 1 18 16915 
1
4
0 0 0 1 0 1 18 16915 
1
4
0 0 0 1 0 0 18 16915 
1
4
0 1 0 1 0 0 18 16915 
1
4
0 1 0 0 0 0 18 16915 
1
4
0 0 0 0 0 0 18 16915 
1
4
1 1 0 0 0 1 18 8457 
1
4
1 1 0 1 0 1 18 8457 
1
4
1 1 0 1 0 0 18 8457 
1
4
1 1 0 0 0 0 18 8457 
1
4
0 0 1 1 0 1 18 8457 
1
4
0 1 1 1 0 1 18 8457 
1
4
0 1 1 1 0 0 18 8457 
1
4
0 0 1 1 0 0 18 8457 
1
4
0 0 0 0 1 1 18 8457 
1
4
0 1 0 0 1 1 18 8457 
1
4
0 1 0 1 1 1 18 8457 
1
4
0 0 0 1 1 1 18 8457 
1
4
0 0 0 0 0 1 19 16913 
1
4
0 1 0 0 0 1 19 16913 
1
4
0 1 0 1 0 1 19 16913 
1
4
0 0 0 1 0 1 19 16913 
1
4
0 0 0 1 0 0 19 16913 
1
4
0 1 0 1 0 0 19 16913 
1
4
0 1 0 0 0 0 19 16913 
1
4
0 0 0 0 0 0 19 16913 
1
4
0 0 0 0 0 1 19 16915 
1
4
0 1 0 0 0 1 19 16915 
1
4
0 1 0 1 0 1 19 16915 
1
4
0 0 0 1 0 1 19 16915 
1
4
0 0 0 1 0 0 19 16915 
1
4
0 1 0 1 0 0 19 16915 
1
4
0 1 0 0 0 0 19 16915 
1
4
0 0 0 0 0 0 19 16915 
1
3
2
