5.134999999995318006e-04
1.499590000000005918e-01
1.117500000002256825e-04
-2.877500000000808014e-04
4.549999999997932434e-04
2.062499999999944694e-04
3.045000000000108167e-04
-1.512499999999399524e-04
-2.407500000000057706e-04
1.068799881779946594e-02
1.093926810445459497e-03
4.413418308031809593e-04
-2.183408325793236807e-04
-1.511005840939867869e-04
-5.590482698879477427e-04
-3.314192404394626710e-04
1.850869206635085882e-04
1.013000000000476193e-03
1.749999999960880392e-06
-5.750000000027263454e-06
-5.000000000023525055e-06
-4.600000000001933949e-05
-4.024999999996683954e-05
-6.100000000006225226e-05
-4.599999999999402337e-05
2.972094999999995713e-01
3.774999999986085900e-05
1.950000000000920181e-04
-2.124999999986875885e-05
3.357500000001062542e-04
-1.024999999979297002e-05
2.102500000001859284e-04
1.530000000001955414e-04
1.232499999998997798e-04
-1.749999999987186610e-05
-2.473750000000999997e-04
-1.193750000001035563e-04
1.306249999998836011e-04
8.199999999987050655e-05
1.173749999999499440e-04
3.090000000000500658e-04
1.616900171465425462e-04
-1.547523860110497286e-04
2.525494630148000276e-04
-1.092919016127891154e-04
6.962344328265104474e-05
-5.689912865683471643e-05
1.179980967450424014e-04
1.233777625012133820e-05
-2.152500000000737808e-04
2.092500000000532248e-04
5.297500000000615302e-04
2.995000000000448475e-04
-2.361222611396894761e-04
4.929687353830146694e-04
6.379920832790990978e-04
4.126625377475476092e-04
1.305000000001021597e-04
-1.309999999998284921e-04
2.203749999999755546e-04
-1.124999999984081103e-06
-7.060374225799101542e-04
-5.766614422896520738e-04
-1.105168211258917167e-03
-2.167593342288388761e-04
1.322500000000325423e-04
-1.467499999999290552e-04
-9.650170634470146575e-04
-4.227638162021726256e-04
1.969999999999612849e-04
-9.300000000003530161e-05
8.340347719723059487e-04
3.428208480151605079e-04
7.299999999998185219e-05
7.412499999999011947e-05
5.221647634462347077e-05
-4.837256862656498925e-04
6.150000000004228798e-05
-1.112499999987318329e-05
-2.535257101863279817e-04
-2.326396722798441323e-04
5.054999999997060543e-04
5.500000000017857006e-06
-2.749999999989313761e-06
2.274999999999888263e-05
-1.900000000003059588e-05
-2.974999999998077042e-05
-2.649999999994198541e-05
-4.224999999992468558e-05
1.498755000000005499e-01
2.267500000000228317e-04
-1.199999999999896489e-04
1.377500000000261978e-04
1.777500000000360335e-04
2.202499999999556700e-04
-1.192500000000919794e-04
1.514999999999668467e-04
-1.275000000000478767e-04
1.003749999999688160e-04
7.137499999996568519e-05
1.742500000000537564e-04
-1.488750000000927537e-04
1.557500000000049242e-04
1.213749999999636344e-04
2.058749999998689233e-04
1.092500000000241498e-04
1.197500000000257468e-04
8.537500000003316470e-05
-4.887500000002631439e-05
5.852499999999090851e-04
-7.666249999999248102e-04
-1.659999999999418289e-04
5.375000000023781504e-06
1.110000000000606893e-04
-2.296250000000237283e-04
2.212500000000132926e-04
-5.653750000000311304e-04
7.825000000001094155e-05
1.417499999999116407e-04
-1.365000000000678008e-04
5.338749999999633069e-04
1.014499999999942965e-03
-5.749999999941807147e-06
1.499999999914797841e-06
3.750000000054468972e-06
-5.000000000006369250e-05
-4.850000000010028174e-05
-4.950000000001754754e-05
-5.024999999995479724e-05
5.000000001133431501e-07
8.374999999982741139e-06
-1.487499999995224332e-05
-1.550000000010213252e-05
-1.249999999989979702e-06
-1.162499999995466476e-05
-3.250000000005585135e-06
1.274999999991786481e-05
1.699999999999447382e-05
-1.312500000003368366e-05
1.625000000070018396e-06
-3.799999999995883629e-05
8.499999999983538695e-06
-5.250000000041708459e-06
-3.300000000001325013e-05
-4.825000000000139643e-05
-4.774999999996850584e-05
1.862500000002975667e-05
-5.175000000003280139e-05
-9.250000000042098760e-06
-3.625000000006188105e-05
1.062500000002449865e-05
-4.624999999994204195e-05
3.624999999909244253e-06
2.971565000000007672e-01
-3.000000000038662725e-05
-1.274999999986143039e-05
5.124999999971650714e-05
3.175000000000871895e-04
2.717500000001774486e-04
2.475000000001966187e-04
1.992499999996774954e-04
5.649999999954703165e-05
-2.496249999998103285e-04
1.483750000000578844e-04
2.025000000025038726e-05
-1.321249999998750995e-04
3.249999999999892515e-04
2.937499999988532780e-05
5.987500000012165274e-05
3.989999999999706672e-04
-2.699999999999453055e-04
2.912499999998728823e-04
-1.817500000001618982e-04
-5.700000000039371083e-05
8.912500000014785602e-05
2.588750000000560980e-04
3.890000000002661403e-04
-1.325000000007475763e-05
1.472499999999902977e-04
1.467499999999940803e-04
3.487499999999522883e-04
3.315000000000557084e-04
1.033750000000071748e-04
3.699999999997030859e-04
1.250000000219738660e-06
1.569999999996956588e-04
-7.624999999803248486e-06
1.537500000003874431e-05
-3.174999999986977302e-05
1.002499999999619554e-04
1.386249999999348886e-04
1.517499999999233492e-04
1.565000000001815319e-04
1.437500000002262706e-04
9.437499999984173718e-05
-1.496250000001270056e-04
-1.852500000001960814e-04
1.671874999999847311e-04
-2.615625000000318433e-04
-1.519374999999335385e-04
-1.120624999999277988e-04
1.195352450353663734e-04
2.190276259229175838e-04
2.480989019841214893e-04
-1.665217007366630178e-04
1.111442535993653082e-04
1.086929821166699540e-04
3.341069990810737605e-05
3.993531885395824616e-04
8.499999999999611653e-05
-6.781250000005437442e-05
1.145625000001101817e-04
2.050000000000871926e-04
5.539778892451387724e-05
1.825323048367616342e-04
-2.343114960805531418e-05
-5.204990648373299545e-05
-1.434999999997819042e-04
4.393749999993140122e-05
2.106875000000690823e-04
1.958749999998836422e-04
-1.982108479248726983e-05
3.804315866602709577e-04
3.013120063847793471e-04
8.267774919670670217e-05
4.549999999998526984e-05
-2.306874999999444786e-04
2.403587127993286269e-04
-1.005083671682483544e-04
-2.689999999999735246e-04
3.750000001356033669e-07
1.546458661253944083e-04
1.978002203505722174e-04
7.487499999996869761e-05
5.725000000004123600e-05
5.812389557985299295e-04
-1.111757814828663257e-04
2.123750000001404029e-04
-1.515625000002550360e-04
1.558127321279572904e-04
-1.167925676424362184e-04
-2.240000000000225209e-04
1.462500000000180900e-05
3.228750000001388604e-04
3.427500000000105267e-04
-8.887500000006658899e-05
-1.026875000000199449e-04
-2.123750000000776818e-04
1.858125000000702531e-04
2.877001507068968861e-04
7.226992212474918310e-04
4.631721958287299983e-04
7.186171332054960663e-04
-3.550000000001167104e-05
-1.624999999992456182e-05
1.182471168416083368e-04
2.055151851526172303e-05
2.196250000000485303e-04
2.056250000002104544e-05
-7.716000938811688422e-05
-3.548304571191850500e-04
1.294999999996509989e-04
6.200000000026986062e-05
-6.325000000009092988e-05
-2.249999999992230478e-05
-2.871249999998241962e-04
4.600624999998274172e-04
7.537500000004040263e-05
-9.375000001077951307e-07
-7.703588931550021729e-04
-3.334649204680157773e-04
-5.877568966747580325e-04
-1.375935594461247973e-04
-5.352499999999083035e-04
6.043124999999849615e-04
-6.630810874869528387e-04
2.668768006352881402e-04
5.337500000025786027e-05
-1.000000000214398817e-06
-1.856844084568724980e-04
-7.464486358680284036e-04
1.365000000000608890e-04
3.187499999990260028e-05
-1.032500000000932574e-04
1.028750000000405832e-04
4.338222167334006979e-06
2.990509344715902518e-06
1.490000000000396172e-04
2.525000000001061552e-05
-4.487500000007941083e-05
2.118125000001195657e-04
-4.967920444605763438e-05
3.630916581075866118e-04
6.425000000013190993e-05
-5.612500000014973052e-05
-9.375000000003873507e-05
-2.148124999998650409e-04
-5.131108376040384271e-04
-6.125818962534772044e-05
1.287499999997327566e-04
2.187500000008650217e-05
1.256250000002694014e-04
1.781249999999343580e-04
-3.377467745146574209e-04
4.570109702140433999e-05
2.014938767001807525e-03
-2.096212707544699554e-04
-2.671277921575303054e-04
-9.140412972798338189e-05
-2.753919514805139995e-04
-2.635196243381955590e-05
-1.262873552161977025e-04
-1.177204667939187087e-04
1.193508217785977932e-01
-3.454917171030088413e-02
-4.579785529440557473e-02
3.274527214312754776e-03
-5.728539720380710493e-02
1.560207684737230979e-03
1.166939824376164421e-03
1.203730233881602531e-03
2.989702102213933179e-04
4.338026141837248578e-03
6.211151849782151589e-03
-1.555409705410571320e-03
-2.680673742456557125e-04
9.572400136965926237e-04
-3.085111617544842384e-04
-6.411337202089575785e-04
3.134810076082860525e-03
7.161854153542673851e-03
1.791143770151278937e-03
-4.460263502796879201e-05
6.821359351030435822e-05
-1.134526357533595245e-03
3.602365254620592790e-04
-3.053110758370290441e-04
6.637695858608397802e-03
3.974244580617739692e-03
-9.205753528735186823e-04
2.655267323713320689e-04
4.521093225784362569e-04
-3.643022213971916458e-04
1.130269606200274375e-04
-8.218060855607119293e-05
1.530300548752250647e-02
-3.287481250119216763e-04
-4.724991702108720121e-04
-1.290146284227879470e-05
-6.040342070998125975e-04
-3.065587900220054034e-04
-4.340417858574238132e-04
-6.067454671436155710e-04
-1.928910690597477034e-03
-5.238546756796188121e-05
-3.556105831110939345e-05
-1.969338398660411271e-04
2.502845404243088576e-05
-1.098984765442365673e-05
2.609138092348693141e-04
-8.649138775757626060e-05
-3.954046969459480807e-04
2.230427159229671260e-05
-7.779890247891469530e-05
-8.116581971412108404e-05
-8.120322182692904121e-04
5.901948643227507350e-05
-2.520384880064336725e-05
6.943555829398545250e-05
-1.973148933855294561e-04
-1.875461384543733153e-04
-5.090889759280152558e-04
-9.468315387564258940e-05
-7.318382678944237215e-04
1.565445191642175272e-04
-5.286629602613052061e-04
-1.857917253792822315e-04
2.792532615217213077e-01
-2.326154482241702889e-02
-2.158555012774044171e-02
1.775329505628929754e-03
-1.180439544743741923e-02
-1.995463303192211626e-03
9.147533437801637617e-04
6.311200081435301094e-04
1.305670614039502282e-03
4.197751609975981319e-05
-2.646891617705016651e-03
4.532988278555356653e-05
-1.256704445684551225e-02
2.094322400447419606e-04
-3.455754712606212762e-04
-5.784471637304266231e-04
1.869596662353114691e-03
-8.010764090527171125e-04
-1.493237061584108596e-03
-1.107069921554235722e-03
2.387897085925772401e-04
2.920294518810552715e-04
-3.619867360342213778e-04
3.304692910028873246e-04
-2.156466181660268320e-04
2.784258256550854304e-04
-8.210134561905503905e-04
2.328507554532949133e-04
6.284309479388549332e-04
1.862468473444676208e-05
4.112300435161546602e-04
3.419758437601885944e-05
-5.709062293973882554e-03
1.724115683224814941e-02
4.678353406932150849e-02
-4.491186004537208593e-03
2.721091079603189800e-02
-3.728873147404698427e-03
-1.475872482673971572e-03
-6.934901458376620449e-05
7.519787286355733612e-04
1.237119436707217600e-04
-3.505822783227034896e-03
4.790210456955169708e-04
-7.256225704041386650e-03
1.398981477754620683e-03
1.541982798074227048e-04
6.681130008364645695e-05
-7.161870837818363599e-04
1.414696585511336527e-04
-7.919119360227047264e-04
1.338585333978352127e-03
5.984563002077322941e-04
1.564784581695800156e-05
-8.047400296415828857e-04
-3.203689987284417105e-04
-1.296233196353825223e-04
-5.179655707420623101e-06
7.831859283015450528e-04
4.989304711255771038e-04
2.364022019069641340e-04
-1.901853500145886790e-04
1.698596762047613622e-04
1.692705265073931957e-04
3.840453914198217744e-03
3.391060771468910190e-02
3.730488391733589870e-02
-4.056409642501541957e-03
7.156182811005488758e-04
-7.048962844490254181e-04
-6.153052589516252655e-03
4.084854927726899927e-04
5.173843743789078306e-04
-5.196632150359269597e-04
6.680431333173888131e-04
-4.441120653018772608e-05
-3.840551958321619642e-04
-3.787367914394853489e-03
-1.920170739972200608e-03
5.486758417964742026e-04
1.608422853535893796e-04
-2.279519575576631257e-04
3.960752350048754957e-04
4.163749468871567449e-04
-1.003047541269984745e-03
2.407067708208833414e-04
-1.183504586386844481e-04
6.109375771219055040e-05
1.664662852001544749e-02
3.602138020013340852e-02
1.067341635310228550e-03
-3.071365150084512038e-03
-2.095581384014046696e-03
-1.749567454277486337e-03
5.347082824839667235e-04
-7.071273564373677339e-05
-2.598386067227580003e-04
-1.498379792167126153e-03
-3.014798380342521324e-04
3.731487621699300459e-04
1.244658935727821286e-04
-5.410576101051880029e-04
5.177900484808866646e-05
5.199931685240773496e-04
1.156314693239816763e-03
1.017640822568238771e-05
-2.422486459175690805e-04
-4.862371513685460612e-05
-2.352931564116230454e-04
-2.900382940883202689e-05
-2.393500248148176647e-05
9.658532370715493731e-05
-3.229258028754701298e-05
-7.768123695431745869e-05
6.877318154820671197e-05
1.427133747472465134e-04
-1.368408330309769602e-05
-3.904238270852620937e-05
-1.792430678362364601e-06
1.544111312040037664e-04
1.130729775085334587e-04
-1.697667650965236258e-05
-1.029420202007120931e-04
-3.156193227529728953e-05
1.922538493638853538e-04
-1.857104950159408447e-04
-3.484332166406834498e-05
-9.006386787055246348e-05
-1.293650204163204005e-04
-3.641872714206132811e-05
-7.305847502997790904e-05
-2.847199219536705077e-05
-5.911648736270322819e-05
-3.312898966777413543e-05
-2.199272438567340240e-05
-2.280716511286060623e-05
1.200101943925266507e-01
-3.453955402303324207e-02
-4.757662710142370605e-02
2.504539848376347109e-03
-5.855318279793242375e-02
2.184646726992004080e-03
1.336390314992733737e-03
1.537252042558658386e-04
2.172145623883194577e-05
-4.183453835583356259e-04
5.283842017642420476e-04
1.425273851806321400e-04
-3.907591225735964182e-04
1.924027216322497975e-04
-8.110553015711215695e-04
7.322875530681618019e-05
9.847806088946764198e-04
-8.638163198394684930e-05
2.889837237684437046e-04
-1.159531169179899360e-03
-3.450989714281069089e-04
8.294306605676302502e-04
-8.870333215476714807e-04
1.121614590863814546e-05
1.224663662517533856e-03
6.223316454998241670e-05
-9.988389995151597056e-06
6.670678745230722599e-04
1.137606607300064177e-03
-5.748663039483084113e-04
-2.964096360461630319e-04
-2.667117038557220124e-04
-6.666852153953926343e-05
2.223783657344713394e-03
4.081580055174539867e-03
-4.491133001124335560e-04
2.102158629890601017e-04
5.059762285013347108e-04
-1.694233584596933320e-04
5.626585426485062680e-04
-6.440343738716417963e-04
9.739012383585251903e-04
-2.800605470576948784e-04
-1.206359459225136028e-05
-8.815296847691553154e-05
-3.660897024471550742e-04
1.349791764009377389e-03
2.031606383028333588e-04
-4.550181858654030512e-04
-3.557197372865102190e-04
-1.087955625586881954e-04
9.922887049071303037e-04
-1.599312373542907941e-05
-8.748709951804244545e-05
8.987593048397287418e-05
-1.768967150889380504e-04
-4.734235233218904307e-04
1.068655194707007495e-04
2.348464836545966861e-04
-9.374883510161237127e-04
4.752871574982564257e-04
-1.995765437285311407e-04
4.087221897445713812e-04
2.503008916784058208e-04
1.658065523188802844e-03
4.402512283706385560e-03
9.705632826068509231e-04
-9.230333426066535747e-05
5.284595666662328617e-05
-4.114443567359573023e-04
-2.187944385872399777e-04
1.429518675891750564e-04
-5.616765523458921490e-05
1.384008968361810871e-04
3.367409915606868888e-04
-1.892482521347484787e-04
-1.880039788909231360e-04
-3.395446945153087620e-04
-1.127641013045926644e-04
-1.173186742966296855e-04
6.761139679065393104e-04
-1.333141194932309208e-04
-5.124036254608635823e-04
-6.123210531828926408e-04
-7.332610094045436842e-04
8.633424967082109274e-04
1.858985729552752801e-04
-5.119455766989634100e-04
3.650465793002089648e-03
1.840130037500550993e-03
-1.728525345178003872e-04
-2.686841540491296989e-05
-8.085013686420789835e-04
4.139896102239188367e-04
8.134714724564569505e-04
-2.581289960053840095e-04
-8.537371032654767378e-05
3.045926426338980411e-04
-2.760792082525026828e-04
-7.258164588364972303e-04
1.626441493600518974e-04
-2.389148432894337899e-04
7.075268377700569559e-05
-2.115266085428805230e-04
8.728441598955683639e-03
8.734671678974169481e-04
1.414504376437895241e-05
2.689000558003438687e-04
-4.579605471536055041e-04
-9.070454471612888320e-05
-2.031929537963559848e-04
-3.418334881305250326e-04
1.767666460450231910e-04
2.141970671313137009e-04
-5.360974211825302049e-05
2.130046603909050557e-04
-1.918797069270703525e-05
-1.669372527890285109e-05
-5.039772707803753251e-05
-2.298679408731301861e-05
1.220480052179402235e-04
2.378432023946920089e-05
-2.030471239006550988e-04
-3.971863282730323484e-04
-7.943554423800299605e-06
5.468207863142909544e-05
-1.992086708407558642e-04
-4.757970607613859113e-04
-6.640519734121505015e-04
1.840861689163559044e-05
-5.631821258246662949e-04
1.167535055083076699e-05
-5.181453190649732473e-04
-2.751152101841534234e-06
-5.025693210358261973e-04
1.114602096909919670e-05
-1.112705049955815817e-03
-1.884152013922992311e-04
-5.228153804793153592e-05
7.831163264058110590e-05
-3.849694894089078972e-05
-8.849176584135562721e-05
-6.433547817397987693e-05
-1.336758229300782040e-04
-2.097872312244819331e-04
1.400639302317589492e-04
-9.545791848087309503e-05
-6.750832136584884211e-06
5.176339266378088386e-05
1.849587027035504724e-04
9.158611360765018378e-05
1.356395128890169899e-04
6.536491602497868179e-05
-1.329693120198755744e-04
1.489833751372923710e-04
3.702477601840433119e-05
-3.615738979842169628e-05
-9.473997535748380019e-05
1.254998564948078290e-04
1.118725064825655524e-04
-5.594342392009338109e-06
9.394717117863315807e-05
-2.208345949514286789e-05
6.786630384966983460e-05
2.171420684661430492e-04
-7.052362957086252652e-05
3.904576989970277726e-05
7.101771324479096148e-05
-1.783323879039437068e-04
-1.785147706414948513e-04
-3.594463082315490224e-05
-1.177892284158065802e-04
1.994605397753179395e-04
-2.988497825451638120e-05
-3.495517400559699980e-05
-2.748322851963984261e-04
-4.970777898483193019e-04
1.169921216814045161e-04
-2.486577608595667041e-04
1.364190878833744156e-04
-2.192363176479523881e-04
-1.285400269889057519e-04
-1.450231041667385593e-04
-2.738931648841308594e-04
5.142989877045038528e-04
-3.121481874333204313e-04
5.524698075399021342e-05
-2.507273076151953200e-04
-4.334160490216833043e-04
-6.483326309606558466e-05
-6.747277471196047550e-04
1.487398983069965783e-04
-6.002597830254111127e-05
-7.027985525414188984e-05
2.307109355707839761e-04
-7.758247477324295733e-06
-1.637884202071823074e-04
-1.054116439194191258e-04
3.080756978781756523e-04
-2.209193066935223615e-04
-4.147900212410692380e-04
-5.109506766154675984e-05
2.634368957783846045e-04
4.812215946583247038e-05
-5.210686290369278715e-04
8.859490048089359890e-05
-2.583237394723358763e-04
2.134026490927776968e-04
2.792844086098731915e-01
-2.349090726955226430e-02
-2.608019887539435658e-02
1.961811856142450274e-03
-2.398884991816644177e-02
-7.321679446535606008e-04
9.475958478954537960e-04
4.645613323016108153e-04
7.790305318429324873e-05
-3.194344309203141799e-05
-1.312091632898735450e-06
-8.810874805178851279e-05
6.594020294587329110e-05
-1.377786805340193692e-06
2.594990768567293227e-06
8.280944014330682409e-05
6.803611123086950995e-05
7.029854836657740361e-05
-6.076585750335890658e-05
2.244000357675726936e-04
-1.170171417048816828e-04
3.093713999227120558e-05
1.021863555509582369e-04
3.161706544180141942e-04
2.546060241764158010e-04
-2.045494307622877132e-05
2.383980137906078600e-04
9.647484032224676223e-05
3.507474814017003443e-04
-5.101609456571576639e-05
3.168149365318672544e-04
2.472259513387448557e-06
7.179100056767324023e-04
3.895074556385678195e-04
-3.310544616841830552e-03
2.953213930897790706e-04
-1.182515636710259298e-02
7.160809869742680621e-04
-3.489421089439690067e-04
7.475855546033825794e-04
-2.161745826799803770e-04
-1.630936353928946086e-04
-2.274414272171377985e-04
-1.501117719631127638e-04
6.188646517423939970e-04
5.332580462829968537e-04
1.074299847763535718e-03
-1.886398607029056971e-04
-9.328052368644154692e-06
1.760469894358370965e-04
-8.690996471771061981e-04
8.239538933842476464e-04
1.164983537112814155e-03
-7.684271693433930616e-04
-2.815882931127176793e-04
-8.281800345947340622e-04
-7.755037111939550035e-06
8.716674674185286747e-05
-5.127164595164929737e-05
-9.573046526757120818e-05
-5.461478577100890158e-04
8.100711033838017263e-04
6.486931977563851516e-04
-6.278717338609214734e-04
6.490658221467125732e-04
-7.254117227294593117e-04
-2.077608092013918939e-03
-9.912983340690051739e-05
-1.194123561894295014e-04
8.977312694101730181e-04
-5.718319156324794175e-04
8.058939717720754780e-04
-7.823487923403221354e-04
2.511153536629964550e-04
-3.665199101770882039e-04
-1.196578773231286109e-04
2.422653875910021253e-04
-1.992118113195368901e-04
-3.624555608120728586e-04
3.052638282755132880e-04
4.967354891196377976e-04
7.803829130779858976e-05
6.386016638882196605e-05
7.463675749817268949e-05
3.828346708197727507e-04
-2.624366237045088358e-04
-2.696850517757520653e-04
3.074886387186764945e-04
2.069533453741441420e-04
-1.073955076539553693e-04
3.391448927302998851e-04
6.955715468922494215e-05
3.629873297892599734e-04
-1.912403852880489071e-04
4.235879793179808304e-04
-7.066648515966276025e-05
3.957496583797752128e-04
1.081995780778149312e-04
2.448362923095714710e-04
2.935027695257760101e-04
7.114891696197620744e-04
-1.883315712229562209e-04
-4.560013358977952963e-04
2.768661967881629288e-04
-2.731900231102662394e-03
1.307540635521773319e-02
3.475747446700805376e-02
-3.630682537365918349e-03
2.195588469680035543e-02
-2.398511199301954586e-03
-1.279491363193074578e-03
-6.937741328559632120e-05
-1.314926176063375258e-04
-2.437887058029437621e-06
-1.352403036845869035e-04
-1.605203392598732474e-04
1.861100442332171243e-04
-1.241884117559163512e-05
5.742925275742163656e-05
2.322561694360863571e-05
-4.793592491587841834e-05
-6.894151948983496820e-05
9.643197476070806203e-05
3.507706981860254100e-04
4.724813900381481194e-05
-1.117406217366460376e-04
2.507284742844439964e-04
3.449020295388317879e-04
5.240901887888656761e-04
-1.025794313300529818e-04
5.257689711650429410e-04
-1.957269995635890064e-04
4.327119574613373849e-04
-2.113742984161721570e-04
5.124257248458843244e-04
-2.959586407212740387e-05
9.972582583119434484e-04
-3.427361351982928343e-04
-3.288803990824382042e-03
2.328707104164523750e-04
-5.917661532818778089e-03
7.540756211564451743e-04
1.262547561318780179e-04
-3.120140791723220708e-04
9.070610558490596652e-05
-1.825310940921246264e-04
2.207896422023547067e-04
2.576741359354701012e-05
-7.390131565433309853e-05
-8.084057109508913617e-04
-1.442068228523527918e-03
4.003782866953385926e-04
1.102571364553610496e-02
5.310203660567087459e-03
4.361360477799324626e-04
-3.144944319202128808e-04
-1.456941779482144096e-04
2.985625814898816284e-04
3.263840363685491204e-05
1.741582632424323776e-04
3.035096422154062723e-04
-2.454148641518516440e-04
6.403277325946823972e-04
-1.143667895124454064e-03
2.618847390910714816e-05
5.239802896307735417e-05
3.742658150249200937e-04
9.316710936648888515e-05
-2.756087725411868867e-04
1.835800286498143739e-04
1.672752900016593851e-05
4.476213359768442486e-05
2.310659842101506862e-04
1.544990521596884870e-04
3.317754308704218345e-04
-1.616861792871113310e-04
1.020151092865219080e-04
-8.543725406500257235e-05
-2.387171325644783543e-04
-9.120422766042772365e-06
2.398316506840386067e-04
2.261916751731970582e-05
-5.300856182583594568e-04
2.017690577759307128e-04
-2.914100836981698989e-05
-2.821035838254299147e-04
-5.753792740450079267e-04
3.665693769428152518e-04
-5.294867334081981240e-04
1.369978706670746816e-04
1.250045240386518392e-04
-2.924939985661595084e-04
2.310790823941643820e-04
-3.956808391090290930e-05
-6.466471680250573863e-04
2.904123552610465842e-04
8.876570150353563443e-05
-5.604264720063087575e-04
2.570383916499098379e-04
-3.750011323002750883e-04
-2.885102655308512815e-03
3.704290102760582977e-04
-3.930813713461779688e-04
-6.955044792079374382e-04
8.307098533656183002e-04
-2.942351235688373567e-05
-8.694692276611246454e-04
-1.914534154255523681e-04
2.845807003697689035e-05
-1.491883012257027154e-04
2.836385043188061346e-05
-6.615514133562499946e-05
1.218706856099515941e-04
5.418231492813444400e-05
-2.779969761740198994e-04
1.286093259817926810e-04
-4.543540932499726516e-04
4.165523586965178775e-06
-2.452543063414135876e-04
1.543501040031493386e-04
-3.045856137834356773e-03
2.410544210929147554e-04
2.214858100710218698e-04
-2.250372340492612345e-04
-2.323695678747516143e-05
-4.386064568691726019e-05
3.387629645976965244e-04
6.533101386754749300e-05
7.847146268145785896e-04
-1.590084485149767112e-04
-1.717798430650712283e-04
-3.248253591862502901e-04
-3.297038635515269281e-04
6.473749212859800529e-04
1.008786485395117343e-03
-1.069302896290111847e-03
-7.035856918089656437e-04
-1.354633579794037161e-04
-3.743112707496607026e-05
5.597327829379063072e-04
7.663891650135491816e-05
-5.759171511961987990e-04
-1.178862092659327399e-03
-2.584726908444277675e-04
4.320217984061402896e-04
1.683464454027640321e-04
1.116387831612570137e-04
-6.751779513408137472e-04
-1.234172371122644891e-04
-7.101138697077165796e-05
3.301778963281533212e-04
1.535973962795813880e-04
3.212055582782296606e-04
-4.858576339542484382e-04
-1.841351491028564566e-04
1.505442833559082500e-04
4.887410262225442767e-03
2.381927685169748371e-02
2.540693878548875434e-02
-2.717191270006778531e-03
-1.883797487905229879e-04
-1.934361464490246560e-04
-5.907999629320857186e-05
5.035726889440187462e-05
1.045441169505317180e-04
1.370393520467786514e-04
1.880895126936206658e-04
1.465948786654808011e-05
4.186158432957904057e-04
-1.788957991834990748e-03
-4.385667739223443086e-03
1.784845539786171509e-04
4.228542212619658489e-04
-3.098499769552429486e-04
3.976081602271221030e-05
3.090508635503549256e-04
-2.697813966212760269e-03
2.943710118006422766e-03
5.200296702372117367e-04
-3.627752851374351699e-04
-1.463414437520080399e-04
1.976103534940272630e-04
-4.849177057777964142e-04
-1.819518326963116090e-04
-3.571266740533100576e-05
2.905610138361599724e-04
-1.004278508200175270e-04
-1.311870917375954079e-05
1.171320598823347842e-04
-2.249898233466125243e-04
6.937277057484884251e-05
-2.133843139973129618e-04
-1.657728642166659064e-03
2.630807562795526634e-04
-5.151938324129067096e-05
6.155824439190779726e-04
-3.104443757134132324e-04
-2.643793713867647905e-04
-1.310432251701080381e-03
1.278508863780622744e-04
-1.366648340866580226e-04
-2.917087284911531932e-03
-7.978002152122641187e-04
1.859058155365761402e-04
-8.241902994227317343e-05
-6.779460041974671254e-05
-1.205137877082462897e-04
1.204868135640277898e-04
-9.417436788653479853e-07
-4.537843967360631142e-05
-1.043760492719337636e-05
1.312568544934325867e-04
1.450234791997412050e-04
-1.349643803283186204e-04
4.632157500441469108e-04
1.191487671868953835e-04
-1.003402498541461531e-04
5.107425091186135972e-04
1.909183398261482501e-04
4.631154313764083898e-04
2.401897903520210965e-03
-1.008803251680572173e-03
-2.960161729244345573e-04
-3.178343010920921968e-04
1.632446732728136916e-04
-1.420231544110912186e-04
2.153072614076288911e-04
-5.555723079148062278e-04
-6.542071720351582201e-04
6.962564108663583202e-04
2.505993410541220139e-04
-3.246024749521162715e-04
4.741959094835326025e-04
1.405298722315596253e-04
-6.252956882093269790e-04
-2.781364851067740949e-04
3.097849892892871144e-04
-2.410450361844299779e-05
-2.780807079895516900e-04
2.674237583618499113e-04
2.470210905768538976e-05
5.215576554899647370e-05
4.460060480512063907e-04
-7.048464284825926894e-04
1.323416862336971277e-02
2.162733847417553507e-02
-3.844517784601757113e-05
-9.792447092267289859e-04
3.910918332964095087e-04
-2.123912513246470433e-03
-1.663650081467200577e-04
-3.258037200172670517e-04
5.853215712519789634e-04
5.909700053353504493e-04
-1.617918850068818378e-03
-5.662238050104864695e-04
9.337285717623923574e-05
-1.050099996521225649e-04
2.335119651859890422e-04
2.643297404105205426e-04
-4.639578198361804734e-04
-4.104907817808248725e-04
1.832930657356737813e-03
6.153487036312306913e-05
-1.651923824549160578e-04
-1.238363040485706071e-03
9.481487730284397181e-06
1.043881488255644929e-04
7.139662602036440464e-05
-1.630733483418828067e-04
7.476893362784481790e-04
2.857947513450459397e-06
1.823789011244471910e-04
-2.829130735497471100e-04
-9.789413915310360922e-06
-5.584306462526034652e-04
-1.735179205994174704e-05
-4.455112096726979160e-05
6.310321255451672648e-04
-3.061045056371288690e-04
-2.337931343649876040e-04
-4.815088025084335245e-04
-5.737137123092169144e-05
-6.252730385383666999e-05
