4.980000000000406194e-04
1.499174999999999813e-01
-3.525000000000107366e-05
2.380713480525493281e-02
-4.265416534358109474e-04
1.002499999999986041e-03
2.475000000000384404e-05
2.970679999999998877e-01
2.032499999999092866e-04
1.562500000000193292e-04
7.900000000007084840e-05
-1.290615828869353309e-03
-1.368039144364786765e-03
4.845000000000266845e-04
3.124999999999532503e-05
1.500664999999999638e-01
3.774999999999426601e-04
1.394999999999749847e-04
-2.466249999999824811e-04
1.001499999999929530e-03
1.500000000010877847e-06
1.749999999999832134e-05
-2.612500000000014713e-05
2.970080000000000497e-01
2.650000000008895240e-05
1.577500000000427844e-04
-3.324999999999648224e-04
2.312500000000309913e-04
-1.475000000003004703e-05
-1.671249999999695440e-04
-8.418750000005166892e-05
-2.157064873983932630e-04
-4.105217995332461370e-05
3.174414180389638091e-03
4.400236611194445610e-04
1.597538733866587790e-01
4.835985071167715060e-03
1.624963873521434454e-02
8.371955110826593063e-03
2.492943587101825731e-02
9.202658962968030248e-04
-4.275146308327281743e-03
2.538059831591151145e-04
3.315298110515887409e-01
1.658364648955954618e-02
-1.182660011793630183e-03
-8.947402444987552148e-04
5.938729870960016838e-02
3.436077497411577780e-02
-3.055573895132304880e-03
-2.630989908818241827e-03
1.037241205261654840e-03
1.529299929700831914e-04
-3.451375137042130372e-04
2.596786809207186640e-05
1.368196599643572431e-01
-6.228462504426896668e-03
1.152150041427072688e-04
-4.959924705211488484e-04
1.532797868581483669e-03
9.747892273268846325e-04
-9.398567521103367737e-04
-4.569784768394413602e-05
1.244432509104870764e-02
7.584259458761226152e-04
-1.363630762655256663e-03
1.002488151219267225e-04
-2.671952869227661211e-03
8.702703206892181014e-05
3.889042124127423724e-04
-1.518675507240127001e-04
2.974078985293032718e-01
7.540586879127047148e-04
-1.605242647015255606e-04
2.309906616671996370e-04
-2.285045583071031866e-03
-1.388940816347338869e-03
-1.193075004546412710e-04
1.920666410906908561e-04
3.870061748822303804e-02
2.135170975726056672e-02
-6.245010240241310627e-04
-6.483972078710796083e-04
-4.828219996379035615e-03
-2.315122457940544179e-03
3.211965151919398830e-04
2.655064424161784962e-04
1.582224823628933935e-02
1.636214802386828297e-04
