5.119999999998510075e-04
1.501195000000005442e-01
-1.167500000000061718e-04
-6.500000000008022527e-05
-1.472499999999836570e-04
-2.725000000004343753e-05
-6.275000000002373785e-05
-1.755000000000396922e-04
-9.750000000119919360e-06
1.029321825449893563e-02
1.357918543044988376e-03
8.913151991175765395e-04
5.748199248242180344e-04
1.043722028692573660e-05
-1.907968294142912838e-04
-4.647591549013188904e-05
-1.783662803757428384e-04
1.000499999999920290e-03
3.750000000020710898e-06
-9.500000000094297313e-06
-2.375000000008814356e-05
-1.975000000003067848e-05
-3.225000000001681654e-05
-4.324999999988247344e-05
-3.449999999997615944e-05
2.967949999999998090e-01
3.374999999991852264e-05
-1.862499999999386077e-04
1.350000000011155204e-05
-9.874999999998709951e-05
4.650000000001023757e-04
3.297499999999551875e-04
2.042500000000442399e-04
-1.347500000001537626e-04
-2.072499999999436989e-04
2.211250000000020003e-04
2.163750000000598897e-04
1.932499999999748004e-04
1.973749999999870031e-04
1.154999999999466051e-04
2.511250000001247836e-04
3.176541371021262606e-04
9.153109362344038222e-05
-5.843257781001016168e-04
6.681831274005684300e-05
-4.004598318634997240e-04
-1.930371846787432878e-04
-1.439511592318964853e-04
-2.784605624647297809e-05
2.017500000000167217e-04
2.648750000000106531e-04
-2.637499999990696942e-05
-1.217499999999905995e-04
-6.491473191186958617e-04
1.503744687106739453e-04
-3.879826569755476126e-05
-5.493985542674520315e-05
1.615000000001197726e-04
-4.437500000001770757e-05
2.897499999999735140e-04
2.371249999999016126e-04
1.366082048532401151e-04
-1.169286719526857704e-04
2.698486908209348487e-04
-6.586458448021091476e-04
-2.269999999999514431e-04
-1.806249999999645867e-04
-1.495273735163488117e-03
-1.573322481233504697e-03
3.327500000000363045e-04
1.125000000000376458e-04
-2.412910851786790017e-04
3.029127620551879578e-04
1.442499999999463959e-04
1.691250000000980164e-04
-1.684250438148527209e-04
-2.685262740404696213e-04
2.342500000000123889e-04
-9.399999999988853849e-05
5.336160170071856665e-05
-5.703780773143985556e-04
5.294999999998163589e-04
-2.325000000004208669e-05
7.499999999683119870e-07
9.999999999997683336e-06
-6.925000000006567829e-05
-1.150000000000056244e-05
-4.899999999996333883e-05
-4.199999999998848480e-05
1.500834999999998975e-01
-2.904999999999346907e-04
-7.775000000000298762e-05
-5.749999999892181181e-06
-1.219999999999642323e-04
4.402499999999294673e-04
-7.275000000003238349e-05
1.324999999998830911e-04
2.049999999998693221e-04
1.012499999998477082e-05
-6.374999999999531541e-05
-1.091249999999862268e-04
4.548749999999756439e-04
-2.018749999999167478e-04
1.431250000000041972e-04
1.525000000000492704e-04
-1.379999999999679823e-04
1.395000000000157507e-04
-1.549999999994278191e-05
-1.017500000000500968e-04
-2.384999999999517497e-04
3.326249999999460281e-04
1.247500000000159343e-04
2.666249999998712402e-04
-2.294999999999473297e-04
1.121249999999890374e-04
-1.629999999999247882e-04
6.162499999996033889e-05
4.532499999999980338e-04
-2.875000000015533316e-06
-9.424999999999116430e-05
2.482499999999182951e-04
9.990000000004329184e-04
2.250000000024949836e-06
-1.249999999998547864e-06
2.999999999986313294e-06
-4.524999999997698994e-05
-4.750000000001746505e-05
-4.975000000000981513e-05
-4.975000000004621721e-05
-3.225000000000002496e-05
-5.000000000008276344e-07
2.500000000113061315e-07
9.000000000009519184e-06
1.250000000002052929e-05
3.750000000036787583e-06
1.237500000000449869e-05
1.787499999998864040e-05
-2.374999999998599138e-05
2.737500000002242398e-05
-9.124999999936114959e-06
-3.475000000001587442e-05
-3.000000000022908506e-06
3.687500000001223978e-05
-5.012499999993913426e-05
-5.399999999992711249e-05
-3.875000000000094189e-05
1.900000000000595061e-05
-1.000000000000978066e-06
2.062499999999023868e-05
-1.624999999997694912e-05
-2.250000000010381716e-06
-3.925000000000876708e-05
-1.812500000002375769e-05
2.968370000000001285e-01
8.099999999971620027e-05
-4.149999999981623358e-05
-3.999999999984148614e-05
2.672500000000791647e-04
2.222500000001568653e-04
1.919999999999502671e-04
2.464999999998227615e-04
-4.225000000011187309e-05
-8.224999999988375345e-05
-2.411250000000454208e-04
3.231249999999649333e-04
1.761250000000108540e-04
2.402499999999582433e-04
1.146249999999643648e-04
-4.250000000008583798e-05
2.157499999999410052e-04
6.039999999999408472e-04
6.474999999992643866e-05
-3.770000000001641504e-04
-6.000000000004450124e-05
1.160000000001259579e-04
1.518749999999291392e-04
2.691249999997164769e-04
-1.120000000000627059e-04
-2.436250000000304112e-04
5.624999999999710500e-05
-6.073750000000212009e-04
3.624999999991032992e-05
6.750000000028163593e-06
1.492499999999900482e-04
-4.924999999979532068e-05
-6.650000000015402813e-05
-1.687499999976502311e-05
4.587499999994557005e-05
2.724999999987028366e-05
2.910000000000214932e-04
2.841249999999218099e-04
2.651249999999905744e-04
2.826250000000724775e-04
-8.274999999986229840e-05
1.613749999998433657e-04
4.280624999999786445e-04
-1.406874999999694774e-04
-2.111874999999523530e-04
-7.549999999996349508e-05
3.952500000000873717e-04
5.068749999998182484e-05
5.687257109782746945e-05
1.979582218215583049e-04
1.099574149905835809e-07
-1.936125337601701931e-04
2.527397758450454154e-04
9.610186365865775392e-05
3.511477235068949702e-04
2.771139099467664836e-04
-3.794999999999370708e-04
-1.553124999999600615e-04
5.818750000000243080e-05
5.620000000000190815e-04
-4.769181455673027897e-04
-4.572879194909217445e-05
-1.035117450898711546e-04
7.332397724141713111e-05
-8.000000000016569296e-06
-2.763125000000276753e-04
2.754999999999536249e-04
3.334374999999896666e-04
7.308676061781443257e-06
-1.709844844617568454e-04
-1.713339144369700143e-04
-1.743265535635962857e-04
2.841250000000607504e-04
-1.375624999999810701e-04
3.649066099168165071e-04
1.694432155448385936e-04
3.796249999999358948e-04
1.862500000002324129e-05
-3.275385661914932060e-04
-5.642732343817007980e-04
4.157500000000819611e-04
2.599999999997419100e-05
-1.958361183166155585e-05
-2.162057846652090773e-04
3.137500000000629477e-04
1.398124999997561800e-04
-4.250882037472130098e-05
3.914348675551339941e-05
1.867499999999975733e-04
-2.275000000008538841e-05
-1.166249999998809840e-04
-1.216249999999920737e-04
-4.862500000003485996e-05
-5.487499999992795369e-05
-4.253125000000340617e-04
-4.118749999998480587e-05
-2.703914848411344512e-04
-4.057949259575413395e-04
3.149776132657890388e-04
-1.257601023471970850e-04
2.624999999995138733e-06
-1.358750000000645195e-04
-7.211949615091933167e-04
-9.662707941510805660e-05
9.500000000054866235e-06
2.287499999999133014e-05
4.533229715173343481e-05
5.355332019130450236e-04
1.147499999998741622e-04
-8.662499999987243501e-05
1.872499999998378825e-04
1.521249999999294163e-04
2.066250000000188596e-04
1.599999999997062756e-05
-3.699999999993136134e-05
-2.946249999999042842e-04
1.380070170087023030e-04
2.554316675359632745e-04
6.676101626783855056e-05
-5.962874788700480311e-04
3.812499999997567157e-05
-2.074374999999450790e-04
-3.019060683701512890e-04
-5.979122840694405140e-05
2.345000000000024474e-04
-1.429375000000554551e-04
-3.842442236095833805e-05
-1.674264214270076360e-04
-2.585000000000307863e-04
-1.499999999995771819e-05
2.362500000000306792e-04
-7.756250000004390492e-05
1.821024044958921838e-05
-3.477718018605574198e-04
2.002499999999593039e-04
-5.024999999997793818e-05
3.573749999999888865e-04
-7.618749999994469410e-05
3.668839855769851269e-04
-1.877569551471447155e-05
5.425000000005680947e-05
-4.750000000121861198e-06
-1.162500000000415995e-04
4.456250000006456322e-05
-5.915100044979675975e-04
-2.760299207382933980e-04
1.339999999998407623e-04
-1.146249999998773440e-04
-6.912499999983394059e-05
-3.281250000008204497e-05
-2.122741597217488283e-04
-1.955367055045223218e-04
2.074033854385653672e-03
9.300261404051483394e-05
9.653973825630093202e-05
4.203808252620717706e-04
-8.532023761756618357e-05
1.500137432673825932e-04
-9.522541617870984554e-05
6.432164653258416634e-05
5.908011462844837969e-02
-3.995569315883623629e-02
-3.532804118712509073e-02
7.004979436552753519e-04
-3.013107306982143810e-02
1.257580705578050526e-03
1.277473965793669104e-03
6.108237083350929759e-04
1.286132807388992369e-02
8.945594265705012968e-03
9.960816618817010595e-03
-1.920565654804370177e-04
7.526037421085523399e-03
4.110456802996161930e-04
1.052565262716574342e-04
1.676629331703395392e-04
1.015408518106133626e-02
7.263245029556457746e-03
5.966925402710957990e-03
3.092736712865878858e-04
5.324187051596699109e-04
-3.075351879322058240e-04
9.534212083824058180e-04
4.754457385779416569e-04
7.964138919238333836e-03
4.403152034776248308e-03
4.586120548333227302e-04
3.452691646786959902e-05
-1.789177103601294241e-04
6.980942791357107628e-04
-2.449747692624258026e-04
-1.384381530583087894e-04
2.472111160950977646e-02
1.074364652617956382e-03
-1.275663999685597012e-04
3.104442712524958315e-04
-5.397933086874193761e-04
-3.153549717776608940e-04
-7.044466795084291903e-04
-1.088553678424862428e-03
-4.287337763474197497e-03
-1.508975456174944246e-04
7.791454855607282573e-05
-4.058881969827239969e-04
2.296158700277169335e-04
1.536646271616717960e-04
3.788627029524950333e-04
1.187029768999281552e-04
-1.019155436537620175e-03
2.911584346146474595e-04
-1.124345517924139946e-04
-4.221679579936836202e-05
-2.106188472491515688e-03
1.531586467321726709e-04
3.705727581716746681e-05
-3.662613379116660376e-04
-3.321166494544921144e-04
2.192379948033359955e-05
-2.302170748643120237e-04
-2.371330541681420257e-05
-3.673009078976640415e-04
-4.458887856605493652e-05
-8.550349080439560668e-04
-1.481580330863215109e-04
1.788239757230215832e-01
-5.177406730164523657e-02
-4.311771377772498359e-02
7.330658698988043323e-04
-3.211242590111759027e-02
3.785273847730218511e-04
-1.001587374722365297e-03
4.096765530052916267e-06
-1.220414159410225172e-02
-3.309504465518714293e-03
-1.667348709513379393e-03
-3.021699489737018928e-04
-1.153009762822381845e-03
-7.359996048395047461e-04
4.321914033957356617e-04
5.977756502780436944e-04
-2.313660328211320470e-03
-7.939480855808920320e-04
-1.850329897422925581e-04
8.061022063514962485e-05
-3.718801565946436728e-03
-2.018489376176829317e-03
2.932562110988090999e-04
-8.654157759234837701e-05
-6.408546363727139110e-04
-1.993567267397948148e-04
-6.109649915618399875e-04
-9.161922241402144446e-04
-1.341067547266728719e-03
1.566280137107134917e-05
-7.021217942648935425e-04
-2.917700458228588063e-04
5.008695250990666259e-02
3.536576824514468809e-02
3.743385496245370953e-02
-1.792553029254943852e-03
2.974598578694825912e-02
-7.129430193132631818e-04
2.393046343329663871e-04
6.826242909168315880e-04
-1.830010431999728061e-03
-1.303991889509612022e-03
-1.351093482504763616e-03
7.967525794818521153e-04
-1.109838285234474205e-03
4.808309237133833055e-04
1.824212725467001274e-04
5.372381664837472476e-05
-8.506333290785269598e-04
-6.430388969389685917e-04
-9.146912304159540046e-05
2.901329868119971000e-04
2.819633708440077210e-04
3.889904710727640766e-05
-5.661286392057096823e-04
2.728375897100407312e-04
-9.467966496341723495e-05
3.810471483146183713e-04
3.897092291865474718e-04
-1.959602965309474077e-04
-1.708928189274910761e-04
7.766579244836788068e-05
1.784518259346983362e-04
1.517750467671771428e-04
4.779236705692838094e-02
3.194411257380095487e-02
2.761916684917320106e-02
-7.427196409963797560e-04
-3.187331723655630056e-03
-1.836936691723939363e-03
-2.517720764871598550e-03
3.454880427873187419e-04
-1.757626807726844970e-04
-6.587433543746471854e-04
-2.591951362495352419e-04
-6.469726659687488959e-04
5.825392168896821859e-04
-5.353658658137330946e-04
1.043418900436084585e-03
-2.104096006401989522e-04
-3.052305786607515076e-05
6.963658296795919612e-04
-1.515877653348897934e-04
-1.950830566902417773e-04
-5.802943550199375042e-05
2.449176903593623818e-04
-5.702920938214658085e-04
9.958051995971777589e-04
4.318445701850796153e-02
2.478428150258401436e-02
-4.056608796318549037e-03
-2.078941824201749767e-03
9.813856321658550198e-04
7.907747741674872252e-04
1.666699817088969132e-04
7.876921087693516726e-05
3.493355779563822312e-04
-5.739471704553892771e-04
1.911687107292297518e-04
7.889699047997681639e-05
1.232422177071495594e-04
2.735861733872566254e-04
8.070748377068831547e-05
2.085374717058599998e-05
8.014073624160281432e-04
-1.169223733355101739e-04
-5.505878811788738518e-05
8.713121399809047789e-05
-1.299701838992331395e-04
3.444098482664411271e-05
3.577941827518116459e-05
-8.981527015455968591e-05
1.700175036092535039e-05
3.464148874223840112e-05
-2.903708027007783978e-05
-2.225951949632001988e-04
-1.316035946685615078e-05
-1.117675111990913336e-04
-8.874433532402578863e-06
-1.009334489163985959e-05
3.302884632733848162e-05
6.260086561292174122e-06
4.710860899858691477e-05
1.281189852192192316e-04
-2.122881147878744480e-04
1.091268407899005508e-04
-2.428563485026914815e-05
-1.629778539177763140e-05
3.659936024920407724e-05
-3.938898015295110125e-05
-1.063953359230233664e-04
5.186065015569136377e-05
5.453358028266699800e-05
7.518545483090155667e-06
-7.001714832575328153e-05
7.755299476337841949e-05
4.747278967314390308e-02
-4.732539646467212591e-02
-4.349901868017362616e-02
-4.281079388073208902e-04
-3.979911674739801397e-02
7.777377910634420983e-04
8.986092640380109395e-04
6.808409963859781127e-04
-1.626316615906013357e-04
1.338823289203370018e-04
2.483347156961027624e-04
2.342429287314175203e-04
-2.770713109943920673e-04
-4.505609966404077577e-04
-3.239988676391176536e-04
-6.848317735574910694e-04
-5.649837800536069076e-04
2.781953192176079832e-04
-7.886119275954498213e-05
7.884772356532052757e-04
9.001046187868563494e-05
3.590558126351344197e-04
5.901853682537500865e-05
-5.608575602895155216e-04
-1.163972800883543418e-04
-3.297322237652907545e-04
6.071946888030882710e-04
-8.275205938131093529e-04
-2.409038383670491709e-04
-3.035970339129847933e-05
-1.143823754445034117e-04
-2.927787429072639669e-04
6.852662059908832051e-03
5.157539589401857229e-03
4.423024281363587169e-03
-5.088017924448425162e-04
3.040072372520458057e-03
-3.141159122622457357e-04
-3.911409529914815718e-04
-4.023336266330263368e-04
-3.766040170870916712e-04
-2.424643196837952656e-04
2.956243362321943498e-04
8.456795873699710531e-05
-2.240176798603029490e-04
6.970142191318675230e-04
4.332130512889289424e-04
4.522747757763023691e-04
-4.229657559580969969e-05
-2.351033969245761219e-04
1.647273776981591359e-04
-5.332533790276520498e-05
-4.852042651966944503e-04
-2.878272805300860254e-04
6.592776651769284547e-05
1.195833626406979985e-03
-1.531701970657743965e-04
4.217647056470723863e-04
-1.774221627548909207e-05
4.279627640328426147e-05
-1.329449977730828717e-04
1.332225942810219956e-04
-3.701496550218942106e-04
-7.115243261156778377e-05
4.958655958450123268e-03
2.968980640567382527e-03
2.359990873522597749e-03
3.131733743593444457e-04
-6.809208882999360016e-04
1.595180088381303277e-04
-5.217910473447785616e-04
3.669240457124681794e-04
6.890019876491484041e-04
-2.112491764449268080e-04
3.107313017717017200e-04
1.621283135141349176e-04
3.354118872288738428e-04
4.013230561152168903e-04
1.199693787581225871e-03
1.777228203817986848e-04
3.124725764765379595e-05
1.858963637453435892e-04
-1.000628485570332574e-03
-3.934405449269887871e-04
2.355104283581809573e-04
-3.336955918192488903e-04
-5.075540770630601562e-04
-2.113848667356366389e-04
3.297388268626428882e-03
1.801521675566657675e-03
3.900567195698835304e-05
-1.956456732736090254e-04
4.079289711617619589e-04
-1.894307138382738179e-04
5.178716216221829568e-05
7.543329830874847099e-04
1.135728019747240185e-04
7.593616099398696711e-05
-3.779665459294658382e-04
-6.656273279586805191e-04
-1.310493095980270637e-04
1.739635105347113637e-04
3.241758228074806430e-05
-2.743808994465464436e-04
1.415605545428389594e-02
6.344983443688283166e-04
-1.547096213789975173e-04
9.023081524622245347e-05
-4.319109958747292832e-04
-3.262508985992845973e-04
-4.680595920426747041e-04
-6.245642152287833419e-04
-2.814047335357289215e-04
-1.246648894491518576e-05
3.456393785161081890e-05
-4.578743895447230579e-05
1.840508633644981151e-06
-8.488086163270768805e-05
-5.527076145357314580e-05
2.309479328551748169e-04
-1.366678077702874648e-04
1.455540856661148769e-04
-3.314402344329350444e-04
-6.928775069159729023e-04
-9.241711310689507217e-05
-1.160002976043881823e-04
-1.539745726740246565e-04
-4.848592391946611219e-04
-8.335487573086740321e-04
-1.811519453774781247e-04
-9.721179122834371512e-04
-2.505581547034460126e-05
-9.583361423562905546e-04
6.475443306544480281e-05
-7.046688716915420645e-04
-3.460401026073333292e-05
-3.742812584630079032e-03
1.134756996881801367e-04
1.541309981099092468e-04
-2.058076528079555228e-04
7.327500072261290676e-05
9.908093861386305849e-05
2.035960534401804562e-04
2.849211465729559124e-04
-1.407603442494993772e-04
-2.427551552933895530e-05
2.852194149418632734e-05
4.866431989087802168e-04
5.109697741098588082e-05
5.650511483740424730e-07
-3.987092852126400931e-04
-4.410916761788554298e-04
-2.198277468074406166e-04
-2.548050381386344869e-04
2.368362946436146897e-04
1.908056412776380068e-04
4.348826407370165459e-05
-6.968967236845777485e-05
8.144337663680312504e-05
2.494127372099820962e-04
-3.343336857682406679e-04
6.757456613957396651e-04
5.305929897394388211e-04
-1.734786985812418394e-04
2.998688097579618110e-04
-4.917806285225283729e-05
5.408994220071090125e-04
-8.505307523620946118e-05
-3.589506453930081577e-04
-2.397267926378622484e-04
3.879677109383163492e-05
-2.577816647756126203e-05
-3.379372853353143635e-04
2.128639162995344151e-05
4.255751925763585772e-05
3.223952974760694722e-05
1.976762175671853872e-04
6.055870551190170581e-05
1.142121352868862369e-04
4.850234487632495100e-05
-1.365558402629063559e-03
6.721455287084691997e-05
-1.362012174005004941e-05
-6.103823798458321950e-05
-1.486359619803124274e-04
1.329106434646044074e-04
2.054079262605061621e-05
-2.655211654848802015e-04
1.061087622382198974e-04
-2.377475571727256671e-05
-1.987947604146838513e-04
-7.991128714343632164e-06
-1.414724504082756347e-04
2.535669520226789975e-04
4.516452198845401309e-04
-2.358047281920112143e-04
-1.725776198195139220e-04
1.597118521024052534e-04
9.750502881361030683e-05
-2.202054617245513166e-04
-3.962784456248335456e-04
-1.801598591053327387e-04
-2.263023192129657690e-04
1.492218742390650382e-04
-9.888402566182411414e-04
2.382395327196317337e-04
9.267293707727209805e-05
-2.093113043004224275e-04
1.609552994044972096e-01
-6.219248460020550262e-02
-5.460664556858049051e-02
8.641031800503776736e-04
-4.880040234603012089e-02
3.838067760723320944e-04
-1.202361353644634074e-03
-1.098241323257253529e-04
4.065574344918870126e-04
3.438148212279609718e-04
9.106993694747046860e-04
-1.017363357653851708e-04
-6.818200154645227568e-05
-6.467623209818405524e-04
-9.249186157883681830e-05
4.027925097826640007e-05
1.919606527997903237e-04
5.950620839016070729e-05
5.450708237540578425e-04
-6.762238309630798328e-05
2.435459539037957018e-04
-7.618405345229893036e-05
1.413029230789164146e-04
1.698932134443547620e-05
6.983912718399507252e-05
-1.091556648539313164e-04
8.940422162031020586e-07
-1.082556834831037078e-05
4.206870416758989032e-05
-1.371168696557534500e-04
7.254942484420870831e-05
-1.448698262482234840e-04
-1.382951870476453217e-02
-4.293102158927454559e-03
-3.044336821621571477e-03
5.721129528879355088e-05
-1.812376655597311339e-03
-4.647622979629830830e-04
2.365435405388510671e-04
5.729802872060786416e-04
1.382262165677343414e-04
-2.294763213578832257e-04
-3.141389493072156204e-04
-6.590495510705957430e-05
4.628400598366017721e-04
5.660640147715368786e-04
6.121187361008706971e-05
-1.280307022594271023e-04
-9.555910344676224200e-06
3.931147550493575680e-05
-3.803763736283968626e-04
-5.214367673507358091e-04
-3.558093429828193457e-04
-3.350169944769949403e-04
-3.806649224311887372e-04
2.345300137467671176e-04
4.848441738003922722e-05
4.075894609571048739e-05
-3.808416533154189974e-04
1.207077251451247753e-05
2.462538650106181897e-04
-2.311462475399563867e-04
5.171930513857879788e-04
-1.160518997547979608e-04
-2.849623917876437096e-03
-2.464793523752536195e-04
-1.075317118556734204e-03
2.306671705947958571e-05
-1.437513700354372550e-04
-5.722898337895626977e-04
-2.469377663897422202e-04
1.589961437690540691e-04
7.227916687505182586e-04
-3.893856892611307144e-04
4.637181407041716290e-04
-2.479526864447026890e-04
-3.429399778559822157e-03
-2.130480335762329966e-03
-7.865082152010403633e-04
-4.925300029516673688e-04
-1.708016656408069798e-04
1.214098241797683400e-04
-7.686079391705224204e-04
-1.726011199677196333e-04
-1.439568366381698374e-04
-3.956781756829447970e-05
-8.163630865381579229e-05
2.647555403133971413e-04
-2.038623834183288729e-04
-6.356490540554892094e-04
-7.958816592538187095e-05
3.070372794538310827e-04
-4.310303023612427581e-04
-8.195624709874924129e-04
-3.628676411095106474e-04
9.157465808131473031e-04
-9.915168657902467993e-04
-1.666014451038800226e-04
-3.829554769709026972e-04
4.919070154622432665e-05
-9.241672730373641379e-04
-8.681197761081413909e-05
9.510450135181360996e-05
-1.849790326094788841e-04
4.228058828146444986e-02
2.631604423525606487e-02
2.685780994611879427e-02
-1.896443872060399197e-03
1.979915373218899335e-02
-5.442877619209152097e-04
6.739376535243513837e-04
2.064790903400901716e-04
2.055008356541326235e-04
-2.913441229065267743e-04
-9.287573122687730123e-05
1.313487261637386137e-04
2.558182445768636946e-04
2.135151031226836284e-04
9.993066746232489911e-05
-3.231803807580353499e-04
-2.459370118712731908e-05
-1.050698684205434905e-04
1.574320134044289812e-04
6.129234165907839231e-04
4.593245424315569014e-05
6.278238532251755532e-05
1.107674921575946313e-04
4.967768277835311625e-04
5.335925075425170709e-04
-7.795293490621128021e-06
5.887526809349721488e-04
1.326815984675419782e-05
6.400377558547178840e-04
2.079842123486434159e-05
5.652957371538004042e-04
-1.654886244181948422e-04
-3.645166728459642898e-03
-1.936519616124773207e-03
-1.147776270110257603e-03
1.142416785415894045e-03
-1.345624168546811399e-03
5.970181377014714772e-04
-9.951256236788460596e-05
-4.525299403597307472e-04
-5.143814331680713519e-04
5.064082395330127490e-04
-3.120872932475153095e-04
-5.324366642012260927e-04
-4.940087545846695875e-04
-7.312005838292522965e-04
-2.203906500963990177e-04
8.976841636223629930e-04
-1.673312842167735959e-02
1.562622067100708943e-03
5.543327609595806579e-04
5.320480223505711813e-04
5.169680682485747886e-04
2.065818642940499370e-04
1.130704858552586536e-04
2.637009303024987318e-04
3.780683088563322868e-04
-8.910439004207988483e-05
-4.775174995420724774e-04
-2.951627604507502394e-04
6.331253095503106031e-05
3.255196442284529986e-04
1.005065080054096734e-04
-4.285295685794607247e-04
7.568476351208057191e-04
2.048928579225581660e-04
1.722825352008118793e-05
-1.178943397729012707e-03
2.029366654126684572e-04
-6.703121184630216750e-05
2.597878523257848588e-04
-1.590284322644470246e-04
1.531992735219703402e-04
-4.346621595552141947e-04
1.243381793198922018e-04
-2.507403671683930218e-04
6.644897079511012390e-05
6.859109367200207476e-05
1.900820692930558858e-04
-1.461822239538318425e-04
-1.807295085177196292e-04
-4.209272705372669901e-04
-2.225475600809017100e-04
1.133048894420969036e-04
-2.671343549800032718e-04
2.698751785315326975e-04
-5.469339059196678303e-04
-5.619683279261123007e-04
-1.001645724183408128e-03
-7.473399076452912505e-04
1.281813790317660139e-04
4.040059511139861047e-04
5.559870796898907282e-04
9.362337765662965031e-05
-6.388685260661544065e-04
-3.384528927175109079e-04
-3.921784123541124153e-04
2.710321529578982357e-04
1.268118409426503162e-04
-3.227350568814882814e-04
-5.659621087750415727e-05
1.447682548119664831e-04
-4.334996383384562627e-04
-3.494671820755950592e-04
-5.840382810969945793e-04
2.739033680436916431e-04
-3.144935258885489071e-04
5.334639446756402151e-05
-1.046022789924214548e-03
4.777102943680064840e-04
1.640922107584258621e-04
3.711424376353395123e-04
3.974898783183964225e-04
-3.715379547961693236e-05
7.300918499044599472e-05
-2.771607996419315914e-04
-7.866046211989634091e-05
-2.146674127265775541e-05
1.929254741430210830e-04
-2.970005660264675679e-04
-1.550135324477241907e-04
1.873350793484247640e-05
1.271943201055028571e-04
-9.157575447089042918e-05
1.239107299379678417e-04
-4.406949359789618086e-04
-5.281546232903335967e-04
-1.147049443296353403e-04
-1.116140800628407162e-03
2.495355355035329577e-04
-1.155312441159296045e-05
-6.117022378320168766e-04
-1.274007715806786104e-06
1.934945865760973201e-04
-8.277761917471827043e-04
1.479385427359668106e-04
2.485296190323990086e-04
-1.600303722381741741e-04
-4.324966934419316304e-04
-2.647057383733279279e-04
1.749830809849289154e-04
-5.322558900421090980e-05
7.831663237018247469e-04
-6.240563188667945169e-04
-1.535682747582071028e-04
-9.039991683347736945e-06
3.456667666972998930e-04
-3.964877105384889949e-04
-3.290108750726131897e-04
2.184689793187733831e-04
-3.273003343024794573e-04
-2.169376645748474373e-05
3.694444325718699434e-02
2.286985744318897548e-02
1.832937567816111946e-02
-4.032022327318319816e-04
-2.219682505700747664e-04
1.344396819890108423e-04
-5.459517745935841843e-04
-3.896955734576923176e-04
1.038879308974031919e-04
-2.164953349098872916e-04
1.428785387394399947e-05
1.328831037005944252e-04
-3.733082518603126568e-03
-2.367403518828034049e-03
-2.534757234056058284e-03
-3.195131968212315695e-04
6.113431507740331016e-04
-8.067357533110345843e-04
8.072571168695577863e-04
2.054625341341288053e-04
5.454232573165841008e-03
1.219950714433835036e-03
7.090981342640527495e-05
-1.861008925794013107e-04
-5.075327041011927064e-04
7.487339577678815130e-04
9.190676109973885019e-06
-4.119252826619191368e-05
-7.110106595215328566e-04
-4.682010385293049621e-05
1.989730427137239091e-04
5.144210678786610659e-04
-1.606866003381926663e-03
-8.116838334850982959e-05
-1.992113731230565411e-04
3.141009573627624621e-05
-5.000833590450489167e-04
-6.593662889332895004e-04
-2.587000363471882256e-04
-1.055506717990981665e-03
-3.230518526080732077e-04
1.005361177075162339e-04
-4.109934614889622384e-04
8.640660880911741433e-04
5.724665005840037096e-04
8.983962011701307742e-04
1.179774402157246575e-04
-3.373650812833607453e-04
4.675736715015426612e-05
6.155110100960778461e-04
-6.760647355230855636e-04
-4.043383529161221246e-04
1.663342288023588378e-04
5.689030090456765319e-05
7.482665310690050236e-05
1.126794259493401267e-04
2.679802632903151879e-04
1.669451010209808549e-04
-1.283898480173367924e-04
-7.606000504056718804e-04
2.971534226196456924e-04
-1.179801602539852501e-03
1.289862193968642923e-03
9.217196441072523323e-04
1.647416951174784840e-03
4.007226767561982713e-05
3.853142140779581507e-04
-4.967065777213438248e-04
-3.624389313151636345e-04
1.756054119475228162e-04
2.897960830812737281e-04
3.826375450475949644e-04
3.769124958757364677e-05
2.597370900685611809e-04
-7.251844103630279935e-06
1.646151687517448999e-04
-2.691178040090043172e-04
-3.987813894959689139e-04
3.770286584464842489e-04
4.426561623849351273e-04
-3.970383970539952622e-04
-6.148799265888610106e-04
1.577346285153746429e-06
-2.274237380971562102e-04
-2.663150731929490303e-04
-1.225368953483672451e-04
6.144036327502314619e-04
5.909716595990325693e-05
3.147092950176996057e-02
1.604650079295989740e-02
-3.155572433911016535e-04
-2.306999815108884693e-04
-4.014342666228038620e-03
-2.891671031166073366e-03
-8.745127302475311508e-05
4.330817120108264198e-04
4.657698967903712087e-03
-3.450519128840784703e-04
1.017602892649269435e-03
1.035702180598967745e-03
-2.697621536697085667e-05
9.333268366085303381e-05
4.611185796807405822e-04
2.719748614836004614e-04
-3.994605374876247480e-04
-6.810858147944534808e-04
1.340802188108175400e-03
1.427579557480908063e-04
4.079966322587864924e-04
4.588890942423198708e-04
1.305626170743533405e-04
-3.159460250219163968e-04
-1.391659798175498629e-04
-2.453681057957331083e-04
1.721711718181766725e-04
1.024828944610577455e-03
7.828709757507644116e-05
-5.490192784149117676e-04
-1.838189133246970140e-05
-2.936401114545309621e-05
1.284044990809308378e-04
-5.194047464967032409e-05
5.413958190534277990e-04
-3.394980377947351500e-04
-5.795585872746476233e-04
5.797245017733598359e-04
-3.142691125240649314e-04
-1.321996642827969002e-04
