-5.854570230297482386e-03
5.729654576944930300e-01
2.203821020100022593e-02
4.021250166875900769e-03
-1.619619012225478188e-02
3.261641456869134731e-02
2.189820039742342538e-03
9.442541219140598505e-04
-2.227447147258210594e-02
7.785248181347881324e-02
6.774009974600119464e-03
4.375309053568224478e-03
1.029141678655235651e-03
-2.537070548809388661e-04
-2.233201726603861043e-03
-6.843154149186665355e-03
-1.787900167628488426e-02
2.775810669633275562e-03
9.948084103285750879e-03
-1.526302359403044649e-03
2.527617376660680482e-02
-5.719417003548204342e-03
-1.093600390287578425e-03
-1.201140272137848778e-03
-6.846028484199922874e-03
1.009155130581205206e+00
-3.656351815895486079e-01
1.114621992166982406e-01
-1.701031795212665010e+00
1.751667025548194964e-02
2.960565224647430937e-03
4.576914100096147152e-03
2.833224930009773518e-02
-3.936132857063716073e-01
2.334921471750810440e-01
-3.920211126833667015e-02
5.837651304121714846e-01
1.597120333611350140e-02
2.064377182990584977e-03
1.877196355644382029e-03
2.159137370810462059e-02
4.627374243473393427e-03
7.215381902817192845e-04
9.074579164076932965e-04
-1.812578616806082032e-04
8.170092420723017623e-05
-4.940055928254788085e-05
1.150676702861103302e-03
6.774867718953156946e-03
1.047976324950654903e-01
-4.557966643831924680e-02
9.301083331580467864e-03
-1.414666666424492236e-01
-4.011131654425990206e-02
5.487776988520225510e-03
-2.947292506953386507e-04
1.093479343904952758e-02
-1.636709659727616284e+00
6.805046437100017442e-01
-1.425457777512744162e-01
2.163370666305756806e+00
1.379795680997598639e+00
8.278477312720654291e-02
1.920542281083301994e-01
7.868973972026320762e-01
-8.876307211587974519e-03
-1.410843610117415783e-02
2.248481364422123541e-01
-3.405399056608054753e+00
6.268213096462257146e-04
-4.321428443017962255e-04
4.022713678626998329e-02
-5.858217111871878435e-01
1.446939653764898722e-03
7.489905004406153491e-05
1.506001032183701925e-02
-1.880596686815015350e-01
3.001221351176174348e-02
6.375160241847466040e-03
-2.658511503578055851e-02
7.295277887189159927e-01
-8.120441566803209346e-03
2.912636930357982712e-02
-8.888132321720321584e-04
1.542982466236665455e-02
-3.242527780358553206e-03
-6.563710259010714296e-04
-5.836339850494301137e-04
-4.392400809005202536e-03
1.642588154160774250e-01
-1.116467907520527908e-01
1.429279700640492638e-02
-2.108330068047747641e-01
2.437142807846079395e-02
2.349463380995900179e-03
6.190733230390188611e-04
1.286423829401121214e-03
-2.500810266800955473e-02
1.138847245555153764e-02
-1.980303423131598867e-03
2.014353395094274982e-02
7.933878314436910648e-03
3.532023358231881679e-03
2.589170577438041840e-03
1.651535809117108886e-02
5.914242183267118605e-03
-9.109075231840424794e-03
5.504027796776190910e-04
-8.059555587345333325e-03
-1.637494623546843775e-01
9.078954244686955610e-02
-1.176266670010692184e-02
1.849457783392182697e-01
-8.818669840083573352e-03
-5.324311668430455752e-02
2.166314879853106518e-03
-6.176501019922185469e-03
3.301209554789158885e-03
-4.350693918520234793e-03
2.025094673458611993e-02
2.909389456563543988e-02
-1.121652816204939257e-01
1.905167776679548425e-02
-8.082615184692642715e-03
1.373367213524658570e-01
-3.012672230447453747e-03
-4.244243839464898502e-04
-5.013962174388706013e-04
-1.969884289456942661e-03
4.298711945048119126e-02
-3.385500710548008246e-02
2.960868617299126926e-03
-5.209221108851778276e-02
-8.751246086748973958e-04
-2.106698178435165950e-04
-1.982189300608717204e-04
7.803930149671855793e-05
-7.467636435434545777e-03
3.271713864783080093e-03
-5.536249989379205113e-04
9.677333315265339644e-03
1.259633802560488069e-01
-5.580501751045426756e-02
9.595555536166757229e-03
-1.659448885585634026e-01
-6.743097757670787201e-04
2.980962784657561777e-04
9.630402178805590218e-05
-7.910535155364583617e-05
2.794439035537363758e-04
5.854032917466787554e-05
1.504401700806973262e-03
6.792052744698782486e-04
2.395055048057201375e-01
3.371654980866623658e-02
1.104293669965547980e-01
-1.758355151568729680e+00
1.843064638525250543e-02
4.598238711992185847e-03
6.479441077515658669e-03
3.489541679710604638e-02
2.213102359109528627e-01
-7.360719079540513077e-01
-2.501280957363078913e-02
3.348410803305363892e-01
2.011986071455132766e-02
5.591130855429926258e-03
3.598004701194726113e-03
1.262295762919119803e-02
-5.910753405292639567e-02
2.903048957905130650e-02
5.535083332399597968e-03
-8.434311109538626672e-02
5.944646166982543445e-01
-3.008282255374407077e-01
-9.332977775783427021e-02
1.442247110777005403e+00
-7.969346172493394333e-04
3.847973212178409930e-02
3.634737581859639761e-03
5.638946116315398868e-03
1.974102315559610708e-03
4.614484104190624304e-03
1.976696621849450067e-02
1.268288727548488176e-02
1.204678838983313405e+00
-1.075502432807387221e+00
6.699717424099302376e-02
-1.073108296511277482e+00
8.405422976313367892e-03
-2.722551212637727876e-04
6.061363572827875145e-04
3.440769462608987781e-03
-1.556448674824505218e+00
1.901673909604599966e-03
-1.075697839024758878e-01
1.801106013691634589e+00
-1.574310101360147304e-02
-5.511075022214586769e-03
-4.332326383629333220e-03
-1.897617900552426087e-02
2.305404798669232619e-02
5.138029094603035161e-03
1.454452002015462625e-03
-2.674377067105723131e-04
3.573977394661995567e-04
8.778177752889864674e-04
1.631238456534506295e-03
1.809125252673846398e-02
1.234172241079850574e-01
-1.021944915459321035e-01
6.484472222391574579e-03
-1.052675555554571513e-01
1.016742713299853967e-01
2.700351046821696313e-02
2.275599152584025994e-02
9.494037613982100887e-02
-1.890760705320728707e+00
1.545722698368637626e+00
-1.043813333367107354e-01
1.691363555560483567e+00
-1.774696081030182393e+00
-4.604033703938734123e-01
-3.945244408304498518e-01
-1.626803154366060156e+00
-3.563233487647270159e-02
-5.992691930265461528e-03
1.782083858963587342e-01
-2.795794880967692020e+00
-4.957773415528277973e-03
9.984343262272874075e-06
3.755478621775416859e-02
-5.723074102456630063e-01
-3.395343593665882832e-03
1.504929814360344740e-04
4.043863181278325308e-02
-5.983304259337435260e-01
-1.242224767252570611e-02
-2.385859929339385552e-03
1.812847471244729558e-01
-2.531882897593541681e+00
-4.978831675333841161e-02
2.063016797961617077e-02
3.961805553375496135e-03
-6.529599996154139552e-02
4.958088152562029061e-02
-4.032298374524718315e-02
2.338888863315189152e-04
-9.416888850663497970e-03
8.915591769678182787e-02
3.533704090506893658e-02
2.267859143117769566e-02
9.728356640990751258e-02
-9.928583333264098115e-03
3.504208336203698971e-03
-3.414374487969409205e-02
5.501934729355268949e-01
1.384746666697712070e-01
-4.832888893264723762e-02
5.767352979388480350e-01
-9.433072755952297328e+00
1.013162929342884988e+00
-3.753720199530671819e-01
-4.937244440490401454e-02
8.123733326354476425e-01
-7.599047305534640806e-01
9.943385381912877019e-01
-2.020444401869963234e-03
1.096248882462489693e-01
-6.777806561143965292e-01
-4.272483208961609380e-01
-2.223483327399332909e-01
-8.620321335574666621e-01
1.612408888888196556e-01
-6.172622226694102904e-02
5.869215250337107559e-01
-9.385807424257196274e+00
-2.244494222292290786e+00
8.455395562332943538e-01
-9.884450854969109912e+00
1.605592450525324466e+02
5.146325966979664081e-03
5.519040615805909794e-02
4.371836693792136193e-03
1.803062141660470227e-02
1.007200020349723335e-01
-1.795169088660249823e+00
-2.820234157640429812e-03
6.209010782036753981e-03
-1.401335846984538142e-03
1.606142109701063627e-03
1.476155680757784174e-02
-2.855670432937204017e-01
-3.889101850717958161e-03
3.991485337346081970e-03
-2.702565433622716382e-03
-6.730338674233040481e-04
1.705417162478582325e-03
-7.308745172783760735e-02
-1.976028789541910829e-02
-3.279947580966017379e-02
-6.745743492273401955e-03
-1.336716388775334788e-02
-7.370408738241020219e-02
8.974434969145890229e-01
-5.500971990162206032e-02
1.332738243925650143e-02
-3.397994764425840003e-03
5.462035930047857285e-02
-9.265591041524948515e-03
-1.525529899533206463e-03
-2.360622298446797811e-03
-1.257105296382849888e-02
-4.876732334751752163e+00
1.827510736699046623e+00
-5.561894683571785292e-01
7.012305947251792126e+00
-9.429000494223235274e-01
6.274366567789427251e-02
-5.875873485177695449e-02
1.195864047009861930e-01
6.793597087621894293e-01
-4.042979203291915957e-01
7.664845259041128123e-02
-1.174795634383798859e+00
-6.881609821417726536e-02
6.874976257184128685e-03
-2.595512452946424631e-04
4.631690604895146932e-03
-1.896042920996636738e-01
1.126441947519278008e-01
-2.074380559200933449e-02
3.143263199337236191e-01
2.723577349233508471e+00
-1.556956860883736304e+00
2.990432934624243644e-01
-4.470213927917634500e+00
8.989159073394648036e-02
1.323328852595937431e-02
-8.712973355242622370e-03
-1.072312180275493930e-03
1.350594278425807163e-02
3.126900794325883880e-03
4.996463704064159350e-02
1.827762860856016599e-03
-3.763868818430887719e-01
-1.711468849447758400e-01
-1.562224562126787557e-02
2.319179415474772188e-01
-3.389133525853852552e-02
-6.830747939116178780e-03
-6.568957681126867849e-03
-4.664648328912707892e-02
4.426884523245245423e-02
3.029099561125622384e-02
4.076446632496097226e-03
-6.157116405183777480e-02
5.232773357261218464e-03
1.549570195964483036e-03
3.177742730107793994e-03
1.908841167042093015e-02
-1.614000080066909509e-02
9.663343372686302682e-05
-6.777754577400630113e-04
8.573003375562238473e-03
2.414962261219787687e-01
2.212295212926985912e-03
8.389821955881660714e-03
-9.510695267015371879e-02
-4.069023624378823034e-02
-9.951543846053234610e-03
-9.806460827186062185e-03
-7.779819551208588043e-05
-1.019810118378329869e-02
1.228548327235309042e-03
-5.486197982482544228e-02
2.840137183954626662e-03
2.199729382327303639e+00
1.129187301681701117e+00
5.119507791192164925e-01
-4.567808053477937058e+00
9.079953674331650015e-01
-4.849004541377495425e-02
6.542368534290207704e-02
-9.793188033401293430e-03
-2.506465090623192005e+00
7.104896043775577041e-01
-3.531314893036990865e-01
4.462854993850730700e+00
-3.914325606098995602e-01
-2.244625781499568710e-03
-3.272826595320976056e-02
-6.718695850894869370e-02
-2.408726746025537657e-01
6.628173265709472184e-02
-8.428596576994556305e-03
1.414777306041913318e-01
3.261043481701572322e+00
-9.406077877492564632e-01
1.090959457569842389e-01
-1.845533616287163392e+00
-6.061420633539654768e-02
5.030152011281543295e-02
3.262412040617443561e-03
2.370961389739741337e-03
7.991333596764490024e-03
6.875449922515221605e-04
7.597125971250209830e-02
-4.278476177649187702e-03
1.652414249520558043e+00
-1.690006523748785128e+00
4.727030756839480097e-02
-1.437392103446673230e+00
-1.112800963001360638e-01
-5.100439615263196308e-02
1.885018831350675217e-02
-3.635900495415065378e-03
3.367334551782703023e-01
8.068847774125756378e-02
8.673324213094363300e-02
-1.015170954390394398e+00
-9.048309234226639686e-02
1.735071693794912329e-02
-4.556521387174189419e-03
2.099477936363181377e-02
1.560044554634396063e-01
-8.775007577563181949e-02
7.003853449999584459e-03
-1.238406726749429615e-01
-2.106965848679513087e+00
1.393971088631642097e+00
-9.210637356444638379e-02
1.615343110269296778e+00
5.156814604215912562e-02
2.999038618212392093e-02
8.543189560358802406e-03
5.299205183884607602e-03
5.467365542139303140e-03
1.315803987877090181e-03
1.048253837214827271e-03
1.702363416883591373e-03
3.161610994937036900e-01
6.045035500709525916e-02
5.126881273491550040e-02
-5.362893930277067289e-01
-2.451412318032355486e-01
5.390073082272081595e-02
-3.119691316016851360e-02
4.222500498348787934e-01
-8.657143296771781585e-03
1.638621150744626245e-04
1.270920974234026890e-01
-8.885374704040124513e-03
-1.575871955438432837e+00
-1.360601975595822966e+00
-4.852247570652994391e-01
4.432848672732266238e+00
2.864782060328902702e+00
-8.967458997386632547e-01
3.976579895979374113e-01
-5.318180753346175571e+00
1.624108054631353826e-01
-1.270906017851750752e-02
-2.395187338782193809e+00
2.849349849325669148e-01
2.740886739170026454e-01
4.529524083909182153e-01
7.032011679587511777e-02
-9.543682620066119837e-02
-1.197612266274522726e-02
-3.865087492879053233e-02
4.444417958783359983e-03
2.461532191342335855e-03
1.146253660375557738e-02
3.239619348617486794e-02
1.740241617241751861e-03
-3.075517649140638212e-03
-6.834543919059447858e-02
-5.788965636831078926e-02
-1.962882486613589869e-02
4.508462355582542463e-02
-2.632507839441085573e-01
9.641112950812390225e-02
-2.208578058122464063e-02
3.466714032345026841e-01
1.770465529380327698e-03
7.920233775109786298e-04
9.556541102891535780e-04
1.316300767493760668e-02
6.169515572973279655e-02
-2.652774788087649063e-02
9.818139653083000906e-03
-1.663175491821158036e-01
-3.373548784388555061e-03
2.066408420714635702e-04
4.220225126804237685e-05
3.060312733767847192e-03
-2.692092091059194656e-02
9.583248422955329554e-03
-2.093179862240960188e-03
3.356178233789486320e-02
4.106132356074769785e-01
-1.500259353171548016e-01
3.192943777736043098e-02
-5.156065618104482828e-01
-8.368856087133681385e-03
-4.255634788386948933e-03
-2.930752973530842756e-04
-7.568637919192032623e-04
-5.162536192036104154e-04
-8.412607108768281388e-04
-4.272194047428275708e-03
-6.728801043728608808e-04
-3.516206053347196381e+00
2.164433909961715585e+00
-2.170246512339420175e-01
3.580447349894709141e+00
2.722871116605417655e-02
3.631340315922338899e-03
8.066175234884817623e-04
-2.093756076192317475e-02
6.610962262689455970e-01
-1.275285420040108419e-01
2.273631433292203768e-02
-3.742374452757532000e-01
-1.728019146907536566e-02
-2.008603059180962078e-03
-8.144222321037555487e-03
-5.349863549576359956e-02
-2.492425861573852597e-01
1.948278807645532351e-01
-1.510645725593113935e-02
2.508865635511353109e-01
3.856733271969810417e+00
-2.746276569308764959e+00
2.540241718862776277e-01
-4.140965216306094376e+00
3.551903527269530125e-02
5.185929978417781749e-02
7.374749946362696429e-03
6.196570759821730910e-03
1.832942062114367721e-02
7.262389484770827167e-04
9.011517194994081437e-02
-4.802578192256707484e-02
2.126769687068559733e+00
-2.210176366476626963e+00
1.287361621130142242e-01
-2.187840225725228294e+00
3.426696578552233807e-02
2.585632112696600621e-05
2.067167192709187112e-03
2.707595521801487576e-02
6.801783025382611703e-01
8.809131532036593160e-02
7.960321425744006085e-02
-1.214617271734218518e+00
-4.099148710402023173e-03
3.812379499866964082e-03
1.212134586609491145e-02
9.274263722245933150e-02
1.693428658163997347e-01
-1.970194209796036211e-01
1.021710243277476268e-02
-1.758653937298604308e-01
-2.459481587708113981e+00
2.875923596949192973e+00
-1.501950877197353318e-01
2.562481550430089516e+00
1.268896537546554751e-02
-7.018342292826904028e-02
4.856785606464637806e-03
-1.599740898746890988e-02
5.179093453036124305e-03
-1.243684782123073880e-02
3.926671018729992191e-02
-3.093941537071575112e-02
-6.757000023453449411e-02
7.686916348732385218e-02
-1.247054546459338490e-04
4.414137953216498191e-03
-2.500869097401699302e-03
-1.228201903634868267e-02
-2.939374392950137513e-03
4.439122237422331307e-02
-4.409407721428015153e-03
8.663982011338017958e-03
5.520062194663976490e-02
-1.143591976828473022e-01
1.465748545659415925e+00
-1.401187547086647722e+00
1.877612936807295657e-02
-3.423022374808573631e-01
2.655853587942321181e-01
-1.855641403514980414e-01
6.310450419862231874e-02
-9.805835490020885503e-01
9.064951761164975752e-02
-1.442291738295784775e-01
-1.198518274080324408e+00
1.889635042108569696e+00
-7.430450823238798908e-02
7.586421647507435133e-03
1.077905941081181568e-01
-3.444043255023101352e-02
-5.506621366985559735e-03
9.047218231467991575e-03
1.705992102796021273e-02
-1.222667585492986583e-02
-1.649565413489664095e-02
8.019981653573616046e-03
9.154233793647935033e-03
-1.419627597006218635e-02
-5.570246243627436505e-02
3.431757131329586652e-02
-3.674709036218648528e-02
-7.151556755498666984e-02
-3.927947536765058700e+00
1.465505963129299483e+00
-1.154924935996855390e-01
2.027147947766947844e+00
1.124369764140618379e-02
2.841486012848461282e-03
2.456750369962764583e-03
8.902768568057547321e-03
1.285562623922695824e+00
-1.519905376644341111e+00
2.031777940285062201e-02
-2.523397203119818188e-01
1.144101763995078154e-03
-1.111969733272159767e-03
-1.066334886338146703e-03
-1.252841209240139128e-02
-2.953653578901631604e-01
9.229229060399711526e-02
-6.832166624548368511e-03
1.176879022145619902e-01
4.735901818212490788e+00
-1.523222211921172020e+00
1.120126750488212031e-01
-1.924918716908562866e+00
-6.295405097600831335e-02
4.427445251818988743e-03
-1.097091247113882347e-02
5.608949705135291746e-04
-1.088942856800109368e-02
5.919873938266550801e-04
-5.627149342402500143e-02
-7.976198937538155932e-04
1.752391837791899221e+00
-1.272417980285791339e+00
6.533810697106721965e-02
-1.035648479299578373e+00
-1.211777263513553332e-02
-3.034754117690707624e-03
-4.304162460414150647e-03
-3.062010845234961268e-02
6.799992930295759574e-01
3.467333231505995705e-01
1.178574706967390612e-01
-1.545421582302086261e+00
1.784239123316067738e-02
2.936239710786526635e-03
2.282488460733947139e-03
1.402454287069414447e-02
1.329752319308687702e-01
-8.874456880570008588e-02
4.566067093789634088e-03
-7.046534516677338544e-02
-2.139815801461030897e+00
1.531115451064725796e+00
-7.334092256634337781e-02
1.134784085468589776e+00
3.426605385840363234e-03
7.536009069861184309e-03
2.186312008081809245e-03
-1.635504821836101423e-04
3.298548742720677166e-03
-8.242286494806905662e-04
1.887705045221759956e-02
-1.444129757227693251e-03
-2.074807861256809383e-01
7.176153967243999177e-02
-2.232117675543566007e-03
4.182717917672237884e-02
5.633912240102904867e-02
-1.181610639571228222e-01
-1.474260181326414627e-03
3.186468266205284838e-02
-1.528791805342772682e-02
4.530129969667619563e-03
2.420936886824032463e-01
-7.517885725469075631e-02
3.499677190210375155e+00
-1.177258757514193066e+00
4.221172647039048154e-02
-7.773257140389672193e-01
-9.531339680283629212e-01
1.792990023494402729e+00
1.983775032752371770e-02
-4.517084189037776643e-01
2.503916009084578564e-01
-7.173340404155738315e-02
-3.980681092016129075e+00
1.196405289166005748e+00
3.252220058919168266e-02
1.722521164256349486e-03
3.662333555369869792e-02
-1.759300727724818353e-02
6.226250627610309223e-03
-1.533553588361554788e-03
6.965776182088994836e-03
-2.822203279813130690e-03
6.249954701015137705e-03
-2.899718028065783552e-03
7.732063301554080274e-03
-1.964695607199054735e-03
1.680348097133712096e-02
-3.568641942234211661e-03
1.040519446660198924e-02
1.020451745435617917e-02
6.877145312762404039e+00
-7.387256834907284997e+01
2.935918905506537668e-01
-6.422101254541338733e+00
-2.981989164714193841e-01
7.519146799109205012e-03
-2.150422636520164799e-02
4.326056776776933573e-03
-5.048981953869981254e+01
4.918384370924535176e+01
-3.551625003369941691e+00
6.317143205720879706e+01
2.145317064919653391e-02
3.004437516673558097e-03
9.226716649117793628e-03
6.744122565793268798e-02
3.975228870415986049e-01
-6.065699202124676503e+00
2.733752238300065154e-02
-4.628705370282164000e-01
-6.166649160624397830e+00
9.827971144713852425e+01
-4.548869560804377210e-01
7.615681166885457820e+00
3.055825484628238789e-02
-4.737146912662681952e-02
4.189140244106820746e-03
-4.926723150596085989e-03
-6.357818599450961415e-03
-2.260742322808962496e-04
-1.620590939385940787e-02
4.784210396814252142e-02
-8.225181246622385345e+01
6.485990367914261867e+01
-6.296131011871653804e+00
1.059426528318566909e+02
8.358084345337578325e-02
1.050712155103362272e-02
8.004357926791945410e-03
7.712855094657639077e-02
4.966986427484843603e+01
-3.262705898803429250e+01
3.468138085964140416e+00
-6.253869941176326819e+01
1.362635617623921602e+00
6.861693652072727856e-01
3.110994576639777298e-01
1.071962919813344461e+00
-7.243340754128601233e+00
5.473324702098246952e+00
-5.689511506361065729e-01
9.453567514459642496e+00
1.118427652920391608e+02
-8.787586543784379955e+01
8.711616491558327624e+00
-1.455375022243488559e+02
-3.106508434716542810e-02
3.207996172945896673e-01
-9.426112204457012464e-03
2.896070562904817791e-01
-1.236420854767964796e-02
1.421108435865816588e-01
-6.675535060587706182e-02
5.236923673783157041e-01
2.443889367813437963e-01
-5.388621140685611266e+00
7.608186547169265915e-03
-1.465163976772793641e-01
-3.950513354833375512e+00
3.764165298163835160e+00
-2.846188573671888378e-01
4.980343958189692444e+00
-3.127902629280058296e-03
-4.560543747636752743e-01
5.733953020094392783e-02
7.271179285979799900e+00
-3.557920204498352224e+00
9.241445176226474700e+01
-1.287456724918212003e-01
2.414626690176916668e+00
6.512711172965090611e+01
-6.379735470815590759e+01
4.624757954584511666e+00
-8.202593281303060735e+01
3.282592326330918686e-02
7.665158558426171886e+00
-6.748248401856470347e-01
-1.241252288545040443e+02
8.756830977003619843e-02
-4.990272064158092491e-02
-2.175648901756514764e-02
-1.210906407247202665e+00
3.570489054041922888e-03
-4.807869959502320684e-03
-5.146767549981502189e-03
-9.832142904511380344e-02
-1.838035120860644425e-03
-1.238037597538276663e-03
-4.088771066700312533e-03
-1.840328260699642671e-01
-2.398483610070671276e-02
-8.409166331768473353e-05
-1.989245625465161510e-02
-8.069004995091118015e-01
-2.205236357367356348e+01
4.671804511999389575e+01
-2.062653534494192087e+00
3.049028187119224498e+01
9.301626389443493070e-02
1.320424357163711357e-02
-4.012630037385063464e-03
-3.199807059700887635e-02
2.599797409402224702e+01
-2.409609624375499237e+01
2.087657014172913605e+00
-3.323355785034597432e+01
1.161177679160460441e+00
1.095705282118731999e-01
2.102871218175549617e-01
-5.157146119350470848e-01
-1.786425630600159131e+00
3.913577882736368085e+00
-1.806884013481301898e-01
2.564893237620245348e+00
2.846200980007747461e+01
-6.251068432450900758e+01
2.816852186355245369e+00
-4.071448617898994371e+01
3.805113131697060447e-02
1.416413367049847105e+00
3.194145781142070095e-03
3.639182470440963657e-01
2.496189567404700702e-03
3.112189134371339261e-01
5.690281747286081698e-04
1.258789462533467018e+00
4.586119889095800062e+01
-3.293552110245037312e+01
3.635393943770203862e+00
-6.036445471169685817e+01
1.937732536993753252e+00
4.310891974849639929e-01
5.324575066125563083e-01
2.462282370813310806e+00
-1.944428213683319839e+01
1.398417281417239089e+01
-1.214021616950637039e+00
2.502131412531000265e+01
-3.185402731231111728e-01
-7.126382733938250169e-01
-3.138666245803563015e-01
-1.568801533767259837e+00
1.029652815012295886e+00
4.911360665894488886e-02
3.432061468660327699e-03
4.513158245531239516e-04
4.675210103142918316e-04
2.403688713278402233e-03
3.619831014558188859e-03
1.149101812363000075e-02
3.954688869818096641e+00
-2.788383143288250210e+00
3.199938674558926999e-01
-5.260407295200250744e+00
1.534001509965045307e-01
3.691080778060352313e-02
4.462570996949703772e-02
2.136089382299846129e-01
-6.235168459573628752e+01
4.471974866298553053e+01
-5.011401208566589105e+00
8.271543545685018728e+01
-2.554900382154126959e+00
-5.875531802934209624e-01
-7.128724433848154796e-01
-3.338383692681576420e+00
-5.813043873851039267e-01
-4.344105711435778394e-01
-9.106360664370591329e-02
9.758522128363199544e-01
-5.300235582132247630e-02
-2.419906373281917600e-01
-1.171617917014210544e-02
1.071530300008820824e-01
-5.048436968674559905e-02
-1.636594537992175080e-01
-1.255781739859838410e-02
1.067171328947662395e-01
-6.603621458465946947e-02
-6.783460553282091299e-01
-3.683365276022566165e-02
2.218031162422035574e-01
-2.273109599162778327e+00
3.798933133538445084e+00
-2.168160353267069018e-01
3.141758111342461302e+00
2.202103003335947218e+00
-1.914437743179815410e+00
1.841500441662346499e-01
-2.829922626469483227e+00
1.035963276981490544e-01
7.723109687021579087e-03
1.573262199760943128e-02
-6.446158546785880905e-02
-1.941060961809629448e-01
3.278110503269126008e-01
-1.967609885042940349e-02
2.789744405317312048e-01
2.957655957596400320e+00
-5.136876831534936905e+00
2.952949925073508064e-01
-4.237279766270592773e+00
3.069413920374367066e+01
-6.111901390178901750e+01
2.937655208869105472e+00
-4.276282448684099791e+01
-3.633477964896252388e+01
3.231594194828725364e+01
-2.963131544328918565e+00
4.677131622147955170e+01
-1.563556550741943996e+00
-1.443911753243238005e-01
-2.847373946438065406e-01
6.872455752039203780e-01
2.519427632172360099e+00
-5.177704587136662262e+00
2.577913036076416864e-01
-3.648196480960619770e+00
-3.987097158927469565e+01
8.242735643153106651e+01
-3.988386878155750992e+00
5.743210285697737305e+01
-4.585093527838553229e-02
2.122744476777023159e+00
-2.374198484278494892e+00
5.899673447822048056e-01
-2.168469224182449639e-01
3.286122626318720652e+00
-3.598183135862310141e-03
4.262092540228853421e-01
-3.197604946037156393e-01
-9.365370674162562178e-03
-2.955620526020759017e-02
4.394939234683876705e-01
-9.373745354884334760e-04
4.437558158353525628e-01
-1.331560411887760809e-01
-5.716422828469092804e-02
-1.227432777872728385e-02
1.852232841698187027e-01
2.635292636125577750e-02
1.834628466945331215e+00
3.006640555110065005e-01
-5.730674953544073746e-01
2.269527180540954758e-02
-3.620105252979600174e-01
1.237704165926393519e-02
-5.413273357631408267e+00
-1.602163810532681101e-02
1.522522738451181079e-01
-3.940102759997990756e+00
4.035374507493979301e+00
-2.849039965001901042e-01
4.958531304110643134e+00
2.912222455051788252e-03
-4.454876276062526563e-01
-3.062712662300910715e-02
7.292726897239202088e+00
-6.916049653859366764e+00
5.445340920050984579e+00
-5.395654189095652198e-01
8.954629449640668426e+00
3.681804344419694619e+00
-2.617515943229927089e+00
2.459018089381771466e-01
-4.635985516869699730e+00
4.565168238854055982e-02
7.306659700903148091e-02
2.815499217957265210e-02
1.394629904606821402e-01
-6.182316645417644807e-01
4.626978336707939232e-01
-4.934738426386187093e-02
8.098265881790949194e-01
9.510753846557561175e+00
-7.418806175466272634e+00
7.532186022174587325e-01
-1.242095527580933201e+01
1.012735902008273479e-02
-4.021023863316274261e-01
-3.221047780606455246e-01
3.145532256107747004e-01
-2.390755269012810255e-02
4.082799355757872339e-01
-1.263000543775527895e-01
6.933775821007837514e+00
5.264592498356376993e+00
-5.322627297298756055e+00
3.851274347426308364e-01
-6.667433802191143677e+00
-2.073830287697461472e+00
9.234763355842565602e+01
1.303698544405157145e-01
-8.359999006723605186e-01
6.492648874715820284e+01
-6.304639680436552851e+01
4.559764825675691746e+00
-8.115802592113152514e+01
-7.284294367296374750e-02
7.629968309671815163e+00
9.004763094356218467e-01
-1.240720247824566655e+02
1.082500915828253056e+02
-8.461076192289826281e+01
8.306668236121074855e+00
-1.394966421989962555e+02
-6.518623842782031375e+01
4.240760823007146030e+01
-4.529956616847728768e+00
8.211757757813201408e+01
-1.476905033661223055e+00
-9.667027719741138059e-01
-4.067292775910259506e-01
-1.558590261447631242e+00
9.615929860296684950e+00
-7.174763361936100203e+00
7.560136130007889532e-01
-1.254996932677649291e+01
-1.481870781249750451e+02
1.151586698939771338e+02
-1.155453040977727674e+01
1.927927115080667306e+02
-1.994285056216982821e-01
6.874196935735928271e+00
5.283441392202227860e+00
-4.891480720618143430e+00
3.803246007124402861e-01
-6.644576564726348167e+00
2.572335511345297920e+00
-1.182707558545711350e+02
-8.682561657344695050e+01
8.295949135791539675e+01
-6.169625713716032855e+00
1.092068638145876207e+02
-3.356283420236291087e-02
-2.346899674740499653e-01
-1.008420176274061747e-01
2.503542703658074853e+00
-3.976305879310570307e-02
1.458612878330028950e+00
-2.759353834204490319e+00
-4.120043986877842124e-01
-2.986974741401048350e-01
3.904072263706846346e+00
9.652280559778131028e-03
8.527777870912559358e-03
-1.591767538269986404e-02
4.364768987263275557e-01
7.624404760323518545e-04
2.243539662829220627e-01
4.526623896879491404e-01
-4.814960732463770543e-01
3.683897546929200406e-02
-6.018963568278874465e-01
1.121015000280016841e-02
-2.500216885956194762e-02
-8.083181712271222952e-03
1.403992928435982002e-01
2.841098993031326674e-03
6.370244278106268476e-02
-2.422134734130381439e-01
2.988138075128786084e-02
-2.583492382953614039e-02
3.522968397006005503e-01
5.425944054573458852e-02
-2.349037496403373962e-02
4.348916153045331162e-02
-5.470040505230753247e-01
4.600536281769812552e-02
-6.687109854591148927e-01
3.811251105996811273e-01
3.301448099805127101e-01
3.738386078477873992e-02
-4.763893556890100855e-01
