1.368462964639775500e-02
2.511981521665309636e-01
-5.012380248504358371e-02
-8.143683966911882460e-04
-9.857119142062985631e-03
-1.296112002963532503e-02
-1.611953261633891589e-03
-2.345914445766658120e-03
9.612234758380931721e-03
5.317670789864550884e-02
-2.346251128916840626e-05
-4.692219786300606951e-04
7.324315258057649981e-04
5.159608470139879057e-04
1.057341775607098565e-03
4.077642850535357667e-03
-2.958013587007794591e-03
1.062705498164900550e-02
-1.956631496710881969e-03
-4.036896410554100803e-04
6.272642141540657815e-03
-1.380166418134176100e-03
-1.465779178528257831e-04
-1.397187467897105214e-04
-1.144606060393591439e-03
8.739502394151967835e-01
-2.951609383424584343e-01
6.797742042515217409e-02
-1.052224257212119429e+00
1.119508792889570108e-02
1.972874974050783936e-03
2.378490595300719775e-03
6.982952648492394068e-03
-4.387692417867150030e-01
1.635504231394274421e-01
-3.378315452260038237e-02
5.438932310875866927e-01
-2.029330318680539619e-02
-6.035822284032630464e-03
-8.076798614077517618e-03
-4.195234902822289613e-02
-1.829578619058981268e-02
-5.124497330150132486e-03
-2.284933620329689802e-03
-2.038744708639348042e-03
6.317166428965569481e-05
-9.042957321622895105e-04
-6.662744847592237674e-03
-3.731152483650077012e-02
5.553243349969559650e-02
-2.375981040321589396e-02
5.094416666635200215e-03
-7.974755556001782153e-02
-5.003838378990239227e-02
-1.375448913471194337e-03
9.172958735523331630e-03
3.592261600687123718e-02
-9.046866984784708299e-01
3.741613978451936995e-01
-8.454044444416573822e-02
1.315612444521969460e+00
5.812087920690568454e-01
5.731059843414279542e-03
-1.787738427992578982e-01
-7.713889182128352839e-01
-1.087913274916326410e-02
-6.447430857820699544e-04
-4.591678168978340357e-01
7.174638546330514011e+00
-2.595534925939424996e-03
8.659475117855214548e-04
-7.374408263614722070e-02
1.147118602227422901e+00
-1.593380132149598265e-03
2.382063015595575848e-03
-6.551030057647561078e-02
9.970446760635099936e-01
-1.940682764974915528e-02
2.025509313911812506e-02
-3.030154778509705493e-01
4.698832940645708334e+00
-1.640676362991983633e-02
-5.040198908202929602e-03
-7.249578996360304169e-04
1.287390470279062456e-02
-2.790172171892134258e-03
-6.465156430078589393e-04
-4.763783656174818857e-04
-3.682088155942334160e-03
-2.151215713320645262e-01
1.142205282708082109e-01
-3.343237136884627536e-02
4.415751017458321992e-01
-3.437071372917775529e-03
7.671555323621705646e-04
-4.685987855047289447e-04
2.032963762872967012e-02
1.152873962467876046e-01
-3.035918674899596229e-02
1.265963822647373990e-02
-1.755737811721934938e-01
-4.182953212587755230e-03
2.532040938422730199e-04
1.566392496421009119e-03
-1.687982296170794792e-04
-2.455408499532307082e-02
1.137955119154344073e-02
-2.576999996865240918e-03
3.658844439275921179e-02
4.174480203502760056e-01
-1.741172106944895992e-01
4.525511105859236077e-02
-6.352213324641446945e-01
8.612156549792726254e-03
7.812789534481699022e-03
2.298473045628393087e-03
1.208295478500578859e-03
4.993173164347874775e-03
7.811182014140756556e-04
2.532588507484079612e-02
-1.629243447861817087e-02
-2.978844028572013095e-02
2.220523158460242091e-02
-2.131644745819091628e-03
3.507769369637608187e-02
-8.163475309325063291e-04
2.029806473886321412e-05
-1.309019342307429497e-04
2.294524794230366413e-04
1.480750410202886190e-02
2.895677413662409595e-03
8.605154101899476111e-04
-1.611048435313903321e-02
-3.529652215965750801e-04
-1.534521123590478137e-05
-6.368642967805306417e-06
1.117387681956194274e-03
-1.360741216248575634e-03
5.869997616287400515e-04
-7.247222125245423078e-05
1.375999984068549233e-03
3.457881653067211569e-02
-1.287310953058810013e-02
2.245333314394771899e-03
-3.913955524245799761e-02
-1.055452250700573708e-03
9.230011241041339871e-04
-8.338927305223586199e-05
-1.603336573000971885e-04
-1.648643021482053804e-04
-1.586039525231075075e-04
-1.349934387089045396e-03
-1.054140184064236794e-03
1.733085381234553468e+00
-1.740362706618347799e+00
2.041969075543217660e-01
-3.341290774651526352e+00
1.515921848623227354e-02
8.557972477229007242e-04
2.063786831741579869e-03
-1.192829133631574494e-02
-1.886495744235917149e+00
1.709325680395295644e+00
-1.695339870553422834e-01
2.802648021766682263e+00
-9.633788526759360206e-05
-2.767046148812582484e-03
-1.485782717520914807e-03
-1.973085079556366472e-02
1.069803012493608513e-01
-1.280588825138504194e-01
1.313127777849082065e-02
-2.232622222338371820e-01
-1.713246559579492567e+00
2.031837253008296429e+00
-2.067644444500221224e-01
3.505265777867231591e+00
-2.230230557295225652e-02
1.364509848813414729e-02
-2.728388136232588572e-03
-4.003591147371573090e-04
-3.988209201885782769e-03
-8.095832571765238959e-04
-1.570718224752991332e-02
8.230580276916881280e-03
-1.926564732713140105e+00
1.698587097132798762e+00
-1.956416354790152523e-01
3.114808263267544675e+00
-2.227278275681409889e-02
-4.777414924141455861e-03
-6.696551493105858469e-03
-2.964119568196836585e-02
1.454827799732264504e+00
-1.131982991457693988e+00
1.315777823770917232e-01
-2.082549065576745129e+00
-1.536279066470038618e-02
7.035093667485442157e-05
-1.191289300027140174e-03
-3.158087701688480284e-03
-3.723938522111579219e-02
-4.714580542698791621e-03
-1.447151717708107391e-03
-2.132719732841573818e-03
-3.424144694800639391e-03
-3.839437724449522304e-03
-4.790185924385262535e-03
-3.722073605451296091e-02
-1.358148336041396786e-01
1.275094829210565994e-01
-1.381354166645023217e-02
2.218026666656744694e-01
-2.201811442960502629e-01
-5.621092246030839207e-02
-5.773921129657821893e-02
-3.206261361642502861e-01
2.206526625864727809e+00
-2.112339080390411183e+00
2.254595555515359340e-01
-3.609201777759553309e+00
3.208576177162295817e+00
8.370859096882019568e-01
8.651252451933473253e-01
4.770097765723308569e+00
1.613052881037461972e-02
9.964779123612840447e-03
-1.376444817629495776e-01
2.220341473782099229e+00
6.207502271274511693e-03
2.543599663834680055e-03
-2.563555443183787932e-02
4.255763309996022925e-01
9.239643809091903359e-03
2.196063331084411457e-03
-1.418657642980265636e-02
2.388741074002180276e-01
5.305763956342875176e-02
-9.232226736372027218e-03
-1.379871626589675854e-02
3.522287208693189453e-01
-1.431005577934570810e-02
-8.057933452991633549e-02
3.551388885111583793e-03
-5.431288882448823130e-02
-8.389827939142467661e-02
1.178269933976769240e-01
-8.736513892040206897e-03
1.389688889364960045e-01
-3.355885754148794226e-02
-2.253735509529905881e-03
3.391447191566511043e-03
-1.821416179791806450e-02
-4.748722223040995755e-03
-5.253624997287224298e-03
-1.545809139392250071e-02
2.911366697904308465e-01
7.240000001698621013e-02
8.449066662712650944e-02
2.539393900081219901e-01
-4.702984119377627614e+00
1.827245859027636365e-01
1.243410534209646867e+00
-6.282133326752679936e-02
9.511822210965307223e-01
1.398443320195798867e+00
-1.831646111239192853e+00
1.392231111616473727e-01
-2.232263111880484985e+00
3.286462599603529600e-01
5.082300395255590075e-02
-3.943511358349201940e-02
6.520168014745276741e-01
7.639644445688720253e-02
7.959822217790533949e-02
2.248462106648371206e-01
-4.405013838665189141e+00
-1.161443555818544304e+00
-1.278122666024996690e+00
-3.810617538539414095e+00
7.290175924925463846e+01
-4.031629095929078165e-03
-5.418296612336836147e-03
3.777985477367800868e-03
-1.154164075997128266e-02
-7.840920113240591738e-02
1.108043768596036704e+00
-1.544739785957466695e-03
-1.279601067892026855e-03
-2.207461383903922079e-03
-1.167235186178433755e-03
-1.174497889778574472e-02
1.876086711782309069e-01
-4.067572922673109125e-03
-8.984846196680454583e-04
-6.014793692372123225e-03
-1.842229861234711066e-03
-1.216269828231365986e-02
1.893244956586284666e-01
-2.125191490451727033e-02
1.062601774158011998e-02
-5.209085068784111844e-02
-8.564732334412680087e-03
-1.108327126263498885e-01
1.899710572657886454e+00
-3.707454297844193364e-02
-1.765014220825301267e-02
-2.481664739010062959e-03
3.586895981421114182e-02
-1.161471219988565243e-02
-2.283289288782916829e-03
-2.625460493184183629e-03
-8.417471740057571802e-03
2.350012418940334025e-01
-2.143838412464053600e-01
-1.127422951310669622e-02
-4.365109155215759484e-01
-2.356183105506657605e-01
3.992182183265822332e-02
-1.600790964766827043e-02
1.038018188958281102e-01
-1.922572113462878707e-01
1.087482118050369928e-01
-1.037902369113328539e-02
3.189727111269555770e-01
1.252756250566469942e-01
-4.722294870076597720e-03
6.453410946988005076e-03
-1.810371726487083194e-02
1.534099808436198142e-01
-4.799477183735372660e-02
1.373557035835105619e-02
-2.033512672383336051e-01
-2.003918143609283664e+00
6.984828982869445424e-01
-1.790428094890965383e-01
2.692258922175375435e+00
1.481260019004973331e-02
5.769824893128538967e-02
-9.385219116718214721e-04
-1.676015853515746244e-03
4.333175052807530792e-03
-1.153893977807724349e-03
-1.406466406301812994e-02
-2.942416650855868288e-02
-1.116116190809738784e+00
2.908951652045423386e-01
-7.977048626781022000e-02
1.268227129126633157e+00
-2.065337644127177019e-02
-3.720398226255720083e-03
-4.595369190044327687e-03
-3.084436550429785553e-02
4.153575193947358080e-01
-1.080012629174517541e-01
3.313030020860208841e-02
-5.191993106985234308e-01
8.077442960902968955e-03
2.177888391678010991e-03
8.015112988147331339e-04
9.884207374719978026e-04
-7.083171489446690727e-02
2.754328551322009211e-02
-5.910167108274314886e-03
9.280264014731877398e-02
1.196360086084272467e+00
-4.548574435097024748e-01
9.592215772555266751e-02
-1.512757946460276504e+00
3.020323421895307857e-03
-5.424764137156820945e-03
-2.031585263523761221e-03
3.768125179629888753e-04
-3.370883281638483234e-03
2.397860327239272494e-03
-3.258500485488772386e-02
4.123250457082743362e-03
3.438652325613880567e+00
-1.858737659505136808e+00
4.287660539524275616e-01
-4.769572062715428551e+00
2.795076802250525197e-03
-1.061000854939924826e-01
-3.732545726896691757e-02
-1.983530316509797831e-01
-1.185099501145145950e+00
1.083286589785614096e+00
-1.279081626814890238e-01
1.889829707219863986e+00
-1.570147379359026693e-02
2.671094615995155217e-03
-3.925963029851076667e-03
-2.736876910186752943e-02
-4.264319126193685111e-02
-1.556216782572117097e-01
5.317212458862176534e-03
-8.441972874792633141e-02
4.467635124615747522e-01
2.454487691821839679e+00
-9.051592534096938869e-02
1.400967897279745022e+00
4.169477038906499455e-02
-5.905733324068685765e-04
1.069531797802176012e-02
-4.968731637232561525e-03
8.026795821309395257e-03
-6.926821061208339285e-03
4.697913114353447633e-02
-3.177120970931385235e-02
7.993593708909806361e-01
1.285093993576997828e+00
5.264702183125485185e-02
-8.055770337913124024e-01
1.606324406675873617e-01
-5.169318528272738578e-02
7.385843209742988177e-03
-7.084778539734236380e-02
6.139594066108017278e-01
-1.027894952539378792e+00
4.935769000432550097e-02
-9.612079469605193660e-01
-1.327552899069696715e-02
2.306027903883334923e-03
1.819831638221639653e-03
2.023488095308318205e-02
8.644164229510392650e-02
1.405269133472109300e-01
4.304822979053646130e-03
-5.979210729141878899e-02
-1.448867151602590608e+00
-2.056724596683526585e+00
-7.515353005322379654e-02
1.049804089529263074e+00
-4.305098135374635371e-02
9.476295510680077250e-03
-1.991654538361436848e-03
3.303490500336501469e-03
3.986728639078685084e-03
5.139946406200803517e-04
3.451066046376970869e-02
1.296219258361514491e-02
3.548070842141547443e-01
-1.359490570261132070e-01
3.824397039600112985e-02
-4.283009002827372069e-01
-9.269197834622057430e-02
8.459194919322630957e-02
-9.669429319153358474e-03
1.370883175257105180e-01
-7.888388653124580110e-03
-1.070452711894525309e-02
1.119815059077184510e-01
1.666139407641929193e-01
-3.334659552729756449e+00
1.989144482830944582e+00
-4.387363072911108497e-01
4.750199480950175968e+00
9.799321042957913619e-01
-1.249414610431747841e+00
1.182763061823805251e-01
-1.724183449607373131e+00
1.440989662283285455e-01
1.698196696850955700e-01
-2.077852227444069833e+00
-2.630908050280774013e+00
3.833876454136946332e-01
2.012832428081388902e-01
-6.139228543683124262e-02
-7.933265519661820975e-02
-2.731716101624570570e-02
-1.543310455138952909e-02
1.534304536163329886e-03
2.330473115457126938e-03
2.609100447685374843e-02
2.429339568472884542e-02
-9.077074709775300246e-03
-1.674725720291329358e-03
-1.951879444520731102e-02
1.755124397681691664e-02
-2.830169870724803111e-02
2.779618866967027008e-02
-2.764928530449207167e-01
1.431088934611537966e-01
-2.408627362150540449e-02
3.958371447094846118e-01
7.088880850714444730e-03
1.989213567199822792e-03
2.613867827211483526e-03
1.219432875794089662e-02
1.404577849299843972e-01
-4.792881058703519354e-02
1.209203402575625627e-02
-1.912557212640495774e-01
8.681407388853023058e-03
2.018179834200381668e-03
1.677571019198047979e-03
-1.043611923830643990e-03
-2.403827168965554789e-02
1.137495719361216080e-02
-1.976519925611914738e-03
3.273860264837646222e-02
4.098411956165903258e-01
-1.995405081879929599e-01
3.355928517193533522e-02
-5.557485452188618558e-01
3.978707557866813238e-03
3.437699143128365720e-03
8.221985049427388845e-04
1.416215204387601427e-03
5.182854439836372378e-04
1.264782939304054561e-03
2.785539800297220925e-03
1.009914426050938230e-02
-2.168689847352588185e+00
2.070448686670449123e-01
-2.978247771634423002e-01
4.759688977403411236e+00
-1.553357947866375877e-01
-1.749956180287395510e-02
-3.275816269759082577e-02
-1.388625250574649361e-01
-1.429609040220177985e+00
1.055006750453591380e+00
-9.757730675682294019e-02
1.297329609890999214e+00
1.104379288931971181e-02
6.969024381407979730e-03
8.276873646410517690e-03
2.461074838526099498e-02
4.579256823116541891e-02
-5.075821674550082263e-02
-5.900092149407772622e-03
8.655602330553896495e-02
-7.073801392090423024e-01
1.048936020152393844e+00
1.018197698990644523e-01
-1.520058155557011625e+00
-4.566049367347293358e-02
4.226033898754632395e-02
-1.180703855338890128e-02
1.028796018704788984e-02
-9.459323002026703842e-03
1.248039210724252897e-02
-7.394946672813315636e-02
4.236444742013995013e-02
8.695319703080897078e-01
7.481268526836524213e-01
1.129622947182284814e-01
-1.997852455861714560e+00
-1.644328024736540009e-02
1.476351074569922511e-02
9.591041788588451286e-03
3.502732112373076190e-02
8.838201347593570567e-01
-9.279650778789222398e-01
7.584952132871171371e-02
-9.978155572736614465e-01
-4.988341533016447948e-02
-5.253746681528489136e-03
-3.411670145948503177e-03
2.111841552541498038e-02
1.435740656075499243e-02
7.849041732478348465e-02
4.714123310553823727e-03
-8.065598022026147784e-02
-1.785017772937015357e-01
-1.384254247061260212e+00
-7.310311610746379751e-02
1.245522669744002942e+00
-6.107969720153216125e-03
2.802110773664060264e-02
-6.103840512131338339e-04
5.279718230986362067e-03
2.737312259547358424e-03
-8.913246835978369531e-04
3.599562208542683023e-02
-2.958521838020400341e-04
-1.078940797636706306e-01
-4.003027777416524532e-03
-1.769685547281453497e-02
2.903014021825524593e-01
-1.583949392501124431e-01
1.073201022330165233e-01
-1.143021672492124281e-02
1.605832012418240418e-01
8.359876578028301031e-03
-5.567556901860788721e-03
-1.453478920915565464e-01
1.119596815386291327e-01
1.089871254303721226e+00
4.345035982752975534e-01
2.414107233447894685e-01
-4.036521628984965915e+00
2.524795664317094346e+00
-1.742308850500506878e+00
1.774237127641935807e-01
-2.460633880845477073e+00
-1.544747287808145575e-01
1.090918425232139805e-01
2.629600152380416667e+00
-2.115640876962348038e+00
8.022350771145702122e-03
-2.551724569017537608e-02
6.995519324349987363e-03
-1.825443060479043506e-02
-3.129033886267174481e-03
8.479105598028722698e-03
-5.097236229738202201e-04
4.033986149867234763e-03
-1.344157948389984418e-02
7.742367356667907013e-03
-5.245537959451707929e-05
6.832538313245273449e-03
-5.027663047614649300e-02
3.261586320637313574e-02
2.561526099007277457e-02
4.785115643125870816e-02
-4.568441038807076748e-01
2.052593890027974433e-01
-2.868611181600557933e-02
5.439883852982078105e-01
3.264896822739003432e-03
3.453666641242292431e-04
1.069447036147320957e-04
5.174940089667244385e-03
9.631072962938794779e-01
1.999272807638871274e+00
7.987607669960612722e-02
-1.247279233937714782e+00
-1.760368088164705053e-02
-3.678248898220081494e-03
-2.900704771395992265e-03
-1.518115789291793125e-02
-6.874724084171243699e-02
1.833561474931374655e-02
-6.067196329088949194e-03
1.038398544723702355e-01
1.160930928626975334e+00
-3.815617947536626420e-01
9.287695113433315497e-02
-1.593285747720732504e+00
-4.609034316560577105e-02
-1.668683506691198346e-02
-7.416987343574188082e-03
-3.403380848210694511e-03
-6.148632065658981086e-03
-4.079874020710337786e-03
-4.105316782066659870e-02
-2.304273150541967519e-02
8.848884996312104123e-01
-7.354825175177277796e-02
7.221868139397001618e-02
-1.190535188310559933e+00
-7.321068120552733614e-03
-2.759135601508800467e-03
-6.079475887899555512e-04
-1.800872002891091769e-02
4.744217461407965186e-02
-1.248838757377885633e+00
7.872076561324842930e-03
-6.988602660747626760e-02
-5.372768839204165349e-03
-2.868274218750917638e-03
-1.794814013056875504e-03
5.524247708761854253e-03
9.913804385455544932e-02
-7.050645868837798064e-03
8.084626114453759976e-03
-1.354810757807878574e-01
-1.500638510788822710e+00
1.617279259783761525e-01
-1.240385787485913660e-01
2.056996746430414191e+00
3.514865914313095030e-02
-2.863290738216883041e-02
1.106677235363803672e-03
-3.794188818824251012e-03
-1.073035711444486400e-03
-1.396383860676251578e-03
-1.670059600942576036e-02
5.576717631355567785e-03
4.753506383334336893e-02
-1.204134716273184968e-02
3.378184970823894153e-03
-5.271359187288961884e-02
4.584428961990782980e-02
1.856122451655580208e-01
4.446518678267622621e-03
-6.622722573800761403e-02
2.122025512382006655e-03
-8.737387597847209126e-04
-2.437741908258519996e-02
4.891152239291772334e-03
-7.330787779579435171e-01
1.956660200761694279e-01
-5.162339508965210072e-02
8.134857970809026284e-01
-7.941155517078006820e-01
-2.873869667462534583e+00
-7.299652141593088173e-02
1.082203945075327134e+00
-3.058044306376155042e-02
1.401879188170949281e-02
3.353526504628938087e-01
-7.261763651765784644e-02
-4.322012390109996466e-02
2.754115610506877032e-02
3.002812079918294307e-03
-1.844978871285500935e-02
-6.184830916221797752e-03
2.477135049656468274e-03
1.965842372924274991e-03
-4.626432836797723762e-03
-4.804852744767535919e-03
1.100371420601044172e-03
2.905838565995118392e-03
-5.524607343352786262e-03
-6.634717439994245076e-03
5.597996641832977439e-03
3.353094289221238838e-02
-2.793116988328772296e-02
1.916101965421790121e+00
-3.432491747298902141e+01
1.696857049409720430e-01
-3.656662743486850609e+00
1.597000249210087652e-01
6.208524268720667927e-02
4.416262082378556025e-02
1.740071075382999266e-01
-1.191892888187830408e+02
5.256912208690643240e+01
-1.010351809774199161e+01
1.615466026816232841e+02
1.274510206726649567e-02
-2.799831390755946718e-03
-4.885013746024379974e-03
-2.207869151510761293e-03
-3.359090778646284942e-02
-2.345605784743953759e+00
1.538439456752830475e-02
-2.452852553677618286e-01
5.473747520353252627e-01
4.441475535195796454e+01
-2.508712357925444447e-01
4.024239738970175395e+00
7.503117350584710687e-02
-2.365283306468762142e-02
1.742162956813341629e-02
-8.248671381448871576e-03
1.464852665135989163e-02
-9.377692927427794256e-03
1.155544609767410746e-01
-4.125681196533660666e-02
-9.950053956122401644e+01
5.247386380591098742e+01
-8.713534999497209554e+00
1.348967545064005833e+02
2.797555498610668906e-02
1.431921057523533221e-02
1.494176634062455156e-02
1.053925766109661682e-01
8.164689885946972936e+01
-3.446061412126059054e+01
6.981042449959277363e+00
-1.104353451265552479e+02
-1.269554871709932087e+00
1.119742855813086191e-01
-1.165603926680156138e-01
-1.529316623826274979e+00
-8.723515557705502133e+00
4.392955424540912368e+00
-7.639557062078868865e-01
1.189842499519907904e+01
1.352481354598912446e+02
-7.099266677885000831e+01
1.188585227368160702e+01
-1.845614566140655484e+02
7.144351843938734174e-03
-2.022858656137734579e-01
6.588504981326151651e-03
-4.397341125382855931e-02
7.910465588016189764e-03
2.082078060698514324e-02
4.399062932434256307e-02
-6.044125100702603115e-01
8.014872688427239489e-02
-2.688997780699344364e+00
4.053524599045301655e-07
-6.588613264478597985e-03
-9.906526633029454132e+00
4.288925833283829370e+00
-8.462020043350169107e-01
1.341524924817300146e+01
-7.681748358584225209e-03
-1.787489645815840966e-01
1.259592685732349449e-01
3.512790501446239499e+00
-1.175875195612310797e+00
4.456774359854760093e+01
1.028332231507612937e-02
-6.216082186968995005e-02
1.603373427893186260e+02
-7.092171015654892585e+01
1.358036904991124061e+01
-2.163603596279695012e+02
1.107323822560076360e-01
3.047326749294966497e+00
-1.818522648860342761e+00
-5.846080405818899806e+01
-2.700478246194300963e-02
-4.603368437851695222e-02
-8.456080210170165146e-02
-2.977917161582854799e-01
-8.009146327667240536e-03
2.444033237489075683e-03
-1.664369348456127065e-02
1.498683260109585913e-02
-4.503910623660561312e-04
2.836488449285331018e-03
-1.278089269292671977e-02
1.572653091808406955e-01
-8.159722069000003089e-03
2.557329480638068087e-02
-7.546996561655595903e-02
6.634707826747364701e-01
-1.678430144128040169e+01
1.107301958333552605e+01
-1.688286795796782869e+00
2.453581181830963942e+01
-8.175989471708959566e-02
1.010527316967090028e-02
-1.035996796066285773e-02
-1.040855015467022360e-02
4.726297319259853680e+01
-2.018667673416060282e+01
4.085898138758144782e+00
-6.401065556141713841e+01
-9.304185851839424926e-01
-2.698248221706071592e-01
-3.777776143621206506e-01
-2.403004677712567538e+00
-8.336802244955461294e-01
5.879328253456358455e-01
-9.556906173864899989e-02
1.332628210728374452e+00
1.912273082930718360e+01
-1.333429278827581577e+01
2.035879563657970515e+00
-2.929488613328452473e+01
4.097538485617994303e-02
-2.350888623446794945e+00
5.668246470178563666e-03
-6.167762424365941243e-01
2.266087927371662498e-03
-6.318861039209560104e-01
-8.754428013240203935e-03
-3.475644822649281984e+00
3.962296458123050513e+01
-1.846777666799975393e+01
3.639186924483921892e+00
-5.422059846909377256e+01
-5.134336201686391377e-01
5.322033315787095403e-02
-1.926577044717788234e-01
-1.200946616129907829e+00
-3.118209133572505465e+01
1.349302744285344602e+01
-2.749999061142020640e+00
4.208245975041081266e+01
1.092644014546259035e+00
5.330684940168289865e-02
2.704333662736568278e-01
2.185892003017763763e+00
-1.048519563110913155e-01
-2.296914881885041976e-02
-6.667987321758002623e-04
-1.664167577099548250e-04
-2.165042509154878250e-03
-4.382149961370178999e-04
6.801932372386937375e-03
5.708890020239060226e-02
3.315450137191477964e+00
-1.516145017316945065e+00
3.035290543097842741e-01
-4.563083678924706454e+00
-4.506834896841310778e-02
4.872622081969585697e-03
-1.579729406907980777e-02
-9.238968776069757249e-02
-5.294706970286112835e+01
2.461243676236388467e+01
-4.874997874245257989e+00
7.283356149423407544e+01
6.312364190448538359e-01
-8.022111357784111885e-02
2.469797352151278103e-01
1.586480941266611655e+00
-1.545731057285728349e+00
1.708058031724182468e+00
-1.067458579850938116e-01
1.946662068364863440e+00
-3.293417556591849982e-01
4.189435877585516166e-01
-2.400463403890760322e-02
4.239548702116809897e-01
-2.887016573126793273e-01
3.866870192782013160e-01
-2.066746948167647036e-02
3.719914382491368299e-01
-2.260527575044845250e+00
2.648274361492295892e+00
-1.642791649770810880e-01
2.948565722984534787e+00
-1.120718683150700778e+00
6.203152703862990780e-01
-1.128879370796825737e-01
1.575812415776296271e+00
3.891903010566377663e+00
-1.582095343572251567e+00
3.389002805139668117e-01
-5.253058939472973421e+00
-6.819862750064328849e-02
-2.190197917608735848e-02
-3.161139664075032080e-02
-2.009075934448495138e-01
-5.071997107128060206e-02
2.337723270923235466e-02
-5.941763946016690411e-03
7.785583911270714530e-02
1.271313462277111617e+00
-7.267675454499685772e-01
1.358119079670952190e-01
-1.883418622247132745e+00
2.144191647910402665e+01
-1.427192749993499810e+01
2.085556683833929004e+00
-2.984889197298588925e+01
-6.311894869680742914e+01
2.717286404927706300e+01
-5.448283895862673809e+00
8.504460273545615223e+01
1.251134859698104673e+00
3.621801416370411530e-01
5.075093007221874730e-01
3.192247646998976673e+00
1.079392306750014185e+00
-7.579243863677969095e-01
1.167485677292319224e-01
-1.605415736723751818e+00
-2.494309658931547702e+01
1.752459966315669959e+01
-2.541627362060941753e+00
3.627378105500042693e+01
1.226623765391741672e-01
-1.704658144084330029e+00
-9.441063375326332885e-01
1.233496159833807448e+00
-1.059875796895459743e-01
1.397482019795030839e+00
1.756409001673966616e-02
-3.363673278119300725e-01
-3.121865707644748134e-01
2.667716681916353361e-01
-2.912691684521939717e-02
4.305622603160470518e-01
7.219656027846649109e-03
-1.918156885470497230e-01
-3.773519245691809854e-01
1.772242900131571763e-01
-3.556741753839642861e-02
5.163342020036953972e-01
1.257139569314989422e-02
-3.603580210521275529e-01
-2.274893244932943759e+00
8.123332746911267055e-01
-2.066656729122547664e-01
3.081914504659467369e+00
3.762083783694556999e-03
-2.633391811634588908e+00
-4.868193182903305175e-03
1.206809900242285976e-03
-9.635474781775354103e+00
4.070076818058701029e+00
-8.176777508456394283e-01
1.303369650886763864e+01
-1.197508018748912224e-02
-1.881323982591484034e-01
2.030307354216468185e-01
3.452848299657288678e+00
-7.523220450339139553e+00
3.999896511761557694e+00
-6.650577213460483472e-01
1.021070440185506811e+01
6.345990755788330162e+00
-2.612952065291255010e+00
5.455328164366241017e-01
-8.602829453276937599e+00
-1.139790619119793319e-01
8.747353241513607103e-03
-8.587057208078655371e-03
-1.047110625830470348e-01
-6.773030217230306960e-01
3.424646757635745886e-01
-5.982399000836446240e-02
9.253905813137927039e-01
1.030533258349174908e+01
-5.471083172297308117e+00
9.144593795896552857e-01
-1.408676624461290849e+01
1.468947550208468678e-02
-2.195677041223554060e-01
-8.114910041373515348e-01
3.376406850495189960e-01
-6.925287876982902380e-02
1.095211801871023072e+00
-2.253971134486134897e-01
3.545063829867591831e+00
1.309295494149061412e+01
-5.548062459111500644e+00
1.108959197231308202e+00
-1.761835140960267054e+01
-2.400052140000729362e-01
4.116567089806913771e+01
4.423860115746417604e-02
3.564367579112413531e-01
1.568678603624366019e+02
-6.795865766073487180e+01
1.328791153529253499e+01
-2.123469313504212721e+02
2.061035151086322847e-01
2.825208348745410269e+00
-3.442690395376971413e+00
-5.355939093149192587e+01
1.301787262959582847e+02
-6.719011293158560250e+01
1.138589398480173820e+01
-1.759446631887646220e+02
-1.073064478869205374e+02
4.481443168748460693e+01
-9.179272274962457345e+00
1.450317128120616417e+02
1.736050895596374266e+00
-1.411278778642148235e-01
1.542982112641552717e-01
2.004530638784460805e+00
1.145470574675187514e+01
-5.666317169080026694e+00
1.002504990481559499e+00
-1.558251911157975123e+01
-1.769620614431723595e+02
9.115581799466497159e+01
-1.553640762136950393e+01
2.407416920269739933e+02
-2.297101308267605613e-01
3.346268088100225135e+00
1.317529107436627100e+01
-5.604306108153141786e+00
1.122893838251509013e+00
-1.779587404970716946e+01
3.510132675590890372e+00
-5.532374646517095584e+01
-2.129250193706201912e+02
9.254947426538421951e+01
-1.800356169292936315e+01
2.867123893517031661e+02
-8.700695855517530386e-02
-6.577861372605155188e-02
4.250683855571615183e-03
-5.317133982035080031e+00
3.634416489219428892e-02
-7.747551395147838083e-01
-1.744045689110660380e+00
3.410935095235416270e+00
-1.552392788906147569e-01
2.330364848293493552e+00
4.536124017965491827e-03
-6.716588884002194261e-03
1.489964485669903471e-03
-8.568998845416603283e-01
7.707812365307524331e-03
-1.424014876383782879e-01
-5.546538309580010401e-02
4.273399599909602498e-01
-7.604021535420441361e-03
8.045017071260002206e-02
7.371402726820493537e-03
-1.638467850131021877e-02
1.620361685873535984e-03
-7.422623995280324127e-01
1.256979257235883718e-02
-1.439400498704528908e-01
-1.567424057528615244e-01
4.435177131840647435e-01
-1.265643068650806023e-02
2.010111358429607920e-01
5.375873578257450713e-02
-4.755405725633135572e-02
-1.898675538698403956e-02
-3.531431262138597482e+00
5.396485004627746968e-02
-1.456521833954740774e+00
-1.033214717251857540e+00
2.465856826824451620e+00
-9.009112366061060306e-02
1.358922084290663523e+00
