4.980000000000054912e-04
1.499175000000001201e-01
-3.525000000000449567e-05
9.552585808086534735e-02
-1.217937062442632848e-02
1.002500000000004039e-03
2.474999999999104707e-05
2.970680000000000542e-01
2.032499999999524650e-04
1.562499999999995154e-04
7.900000000007011657e-05
1.180109601333989480e-03
8.360059769096707958e-04
4.844999999999707397e-04
3.125000000001146609e-05
1.500665000000000471e-01
3.774999999999769751e-04
1.395000000000171602e-04
-2.466250000000043819e-04
1.001500000000017567e-03
1.499999999976565389e-06
1.750000000001022385e-05
-2.612499999997556962e-05
2.970079999999999942e-01
2.650000000001388834e-05
1.577500000001135015e-04
-3.324999999999950174e-04
2.312500000000120991e-04
-1.475000000000076849e-05
-1.671250000000739256e-04
-4.074403134045061214e-02
-1.731763083161846591e-04
6.030650581062279051e-04
3.174414180389658040e-03
4.400236611194363210e-04
1.597538733866585847e-01
4.835985071167712458e-03
1.624963873521441393e-02
8.371955110826603472e-03
2.492943587101836486e-02
9.202658962967900143e-04
-4.275146308327306896e-03
2.538059831591336002e-04
3.315298110515886854e-01
1.658364648955951495e-02
-1.182660011793532388e-03
-8.947402444987562990e-04
5.938729870960009205e-02
3.436077497411571535e-02
-3.055573895132311819e-03
-2.527084123828504496e-03
1.037241205261683029e-03
1.529299929700855224e-04
-3.451375137042273487e-04
2.596786809207092450e-05
1.368196599643571043e-01
-6.228462504426856769e-03
1.152150041428117046e-04
-4.959924705212448003e-04
1.532797868581495162e-03
9.747892273268718389e-04
-9.398567521103801418e-04
-7.537636084842653204e-04
1.244432509104870244e-02
7.584259458761605623e-04
-1.363630762655251892e-03
1.002488151219044015e-04
-2.671952869227652971e-03
8.702703206890774262e-05
3.889042124127526723e-04
-5.746738239924321229e-02
2.974078985293031607e-01
7.540586879128084730e-04
-1.605242647015445070e-04
2.309906616673118791e-04
-2.285045583070913905e-03
-1.388940816347426473e-03
-1.193075004548010824e-04
7.499689015746545916e-03
3.870061748822308662e-02
2.135170975726054243e-02
-6.245010240240938745e-04
-1.150000794016788281e-03
-4.828219996379078983e-03
-2.676961492804217843e-03
1.417690690876311117e-03
1.543864723165767720e-02
6.776640640075103084e-02
-1.827490292807192529e-03
