-1.440776173034640784e-01
9.683200603326154454e-02
9.046111719484687178e-05
-4.431741972188533163e-01
3.429991729105523746e-01
-1.878085893705332687e-01
9.692841656900623437e-02
-4.449986434553156456e-01
3.296276158857898708e-01
-5.834248056933135501e-02
1.116084545338478923e-01
-5.482189042262552992e-01
2.988941236555893166e-01
-3.458707416436008347e-02
1.189905859582023190e-01
-2.747443018811228099e-01
2.845990925930291793e-01
8.064693725885674347e-02
9.376141004130847736e-03
2.500516239730566845e-02
1.669819468648733596e-01
2.140575157066848186e-02
3.708745362683468771e-02
1.612043319968484850e-02
1.660576363211479015e-02
3.547922063524452420e-03
-4.095585692735752119e-03
-2.831808121689291351e-03
-7.198269526170336663e-03
6.013509903664792516e-02
2.631842033154954685e-02
2.642503924478404459e-02
9.165150338573141431e-02
6.375881937649770237e-03
-1.731921191667927604e-03
-5.192403622431149973e-03
-7.952748454169581219e-03
-4.396756132891877254e-05
-1.363300663082865627e-02
-3.690274175600696208e-03
1.593347477039101096e-02
-4.304093133357571321e-02
-1.614335213318477541e-02
-3.794534776353430776e-03
6.129084303250041318e-03
1.829896895398244044e-02
-4.729710645471547556e-03
-2.204701701678697667e-02
-7.839180323548596008e-02
-6.113982692146400317e-04
4.125439549831881608e-05
-4.478783908488827292e-02
-2.852247444874468629e-02
8.674411348819160983e-03
2.012939983186614636e-03
6.208282998570613213e-03
1.106156898942792406e-02
2.149224925498910976e-01
2.554891588401795796e-02
2.570346545547435788e-02
1.860944537951864930e-01
7.935797319846371253e-03
3.104800951534988397e-03
3.362093941254019631e-03
6.103269510270790607e-03
9.155487207722308451e-02
-1.048975905488187116e-02
-9.475464127100676620e-03
1.806667474516777672e-01
4.440898820919985074e-04
1.822863509637172611e-03
1.065404403603148996e-03
7.167840938408486309e-03
1.997033331693037761e-02
-4.138457727710120361e-03
-8.780076439738737984e-03
2.843593713342404752e-02
2.694906739136841423e-01
3.214571962969302310e-02
4.958130708717858187e-02
5.029493992564565419e-01
4.040492239655085194e-01
1.603825051716657457e-01
2.711424671676000431e-01
4.747963870859719382e-01
-1.967589317969669141e-02
-3.221387917109611813e-03
-6.494182495177339490e-03
-4.509331930316717862e-02
-1.176872988926581237e-01
1.166574576011252667e-02
3.452815221666559464e-02
-8.825333975422376687e-02
-1.191602667908769680e-03
3.745662830818602147e-03
5.363387012842897594e-03
-6.199865436602189882e-03
4.610416613071247754e-02
2.208388476924546661e-03
-3.295724172498240394e-03
5.348774048739974446e-02
-1.342843453910186812e-03
2.629686830069746339e-04
1.325180071608555912e-03
2.121879186112351785e-03
-4.175044392361968587e-02
6.239382482929607399e-01
1.620404534739514069e-01
-1.268504288496571583e-02
-3.598654188899617218e-02
2.539225734647629906e-01
5.447587054166764808e-01
-5.213292694021218199e-02
1.065693219219168882e-02
2.153098436266713267e-01
-3.713841148766184458e-02
1.217379667074997528e-02
1.930335442086790823e-03
-1.285420485273816929e-02
1.079201843793402421e-01
7.841257913420303718e-03
4.944104408558263773e-04
-3.741954586600297877e-04
-1.185845468027239662e-02
9.032149991504953568e-02
2.389176135463341039e-02
-1.865509915917361664e-02
5.084822575069946650e-03
7.833592023583468844e-03
-5.349393541022823793e-03
4.344390453162143284e-03
-2.259021041645506000e-03
6.079783914749411263e-04
-9.046789067969609392e-05
-1.300041777700826308e-03
-3.855502596152559497e-02
-1.133969182127502057e-01
7.121670369811027371e-03
2.316754530641276094e-02
-2.262324318152214228e-02
-1.534749314140071777e-02
-2.328617540594366420e-03
-7.409164895855064594e-04
-1.190440382702352175e-02
6.723798621030424583e-04
4.390562531857538893e-04
-2.389418443554137354e-03
2.867052460339758815e-02
2.105640220758001405e-02
-6.493811265479580534e-03
3.470864431093325687e-03
6.120020567444453725e-03
-1.228745626859134370e-04
5.972432779881871497e-03
-5.152206545094265185e-03
-7.005335579438784184e-04
3.189534424234580570e-03
-1.178831515709532346e-02
2.370041022433521272e-04
-2.189629368222053906e-06
2.039355539767845511e-03
8.960032925700085098e-04
2.491305555554683068e-03
-5.401070579579520068e-05
2.992171174779120063e-03
-7.508191357887029904e-04
-2.059080234879820046e-03
-3.976754409844360932e-02
-8.441236006751231050e-03
-1.070257026620394063e-02
-1.116079513876939815e-02
1.633587491292795568e-02
1.441433871854747202e-02
5.724242630609525581e-04
5.512395125484936473e-03
-2.548879600802445543e-03
3.478031419311948796e-03
-7.478386062372485710e-02
-4.749042789210423943e-02
-5.703263071233662281e-03
-1.026374764885592400e-02
1.181544766638343777e-02
1.187158837550323807e-03
-8.604278976368827728e-03
-9.264034923453805161e-04
-1.971470127185032378e-03
-1.518320159427873073e-02
3.529815885845991562e-03
-3.327791998279473274e-04
-1.683291231750271011e-02
4.420974977913661591e-02
3.201073425137060564e-03
3.310859131101380817e-03
1.063033917495058954e-02
-5.537840721904377893e-03
1.969847584054973486e-03
-3.124327175682053634e-02
-4.701115074118049353e-02
-2.481361439411757484e-03
-3.779686192740311541e-03
3.624340762844091481e-03
-6.202742542343162371e-03
-3.350913741602878134e-03
-3.960046256583592099e-03
-7.391812150928186607e-04
1.233333333301861592e-05
-9.552777777780116280e-04
7.177777777596895605e-05
2.749999999955893398e-05
3.917546436259036757e-04
5.949922270315911025e-05
5.470571593661242155e-03
1.109934975052954097e-03
-2.804221710684076554e-04
1.773748453559128527e-03
5.562994360085382010e-04
-1.831902240971125431e-04
-1.368611111106358860e-04
1.458472222222731906e-03
2.445389794378740374e-03
7.620096914059816366e-04
-1.275919091442758238e-03
5.549801510922270704e-05
5.531388888885172645e-04
5.447222222326315009e-05
4.871394951975539008e-05
-1.571587739837800772e-03
-4.316702352309843144e-03
-6.227436746853861563e-04
-1.449083333333542290e-03
1.217121078097381038e-03
-8.355991378282198864e-04
1.256666666659521511e-04
1.902777777772564263e-04
3.562222222196029676e-04
3.749999999989125124e-05
-1.859856214511329878e-04
-7.629596792341376962e-04
-4.400043188854193426e-04
1.461849961077113166e-03
-1.030350253318340886e-03
5.844025309344365315e-03
3.813598432337301342e-04
-4.586685346484883983e-05
-1.396388888889228154e-04
8.890277777788216243e-04
7.664552414297407835e-03
3.107994433037817618e-04
-1.106010928500427088e-03
-4.142164912798731828e-03
1.010361111110905400e-03
-1.549722222199339887e-04
4.717542336085569338e-04
3.796347585181890729e-04
-3.124557295561390929e-03
-8.129619068944525040e-04
-1.607416666667409828e-03
-1.356738543043877355e-03
1.071044830180029484e-03
6.839267264146303357e-03
2.877431582200852198e-02
6.583358259079250333e-03
-1.773242451627645572e-02
-3.105827591449056985e-02
-2.264481589386577523e-02
-2.427572385666983135e-02
-1.044210452833117253e-01
-1.233444719893360755e-02
-4.366521228225577270e-03
-3.876869506626617196e-02
-3.468092719190361828e-02
-5.956832581366170061e-03
-9.655418815470967475e-03
-1.018166602390292545e-02
1.130303394428160829e-02
4.138481912486643294e-02
2.370325030126176069e-02
3.903678043846572042e-03
8.547895676509561710e-03
2.983779300636508949e-03
-2.888542364170265360e-04
-1.072445978671898031e-02
-4.965558354014593806e-03
3.788191697442300741e-03
2.617206030336780790e-03
-6.963579758235791117e-03
-4.918360043891705034e-04
-1.012181847593118106e-03
9.692186476274433291e-03
-5.863062588963046523e-02
-2.733843434903433789e-02
1.081191682909125006e-02
-6.277090406175219253e-03
2.657348060476629262e-03
3.007505317251048076e-03
1.074346901157715401e-03
9.179076811255189750e-04
2.872057128440371199e-01
5.195783215135513222e-02
2.979326196639727614e-02
1.411067739594595583e-01
2.450444503859018353e-01
6.109200688384903294e-02
1.100574432280553017e-01
3.144312292082410698e-01
-3.750150133703001199e-03
5.581934753345343773e-03
-2.268082680617893466e-03
-4.311623312511825984e-03
3.593815389797091510e-03
1.666023116342344942e-02
1.382380145555316998e-02
1.423128603712648169e-02
-1.600884566972398879e-02
1.679275745688763866e-01
7.009393699219404472e-02
-9.660825875628038795e-02
-7.904579561624699990e-02
6.078028221350536414e-02
2.043358268230175412e-01
-4.234581997616150562e-02
-8.577162954680490198e-03
-1.974929213042594944e-02
1.814798225457220707e-02
-1.759530734124912371e-03
5.768139658028842605e-03
-8.019372985115154687e-03
-2.530419462847066647e-02
1.274865987269036948e-03
3.939502431623262413e-02
-1.325223127776524630e-02
1.383078412573416835e-02
4.334543761815996821e-02
-8.852598869547714799e-03
-7.785649986666921298e-03
7.755885249639118094e-03
3.033894738650511503e-03
-3.371188633612399732e-01
-1.405341231861679807e-01
-3.511244073020298173e-01
-4.388246927643747464e-01
-2.018741891914260234e-01
1.903162291974052484e-02
-6.840890101990008965e-03
-1.122613078304682821e-01
3.067870005123818009e-02
-3.270134628940202237e-02
-1.499428754672645081e-02
5.008290565225945873e-02
9.359854789087627622e-03
-1.785705364608641474e-02
-1.974400234830299763e-02
2.887383044714659716e-02
3.954844270277864220e-03
4.593236991499416097e-03
5.569235034680378865e-03
5.970142061605521362e-03
1.420819468047933992e-02
1.658642797416118916e-03
6.474727530025931781e-04
5.877911911356630123e-04
5.964742131373698686e-03
6.972817786094590324e-04
1.207636337438953728e-03
8.255103465684062239e-03
-4.875923957923821578e-02
1.541569150117722518e-03
3.130008671555036936e-03
-9.519701181247727101e-03
1.201324515254099771e-02
6.516180525416555638e-04
8.783591312718135122e-04
-2.842915968472935553e-02
-8.251730477267939234e-02
5.614671573205955689e-03
7.618235347158096651e-03
-1.878869536333607759e-01
-4.659013252953957194e-04
-3.574929988002031335e-04
-5.847139729110857088e-03
2.626013462377845605e-03
-5.128612411216358982e-03
-2.208522467565030359e-02
1.017959290407319251e-02
-1.802695849992107237e-06
-6.900523425295378545e-04
-1.306922281075823932e-03
-4.593728762856292289e-04
-1.375540052148974124e-03
-7.243894630083961422e-03
-6.306775618396295684e-03
9.650552273992670958e-04
-1.353254047334752179e-02
7.117768310930381280e-03
-1.519400315553478490e-03
-8.543202040529243981e-04
1.297140013235807340e-02
2.111589442312166581e-02
-6.483106230379063681e-03
2.125515146356050239e-02
3.478109838438553369e-02
1.449948557096763851e-03
5.937212507821684748e-03
1.274180078572506548e-03
3.994077987343472129e-03
3.672241000873945147e-03
1.974033288043011789e-03
1.683839928825385599e-04
2.258632851050238095e-03
2.935390769519491492e-04
5.829098828408589561e-04
-2.380635924087364332e-04
5.803586354471748079e-04
-2.212077504590109940e-03
-9.443204881357025737e-03
-2.849343491554075496e-03
-6.386925253855822542e-03
-8.609828166049719039e-03
-6.573206538201330565e-03
-5.737959432695063748e-03
-6.531645559787697085e-03
-6.085764226901379213e-03
8.631300999575965735e-05
2.815943541861457185e-04
-4.328308006470954310e-03
-1.669291185211865423e-03
4.979090028073147574e-04
1.151647140656577098e-03
-2.265026260519829946e-03
1.544204705442000711e-02
7.651899667019556109e-03
5.205507582904105035e-03
1.142787728556765754e-02
1.579093775152416376e-02
-5.746124246724557474e-03
-9.348475737002513025e-03
-1.347525939088614101e-02
3.706114578457091191e-02
-1.781167042797663150e-02
-2.492607274309519634e-04
3.971565875323469774e-02
-2.542881730842260282e-03
-1.201955678419128030e-02
-8.422011249802387189e-03
3.780115725912426214e-03
-3.930039287074822418e-01
-1.021896298648329454e-01
-1.701333878077734008e-01
-5.821296423425064148e-01
-9.757666664225407224e-03
-2.720897215053154003e-02
-1.543677864944223085e-02
-3.466625649375003337e-02
1.102656916763413014e-01
-4.459003473833221542e-02
-2.606085605827718893e-02
-1.834761465590695195e-02
-3.756337586190793276e-01
-1.121518805327652024e-01
-1.403414839690019233e-01
-4.460634689362183991e-01
2.304592379515027489e-02
6.880550242114625258e-03
-3.457943546482993707e-02
5.761928433975192082e-03
-5.323087003707240028e-02
-6.107159009055551646e-02
-4.881461131101757361e-02
-4.774386544781879932e-02
-2.091555897265567551e-03
-4.458520343517733027e-03
-6.267796803587681598e-03
-6.619710489659131605e-04
4.192316920965106775e-01
-6.882600629892884382e-03
-6.379876593740299584e-02
6.450799430378702237e-02
1.544665871579382344e-01
-6.421829076077341034e-03
2.902315454834237477e-03
4.304217405841039290e-01
1.747967571505630591e-02
2.686644847918149941e-03
-1.271721283329297139e-02
2.264785788368397536e-03
7.075841990998208222e-03
-9.485993980983160878e-03
2.758772074103525446e-03
1.729497818705406226e-02
-1.114005163732032788e-01
-4.320346160124570803e-03
-2.909312854697127144e-03
-1.260219109832118878e-01
5.095218080168070068e-02
6.891177174792296155e-04
3.726902212281441051e-04
5.513606712069261950e-02
6.758917206774147420e-04
5.107771209059735660e-05
7.743214456114425092e-05
5.141344720831545444e-04
-1.386613745306764511e-01
1.099650414647318627e-03
-7.159001061523116586e-04
-2.608209716267788636e-01
-2.513973075060992879e-01
-7.603303063976216093e-04
1.205629906761966673e-03
-1.003429177825264779e-01
-8.307038869503891032e-02
2.103272171757092541e-04
-4.355043152518565442e-04
-1.348557799554655212e-01
-1.304387285335830426e-01
-4.090578279557327253e-04
2.391334270676820427e-04
-6.578046371361456757e-02
9.993321035242576367e-02
-1.491668946046047087e-03
-6.591943960012059713e-03
4.896085928896498629e-02
3.150783305478561946e-02
-9.451313164902815610e-04
-1.416865073878764009e-02
4.996769209361100889e-02
-1.604122929106351764e-02
-4.098605038939889464e-03
-5.176800172100536578e-03
-7.775803509109106837e-03
-6.381511396102287556e-03
-2.297051773597995599e-03
2.641028882359301201e-03
-1.430140153594190548e-02
-1.724544488594788663e-02
-1.337776673098026690e-02
-2.993729887620227501e-02
-3.085447555758490806e-02
-6.773652455614750587e-03
5.760906134510601975e-03
-1.054071407342493461e-03
-1.806096353984468564e-02
-1.392441797782974222e-02
-1.147412670069583064e-02
4.163197848839576831e-02
4.532393537070500411e-02
-8.552450318694473225e-03
-8.685428843270989741e-03
5.661769539483240288e-04
-8.926842494109854965e-04
3.167732196328884500e-03
-1.923676292772212701e-04
1.163915840311152000e-02
1.298054986257488226e-02
-2.136780606069131339e-01
-3.843468869730271020e-02
-3.297910161037083399e-02
-2.215990849944874941e-01
9.411955249483602848e-02
6.306243439510597626e-02
-2.007876388480220320e-01
-2.036148429867529752e-01
-3.853303916294795769e-04
7.263946639570841891e-03
4.841638633513217771e-02
4.244679470573475832e-02
1.264755147434832028e-01
2.050596800174334655e-01
-8.790635134320588795e-02
-2.735959799068104375e-04
1.160192936371323355e-02
-2.137409528469650100e-01
4.836892766167043278e-02
8.238614650341744006e-02
-2.965613101596472831e-02
-1.522956596019963693e-01
-5.943120674671048716e-03
1.339677094028297009e-02
8.589110822968499398e-03
5.670672767710785434e-02
-3.651133707906351056e-02
1.144691508999508694e-01
2.038373521435062410e-02
-1.922055672520299420e-03
-3.205498944809262712e-03
1.039244742972572355e-01
8.282792747530901001e-02
-1.278835149903959252e-02
-1.292619124194204026e-03
-1.484238452329638726e-03
-5.186383326982355393e-03
2.586303702888360337e-04
-4.478298811242230749e-04
2.221173187289137568e-02
9.444877711626270891e-03
2.549917077451643171e-02
-4.911141262558912056e-03
-4.391998155201909740e-03
8.734412278986176600e-03
2.366643347421949067e-02
3.519054651571539016e-02
2.309041437210170716e-02
1.153640929996171960e-02
-8.548068689840107538e-05
4.047379457836306773e-04
5.397696317173529632e-04
-4.062503315637400409e-04
1.417051155899889253e-02
3.731996971114290556e-03
7.798718258179307417e-03
5.680149126339232267e-03
2.905257834614655144e-02
1.856086810246763627e-02
-6.256223721021035187e-04
1.956438189058439165e-04
9.322706387538891651e-03
-1.253811959147486943e-02
-1.273984213774200826e-02
-2.609792546595416599e-03
-3.938537533455485282e-03
-8.108550565043922201e-03
4.054378988187980204e-02
-6.736786252622903315e-03
-1.287801744053942640e-02
2.215832782509531695e-02
-6.816996841393042558e-04
1.374131531731043188e-02
1.652260533069687190e-02
8.207229680105447567e-02
7.144252066271448640e-03
5.180231316520513343e-03
1.501316493862382131e-03
1.748316659467460260e-02
1.151672304298365437e-03
1.254786213722795243e-03
1.032459968791969024e-02
6.869921196036989780e-03
9.013782925584978151e-03
-2.796791579833333118e-03
1.382342891584768113e-02
1.045596060507158059e-01
2.090950655587557605e-03
3.043938858588240374e-04
4.075726898145300213e-04
5.420016677737601873e-03
1.542612439468372086e-02
-4.694820309795485862e-03
-4.421281266256818672e-03
2.071726357852224365e-02
-1.607560126078294016e-01
2.145559581660478124e-02
9.179931227830742668e-03
-7.650852042506411932e-02
2.410003194167836468e-02
-3.955295926941834218e-03
3.630916848536124703e-03
1.093897319971014540e-02
2.976556763046456222e-02
4.710434433895224543e-04
3.264630251689643742e-02
-1.319588794395670133e-03
3.335158530317027230e-04
1.049320316751469091e-02
9.021532906306252778e-03
6.552783771961718899e-03
5.441335509420230226e-03
-7.799428397426796944e-03
-7.142866369948499237e-03
1.490384910993666767e-03
1.230911359368514445e-03
-3.914745721641523304e-03
2.781350035685909447e-04
-1.052172256744021966e-03
-9.109669605265348618e-04
3.717919510940683077e-03
-1.693932956911488666e-02
-9.195472953269829067e-03
-8.085284823392437439e-03
1.353595538765658100e-02
6.855679130334048355e-02
1.108063095752644632e-02
1.384346554899291981e-02
-5.736968312730519708e-03
-8.335715661307505769e-03
2.775076621372279603e-03
4.103078726447725345e-03
-1.357170446581271346e-02
5.659156724846375018e-03
-1.249560189801490317e-03
-2.301343704143529040e-03
3.617958883362159140e-03
-1.147777349561064225e-01
-1.373198492921226359e-02
-2.080809386370761904e-02
1.922389663843660640e-02
-7.559507899697240352e-02
-4.378779782634207619e-03
-7.864359551292372796e-02
6.825439729491252112e-03
1.868519434252071190e-02
-5.064343906909361120e-02
7.428013675781127909e-03
-1.806153697499472850e-04
9.570603838546805353e-03
-9.306056922132066936e-03
8.316453099784087977e-02
-2.663679584527663645e-03
-3.309351749885903679e-03
1.107556673299912864e-01
2.910500786846481960e-02
3.595618387958016832e-02
-2.777120337435776479e-03
-3.349663758574794353e-04
8.218429832055691719e-02
4.027151709577728687e-03
4.407243943105106955e-03
9.983872883267873310e-02
2.135537056942668835e-02
1.354786543723739611e-03
6.434278168291193353e-04
2.319744198882538883e-02
-1.678737711042818381e-01
-1.171858445172000163e-01
-1.262365957895289145e-02
-2.620910034150300896e-02
2.019598342044586631e-02
-2.396686003213107513e-02
2.368044928149443673e-01
1.729227714185606890e-01
-1.822114256189331233e-02
-2.621845787228044289e-02
8.018912577609318450e-04
-7.599639342201964728e-03
1.223453161545901870e-02
-1.002269693529009471e-02
1.783362850391813706e-02
3.675714673068578020e-02
1.517918365718157712e-02
1.303724717581986742e-02
-1.386127008284242408e-02
1.024813581195040540e-01
-1.463969995133640109e-02
5.247507717144492224e-04
-7.798117137435977772e-03
-3.523160070954605913e-03
-3.929853742578720381e-03
2.061583822933280626e-03
3.157830791074352651e-03
8.437238357901754790e-03
-1.536673759712882566e-02
-1.965306324175110364e-02
2.207678347140521607e-02
-1.810421463163918721e-01
3.809930812362078648e-03
1.260248198152248179e-02
2.063283032966159111e-04
3.590254368018514722e-03
5.903270180282841348e-04
-1.634808365847583312e-03
-5.462557214743273340e-03
-2.044042967616303136e-02
-3.434943793673344431e-02
-1.760587589811276887e-01
2.351289105812651159e-02
3.139664557684056397e-03
5.811742274809450319e-03
-1.362733874398201935e-02
3.976095333777097257e-02
3.092859755912603648e-01
-5.738657077556590796e-03
4.718471171350321208e-03
-2.726865422118964974e-03
2.611299485633424705e-02
-2.698831039415820927e-03
9.518638449631062690e-04
-2.146617940668238585e-03
-6.633354354696036591e-03
4.691514084547056783e-03
-3.912894964928660533e-05
-4.565210637621151915e-05
-2.420576130712639735e-03
7.964241283109971606e-03
-7.711510926609486602e-03
5.284742370198118946e-03
-4.759845186678359624e-02
3.435407317505599200e-03
4.530905281197038746e-03
1.868999367600380839e-04
2.894872210158910830e-03
-6.168474441171877801e-05
4.140376310318176403e-04
-5.072819888151238431e-03
-8.084174369760390236e-03
7.129573799318356456e-03
-4.520475957559247360e-02
3.906187614834078382e-03
8.882788967078945538e-03
-7.748924856543520055e-03
3.820443550568137277e-03
-9.583558896303094946e-03
8.172359746115205603e-02
-2.897155739456313064e-02
-2.572774045683879143e-02
1.371374538389548772e-02
-2.927396190995090741e-02
-4.895705914191049446e-03
2.857771153969124178e-03
5.139912963827843184e-02
-1.270345019437186251e-01
-1.109759392617130956e-03
-8.136693410146177835e-03
-7.761027729001020170e-02
1.920636189385361778e-02
1.101718433163109342e-02
2.206852221528152747e-01
1.380612833129140071e-01
-3.231704045189921770e-02
1.088897574097959405e-02
3.589983767539299628e-03
9.872525197753109077e-03
-8.943110832330396220e-03
-7.029878373389695720e-03
5.834337328257205302e-02
-1.223186714951673276e-02
-1.583288023699464531e-01
-1.331230075418302627e-01
-2.833543684297738438e-02
-9.093894247290621943e-03
-1.837395035037163796e-02
-5.528207163104032623e-02
-1.368318199131367784e-02
-1.722454270553570215e-03
2.953401754378148086e-03
-9.838546743697917148e-04
1.405876556396557214e-03
1.409415421225052685e-03
-1.798986224551141211e-02
1.258818461821423727e-02
9.093619973888616287e-03
4.961443923960478716e-03
3.317610722334366716e-03
-3.635626616774697163e-03
1.358883278391681852e-03
4.368103686358126500e-03
-1.184229338204730864e-01
3.155781698290638284e-03
8.938099471485640157e-03
1.688043580261941456e-02
-7.975508242168377615e-02
-1.109347601197103496e-02
-2.083434408599049020e-02
-4.549371338453656022e-04
-2.124731502409393964e-04
-2.343567234151441164e-02
1.407064613216544137e-03
-9.766836547456134800e-06
-1.178091476041771954e-04
-1.552980994558876690e-03
3.537666094483111340e-02
6.258088321711050516e-05
-2.581194605250523508e-04
1.883223340558943040e-02
1.413886981657644717e-02
-2.578230930256108838e-04
7.686239545808695533e-05
3.274440721273896154e-02
-3.015419485034748909e-02
-1.103227948961179819e-04
3.970751447585977976e-05
-1.734141006503157542e-02
-1.298238283491970520e-02
6.104078371825491002e-05
-1.033761559115940271e-04
-2.989476649146552423e-02
-5.454434518720769655e-03
-3.429548923842340447e-03
-7.801775623590659521e-03
9.757647970454419450e-03
2.699164807664909682e-02
2.536008487449617748e-03
3.833862170448281304e-03
7.250106354030930178e-02
-2.809224274620866768e-02
-2.085867478786241486e-03
2.418909456126963373e-05
-6.372338467629752590e-03
8.777427712534353541e-03
5.319582573744243738e-03
1.013499895398974060e-02
-1.676360022764232169e-02
-4.515724360422436294e-03
2.419976805383162836e-03
-2.278965891086811094e-03
-3.950160030673863926e-03
-2.060678688139682638e-03
-5.225069477643876428e-04
-1.340414392287207117e-03
-4.071836911072205210e-03
-1.719499982040428236e-04
-2.171708472795714367e-04
1.015525679833523465e-04
-2.077431983985215491e-04
7.042174104169589624e-03
-4.534595606244385194e-03
2.751440861938199162e-03
6.021368300316951028e-03
-3.817751667326264864e-02
-1.381450666969857161e-02
-4.659094639220782985e-03
1.132474697797215477e-03
-1.041005287515927268e-02
-5.132677027403240687e-03
6.411033392809380171e-02
2.354593992656359158e-02
-1.289019646059208143e-02
-3.234873015783173468e-03
-1.272994413126101690e-04
-3.248711912113617754e-03
1.588060200661888010e-03
5.499025024332669827e-04
2.043016900333382777e-02
5.921381888552917742e-03
7.904586835565827196e-02
1.247019061361369146e-03
-8.466733980004232871e-03
2.426678233687481340e-02
-9.918464003843750071e-03
2.749377683113355710e-03
3.455588460213307022e-03
4.133601780066660340e-03
-2.729281857501916417e-02
1.880163132145405702e-02
2.435171557765292982e-01
1.901352846704423005e-01
-6.901822483291654257e-03
1.671825471327434073e-02
2.667356949554787818e-02
8.374909671664952648e-02
-6.393005393109589638e-05
-3.766488904768429142e-04
-4.448982777443877268e-03
2.026312003069552156e-03
-2.518075950756426757e-04
-5.623845786053603864e-03
3.284095905386857916e-02
-2.236362454684491172e-02
-1.905695913526026311e-03
7.781563351866029824e-04
-2.823510910851023941e-03
8.171619452866105485e-03
-7.760328724282133765e-03
-6.274189788149207685e-03
1.972049336568137134e-01
-2.245060319678644084e-02
5.823480574627796537e-03
6.429033725078338313e-03
1.359099918668253693e-01
-9.665639824555195131e-03
-3.919867969990029760e-03
1.449191583057800325e-01
9.331189793137711908e-02
-6.226743329405689219e-03
-9.912949729671481983e-03
-5.732872978269141877e-03
2.124237498268337007e-02
