5.134999999994185015e-04
1.539998333332514013e-01
-1.868416666630854381e-03
4.941666666009429134e-05
-4.751999999891479316e-03
1.788834595046253362e-01
-2.557888856621343479e-02
1.434603133251261854e-02
-4.760918379411621659e-02
1.285000000022223498e-04
1.562500000001750206e-04
-3.125000000034286604e-05
4.960000000002333419e-04
1.430123333335593661e-01
2.909999999372727504e-04
5.163333333439517302e-04
-7.104000000167608186e-03
-7.572500000104238904e-03
3.737333333362322357e-03
-9.973333333385173659e-04
1.527466666674745857e-02
3.849635306240350909e-03
1.009393451020779674e-03
1.582289782710396457e-04
4.942015380601567746e-03
-5.549999999921783949e-04
3.454166666657571862e-04
3.359216457755641923e-03
-6.202467112691904816e-02
1.099733333320022759e-02
-3.711999999988551280e-03
-4.188961233869500922e-02
8.030680944466442872e-01
5.779999999262536072e-04
-2.414999999681727728e-04
3.749999999420332335e-05
-7.359999999010446515e-04
1.696650000022046495e-02
-2.191641666676685807e-02
-3.784166666597864196e-04
4.815999999886768496e-03
-2.295250000078439840e-03
7.311041666702012935e-03
4.868749999974621569e-04
-8.338666666638686747e-03
1.813916666677653023e-03
-1.563375000005676543e-03
-2.760000000018073690e-02
2.974133333342069904e-02
8.541666668556788114e-04
-5.855833334419313814e-04
-1.658333332957498819e-05
3.893333332595472988e-04
-1.593583333288602208e-03
7.652083333252270893e-04
-9.195833332470021448e-05
1.474666666528979490e-03
1.014166666777563278e-04
-6.279166667302178934e-05
-1.573333333510446149e-03
9.626666667755805380e-04
-1.273166666722615366e-02
2.327949999996071703e-02
4.788333333245978641e-04
-6.751999999849381089e-03
-8.053666666754511969e-03
6.342500000378594772e-03
9.171666666543087628e-04
-1.399466666646822371e-02
4.021666666411459023e-04
-2.064166666701835594e-04
-5.205333332917680758e-03
1.429333333375842636e-03
9.022666666805781097e-03
-1.034883333311944001e-02
-5.046666666608418421e-04
8.874666666588239272e-03
-7.872583333206679967e-03
3.124449781053261210e-01
-1.006958333323896984e-03
1.630133333319147906e-02
7.279324317551251998e-03
-1.522539949291899916e-03
-9.416820311069660707e-04
-2.089338434800798710e-03
7.258333333362046143e-04
-2.267499999825396109e-04
4.863545468485133000e-03
-7.463455642489595643e-02
-9.712000000036616690e-03
3.031999999718219298e-03
-7.771750528899837307e-02
1.223623009523213900e+00
-1.887500000010418170e-03
1.762083333328208360e-03
-1.473666666671932281e-03
6.395833333589381019e-04
1.073699953224932849e-02
-1.733850321912982217e-01
2.873600000017406675e-02
-3.317333333325366701e-02
2.282133333343018891e-02
-1.323466666707167477e-02
-1.592813294617443642e-01
2.569997845910775069e+00
-6.383344184712865660e-03
3.056180107745970487e-03
-7.351646515001273490e-04
1.082544155771700267e-02
-6.776846364698340119e-01
3.787338533635091764e-01
-8.295227545125423430e-02
1.066454226706518016e+00
3.271785194904875543e-02
-6.955392979456415103e-02
9.220131380938875396e-03
-1.061004404673298318e-01
9.115551666148601073e-03
1.305429943726739775e-02
-1.255323120846667251e-01
-1.646214282705315002e-01
3.053382758751141228e-03
4.078508927243353066e-03
-2.741054390814854367e-04
2.871692118953353152e-03
-5.384487713474733588e-03
1.347861878058210670e-03
-4.963481778647998999e-04
8.802225680791343765e-03
-4.778250126734164341e-04
2.744722398734639169e-04
9.871213649832273271e-03
-4.587370317115090600e-03
6.727394911648182374e-01
3.066728308843426620e-01
5.436272376830395686e-02
-7.311615700513180993e-01
-7.713384452247076806e-02
7.010437765844098647e-03
-7.394526970211482558e-03
1.030932620191552102e-01
4.417813501052002441e-03
-2.052269434111978364e-03
-6.536672571049581548e-02
2.720222749995415690e-02
8.847687587305301804e-01
-5.866682567182319730e-01
9.766282770677364722e-02
-1.330561731208821374e+00
-9.710586851474982406e-02
4.725128082395866486e-02
-9.564701834622199583e-03
1.317827289330274487e-01
-7.574681890286714785e-04
2.959713576645303331e-04
5.790726309855760354e-03
-4.064492054723816035e-03
9.627347678134213355e-03
5.685212279688253711e-02
1.174098537619022373e-03
-2.811526012545592559e-03
-1.499793621703590651e-01
-7.528254574540825805e-01
-1.764143795791392119e-02
4.244071312397001278e-02
7.628301607313975677e-03
-4.697014239950533625e-03
-1.186051658774394497e-04
1.802209222821231013e-03
3.979168461953914299e-03
-1.167560443127059347e-03
6.428924016661779085e-04
-1.068062612372014386e-02
7.933680214290033447e-04
-3.806795352885620435e-04
-1.298018632610641390e-02
6.990786263314985836e-03
-1.345106622714937472e-01
4.548131180678193636e-02
-7.027171025384850063e-03
1.071500261516082492e-01
7.281329000357078529e-02
-5.667868598225702520e-02
1.832617947124000248e-03
-2.686963643514643854e-02
1.667697596939063387e-03
2.614666692069217337e-03
-1.792950580606066796e-02
-4.761891299874904115e-02
2.299960979162000985e-02
-2.440319055898644215e-02
-9.883671254657471449e-04
-1.444089725365003268e-03
-4.526277435067214278e-02
3.518614882815714051e-02
-2.166865013036054465e-03
3.324052312875542398e-02
-1.030534347816065713e-03
-2.569830761879104454e-03
1.469574923370962037e-02
3.968671812197147736e-02
-6.354473018614859026e-03
-3.604078416480446193e-03
4.158224626950281048e-03
-2.843934333500871669e-03
9.373942440188243186e-02
3.870886248845836763e-02
-7.458302342446963829e-02
4.401958807071455759e-02
3.453874257709163044e-03
-7.304373119506961040e-03
6.331209607566976516e-04
-8.941967565779956190e-03
2.541404954378314457e-02
-1.269454239509586885e-02
-5.923068432864960972e-04
8.449313709597061628e-03
-7.023644941544425436e-04
2.940279233041199363e-04
1.222941820781263227e-02
-5.769148516319342300e-03
1.179687163223562020e-02
-9.898609964747621254e-03
7.734509750743549881e-04
-1.393236734647452027e-02
-1.921402358008205205e-02
-6.635537453063625191e-02
-4.888776040724187970e-04
7.348937204658677856e-03
4.834021468378077728e-04
-8.067197855466915098e-04
-7.196315385003495234e-03
1.270362677320672345e-02
8.447165077112605332e-04
-8.587230129192783157e-04
2.140920565610641372e-03
-1.004752612415490314e-03
-1.556865661179498636e-02
1.366885071970032339e-02
-3.589186743873380020e-02
1.758144558093833326e-02
-4.840913643275562145e-02
-2.106396720150080781e-01
-6.230348931742004000e-03
7.891176626375974446e-02
-9.390063672431278596e-02
5.357562752650545379e-01
-2.050135601731981321e-03
3.223477788981880809e-02
-2.052836858735983955e-03
-2.202341517545941887e-03
2.471472969236992653e-02
4.139642576246491817e-02
1.962183435864774117e-02
1.396541842423009383e+00
-2.644469701173164222e-03
3.899589624702839985e-02
-3.036725916507393652e+00
8.804209891866918714e-01
-2.563749385636077682e-01
4.052378259110222203e+00
1.669933059552383388e-03
1.160926535386633263e-01
-3.420337639447192102e-02
-1.867365787131221033e+00
-4.218101632841994228e-03
-5.238857949630149882e-04
-7.826670493134218554e-04
3.255024045523587095e-02
6.173611717811647304e-02
1.147638860387061033e-02
1.278902266966910894e-02
-6.176630209990557896e-01
-2.856431130963266729e-01
9.100441654264814773e-01
-2.752763628870082135e-02
3.889718079814407092e-01
3.214052795277537733e-01
-6.190169398009509605e-01
1.993914349115205945e-02
-3.897076396823706546e-01
1.190087387538913983e-03
6.036885201716088445e-02
-1.800757954352377732e-02
-9.571144055105312853e-01
-2.235188997374517872e-01
-7.377478142045621468e-01
-8.507099849089259577e-03
2.662619159775877486e-01
-3.573838315652040909e-01
1.962367168900421288e-01
-7.245048280732280244e-02
3.350257173936320720e-01
-6.954093573755476543e-01
6.092640080235413660e-03
-3.958611068576915748e-02
1.244073779574584454e-02
-1.267880093693651150e-02
-6.368559175598781374e-02
-1.684556038229513824e-04
1.450608200216460357e-02
2.779192491280995658e-01
1.001729970316343810e+00
9.879558631100278029e-03
-3.329941905061185592e-01
6.768926915562229960e-04
5.534910585665585303e-02
2.094675606357275510e-02
-4.407664808785757143e-02
1.101385426192860598e-03
-2.604035168888433130e-02
-5.137740234116649693e-03
-9.166237410534854302e-01
-3.668747820390034220e-01
7.676607291616580619e-01
-2.295483803613704646e-02
4.731956358175488098e-01
6.176620156276070930e-03
-1.908492540099399407e-02
-4.939059786373426429e-03
5.069649430515179439e-02
2.187094326532618323e-04
1.280237507255064244e-01
-2.438955004203695875e-01
8.064584527173652984e-02
-1.814337452340931273e-02
3.167429091206665492e-01
-8.658809334429311277e-02
2.658532706312640714e-01
8.676392880805110230e-02
-6.684353962201288191e-01
-4.241663624599347621e-03
-1.900537590859704862e+00
4.000989611891133890e+00
-1.118676639347669033e+00
3.286221873589382225e-01
-5.314069227187502520e+00
