9.072858497231270292e+01
-4.934577343720284226e+00
3.381660657023786987e-02
6.729323869543334524e+01
1.046375524591271642e+02
7.261153324643994722e+01
2.870090251860673458e+00
6.100970808219297936e+01
1.252516721415575347e+02
4.014341736419514639e+00
7.154624190243391979e+01
-1.150597314982740826e+01
9.962200008078563940e+01
1.592356446584239471e+01
6.200087666879343118e+01
-1.582283067569694168e+01
1.129281197606731979e+02
1.630907555636608208e+01
-2.909962982204669313e+00
1.932814504128894384e-01
2.462334838339984344e+01
-8.336974797199207643e+00
3.582091688926985285e+01
3.113821189132329081e+01
-5.239897208251020011e+00
4.138249556847081040e-02
6.461429257015240957e-01
3.301917690049063658e+00
-3.421135459120871580e+00
-2.712146811749863939e+00
-1.115935516442134379e+01
-8.666822352864150147e+00
-5.782138628431772176e-01
-6.354602544002262432e-01
-8.979413514427494469e-01
-5.061811576137228430e-01
-9.941502750723905102e-01
1.584086393575195206e+00
4.545399412738708733e+00
3.973208861051359619e+00
-9.513814540107868867e-01
-6.288855067950688493e+00
-2.023408913385759789e+01
-3.645592248632290477e+01
1.372779451425401298e+01
1.457687582887663247e+01
-3.031141793367278225e+01
-1.725409635879673331e+01
-9.701345750619260855e+00
5.918779317958640540e+00
-7.895666267807984084e+00
-1.003745402023820610e+01
8.563762390856254569e+00
-2.287419953196735412e-01
2.784405093239824325e+00
4.323932209621691669e+00
5.839805799414367060e-01
3.053806089750905062e-01
-1.711346692728360264e+00
-2.512640574558338891e+00
-1.632094844821711244e-01
-7.108307677358650878e+00
-2.916753777413758897e+01
-4.024397323798504544e+01
8.585035905424132352e+01
9.355862345227065191e+01
-9.958428746860951364e+00
-8.113486025808672508e+00
-2.614589316779712291e+01
-6.685920797606232036e+00
8.730655968813312739e+00
8.684367133758621904e+00
-2.426649469312825769e+00
1.463420905509999237e+01
9.176017903902476291e+00
9.016208126007123624e+00
-1.055266835702385109e+01
-1.390815665480025132e+01
2.753902797293496008e+01
1.621439230044372692e+01
-6.201825990162687319e+00
-4.586492557446712937e+01
8.714636363522429985e-01
1.702271782897081920e+01
-2.059583907198737762e+01
7.998414282180351442e+00
-1.546703344472917152e+01
-9.883844071609255266e+00
-1.669153936234567093e+00
5.858771866773981429e+01
-9.960439827576504257e+00
-2.293320515962727768e+01
5.089556741268943085e+01
-3.048555738989132013e+00
-2.016167966491367647e+00
7.671005578691106885e-01
1.155272069026462400e+00
3.570764293790028576e-01
-5.824266537683472217e-02
-8.876028456591331661e-01
-3.469186903903175023e-02
-5.600461305248658483e-01
3.517815750394533758e+00
9.159916274236435285e+00
1.665965392308733917e-01
9.626977681882663562e-01
-5.068396722837043011e-01
-4.135565072438878609e+00
-4.541827163020231012e-02
9.886244390693726958e-01
1.738102549096875116e+00
-5.124362480614924609e-02
6.021320424512097702e-01
8.725481852232226387e-01
-8.456809052095616286e-01
4.326348281008737473e+00
1.182103257751195846e+00
-5.847673088250840423e-02
4.550995596241708796e+00
-1.136975725188694719e+00
-7.847756249581668009e-02
1.134197529467097398e+00
-5.111404905933984111e+00
-3.768569177389518909e+00
1.027695495673282444e+00
3.096181107449060277e-01
-1.063098613598840991e+01
-3.965252848705888677e+00
2.639574325461824245e-01
-2.862207613966709729e+01
1.096397275762769041e+01
1.876115592749604133e+01
-3.399457350251275756e+01
1.382417276676940476e+00
7.286227179125596365e+00
8.200893310756200094e+00
-1.546686591260987287e-01
-4.131525774355996994e+00
-3.133463448629629777e+00
-2.974877059422171843e+00
1.129902347062826662e+00
-1.025515905194040585e+02
-6.214056349987218653e+01
-1.861556969126198169e+01
-3.343142160170473431e+01
-4.342602679121381470e+01
-9.251411822421509612e+00
-5.418203612526674107e+01
-9.224693121627394987e+01
6.394690842539043629e+00
1.986150637739019453e+00
-2.040830647032741307e+00
-2.384366683523597263e+00
-3.283060065838505182e+00
-1.665308675350447576e-01
1.661839347415581258e+00
6.002085648090887737e+00
2.572505986422641833e+00
-7.342343458291935576e+00
-2.136411709080570986e+00
6.691272114002910776e-01
-7.714875575701260146e+00
-7.583706462256274428e+00
-4.073917030390457050e-01
-1.155992125283530214e+01
1.388760582125906806e+00
3.021501817190226813e+00
2.947641085724122867e+00
-1.069229969834087635e-01
4.420862414968500964e+00
1.629643108097997839e+01
1.538044160588882470e+01
5.691075946444989597e+00
-6.093252119580297332e+00
-3.803713634332182014e-01
1.436755455902996204e+01
2.041515426628377128e+01
-9.787741207344283212e-02
1.309557190267796045e-01
-4.399289283850613685e+00
-2.657133921706150925e+00
3.306631691720171684e+00
1.712441451790813929e+01
2.269339139733255095e+01
5.084526703124125468e+00
-4.519265851778195398e+00
-1.091608703090476062e+01
-1.535585700112164886e+01
-4.634931910891866735e+00
2.347626494842565137e+00
-1.169298074005743704e+00
-2.023152245009674388e+00
1.158541093844435821e+01
-4.957733556854946877e-01
-2.050005996737559677e+00
-1.974407725184982754e+00
2.765651521076132102e+00
1.774146668164708629e+01
2.610138744865493265e+01
7.353260762646797843e+01
-3.839894250124767154e+02
-3.399580395157582302e+02
7.775840108214566726e+01
2.141649420343529897e+01
9.882553742496274651e+01
8.717709552135707085e+00
6.987810931373450885e+00
-9.730226665243124629e+00
1.048948119628799702e+01
-1.530880289898788049e-01
-1.775380724980382396e+01
8.290896220640059155e+00
7.688015430703911690e+00
-3.663549673357748304e+01
4.238740328313468808e+01
2.441833054196399289e+01
-6.775923005029002866e+01
5.612011431434829056e+00
-4.457135519955996550e+00
-4.702660421956770698e+00
9.767823620889970471e+00
-5.741616636229648130e+00
-6.477373360474068420e+01
-6.089658370716836799e+01
1.259251286773541523e+01
-9.789344198137034381e-01
-9.353518030788809945e-01
-3.318644395899182697e+00
-5.494587134073935175e+00
2.050698970288674372e-01
3.461913949029460369e-01
1.939393598633215032e-01
3.623161539720552993e-01
-9.281253685667910647e-01
3.136005923581444588e+00
5.214881150481464722e+00
-1.534204926416548931e+00
-1.051715458228312450e+01
7.505497980841317585e+00
1.969332370635235918e+00
-1.218653760356344051e+01
8.443880465924019418e+00
-1.113860543036682804e+00
3.698606986517594675e-01
1.865272031468506597e+01
5.300652146836100798e+01
-4.893894482746603103e+00
4.329795946054167288e+00
5.190134022488082621e+01
7.611322756293354530e+00
-8.762433042855246157e+00
-1.289568599146403471e+01
2.626162786886621348e+01
1.067198151377327520e+01
8.504839229523094346e+00
-1.913844694281311432e+00
2.109621572708571424e+00
-1.478662272904448516e+00
5.066640259339568964e+00
1.342641529420649071e+00
9.978185049284894470e-01
6.142355595571671500e+01
4.877193452541354901e+01
4.908837345256880980e+01
8.137579110841589625e+01
2.459061778457224818e+02
6.785058591917596971e+01
7.334342926709457799e+01
2.650666783163416085e+02
1.304629918897189711e+00
2.379059541667140620e-01
-4.786260189736064041e-01
1.389752897831198597e+00
1.295634278099034020e+02
-2.852579618509922810e+01
-3.355535011509342080e+00
1.466368868339283722e+02
-7.410588238875470246e+00
7.088809392052609626e-01
1.528326563471930077e+00
-4.489996246197295093e+00
1.112355341582700774e+01
-5.566020283172118388e-01
-1.834312964180466077e+00
1.250293683838712866e+01
-2.074301484565139475e+01
9.523691297935375083e-03
-7.384962149103779794e+00
-3.225306196765765776e+01
-1.056092216845712706e+01
-1.666868387490602732e+00
-1.533440033984210527e-01
-9.599419828378421116e+00
-5.482597330197033614e+01
3.129724204220994732e+00
1.311120868385776284e+01
-6.740441932761876842e+01
-2.059456866433963196e+00
-3.920719087361946631e+00
-6.000936114637348773e+00
-1.502620023681150441e+00
4.999478852729290906e-02
-1.430701625844748248e+00
3.922453959763247955e+00
-4.931935626517276461e+00
-1.508144521150349071e+01
5.385594921471318131e+00
5.555372067090590171e+00
-1.364605743036176122e+01
-9.632913097102481004e+00
1.284536114913980853e+01
8.497881092397514990e+00
-5.849103994108038052e+00
-1.558991072517777576e+00
-3.168438672995777416e+00
-2.071149143895953060e+00
-1.278376467235804170e-01
6.470863353835989074e+02
1.654637042362267039e+02
1.945466640864684109e+02
-7.172826929948963937e+01
4.886354954914040860e+01
2.495213371966800935e+02
2.171213106699474906e+02
7.530894828172683901e+02
4.454478694179550757e+02
1.847306498606934966e+01
2.007675262894465718e+01
-4.947626147249218320e+01
8.590271141657215281e+00
1.401439539928252742e+01
9.231560023382485269e+00
5.093587693793422204e+02
-5.577946711832155735e+00
6.116001259855223360e+00
8.262230983801259754e+00
-3.031260229462763522e+00
3.785898136180236406e+01
-6.493845676694455449e+01
-3.983702714019630520e+01
2.598400475017272271e+01
-4.165994668835049985e+00
1.633755073871393293e+01
1.126984867211510633e+01
-2.932861654640383620e+00
1.462476844770129603e+01
-1.255851583869627888e+02
-9.495542682958129888e+01
8.695491990889905765e+00
-9.436366995508885580e+00
-5.070934226246578191e+00
-3.926445156823980209e+00
-7.613612344499189888e+00
1.496649179226131832e+00
1.966386705306513827e+00
1.418432802293466466e+00
2.125554593413908844e+00
1.120689435643132725e+01
-6.515603119912479713e+01
-4.461070114357401195e+01
1.235345617222760239e+01
-1.556444539542686414e+02
2.716837739792978823e+01
2.572930943638213286e+00
-1.775321641666803032e+02
5.842384969272453432e+00
-2.020612147411045001e-01
5.422207089680392694e-02
6.004302618668026170e+00
1.025887745246023552e+00
2.218208063280859399e+00
1.837308025209591467e+00
2.010740513863632728e+00
-1.548935846792028030e+02
-1.469274410969095470e+02
-1.465738829502916474e+02
-6.189806006330468291e-01
-3.739215406810830444e+01
-1.906062407807314116e+02
-1.909293783703625422e+02
-1.878846890606242255e+02
1.618372725526436184e+01
-5.717011565343457136e+01
-5.705992235989030803e+01
-9.617824622533150958e+00
-1.185252575262668806e+01
-7.393855735840504906e+01
-7.407715288987930080e+01
1.560522185337551804e+01
-2.050299306321788606e+01
6.345342955240220739e-01
6.762561593210882016e+00
-2.322622845221351895e+01
-1.035137929894235498e+01
3.475974906135518516e+00
-2.429510294374638946e+00
-1.663463237039115938e+01
-1.604048870945771341e+02
-3.962325241185401303e+00
-3.007173439115288716e+01
-1.686210455826342809e+02
-1.574380830058827563e+01
-3.955679473562320858e+00
-3.485390250361638298e+00
-1.161284307387961068e+00
1.498081019721465168e+02
-1.207435733911443947e+02
-6.346917922680272994e+01
1.640514764815450519e+02
-1.508070049118650502e+01
-1.561747837481377310e+01
-2.094242116841725831e+01
-4.015783724495335605e+01
4.175653603172806783e+01
-1.630263069364340467e+01
-2.308472819446058821e+01
6.500690766643390361e+01
8.603773927263604548e+01
-9.571248461472164237e+00
-1.791109145720055196e+01
1.197746934207405047e+02
-2.449203991344630627e+00
-1.005390271881939768e+01
2.110480478434026974e+00
1.239288045526926396e+00
-1.045412156567107473e+02
-1.646029525176045283e+01
-3.605949755481606012e+00
-9.594384229349292070e+01
1.052036314437792619e+01
-8.385400545924316162e+00
-4.357940858525316763e+00
2.631995965445402774e+01
3.007321725949621882e+00
1.787142229361700174e+01
1.499544408074677904e+01
9.871185392650938528e-01
-1.980044004952863715e-02
-2.933516267680319256e+00
-2.986400512514730377e+00
7.497090141287916787e-02
-1.467494528114719143e+00
-9.183751472709060781e-01
-6.985555005994410482e-01
-1.644483968347258518e+00
1.994344076260756182e+01
3.854596966243784895e+00
1.319556746912380696e+01
1.997840422650526193e+01
1.535670975283138340e+01
1.056363503399597015e+01
8.268024138749090479e-01
1.532266210031997389e+01
-3.811503373401489370e+01
-7.442143828208398482e+00
-2.555084521565089872e+01
-3.818150744654416684e+01
-2.931744860031597355e+01
-2.044476873261606187e+01
-1.602796875976966851e+00
-2.925218188761644456e+01
2.704628918557758332e+00
-8.715808718604866057e-01
1.498149953991577965e-01
1.445645329140606394e+00
-9.614076367163033154e+00
3.128736598355008169e+00
6.724709356024792806e-01
-9.583307286662185120e+00
-1.853144556967220691e+00
1.753727992928715562e-01
8.382341945646409886e-01
-1.547418709067658327e+00
-1.652485849510080129e+01
1.994147920474601765e+00
7.613235582882077468e-01
-1.607285903172580177e+01
1.094749099354903699e+01
-2.942822763226236482e+00
-3.699808822185480128e+00
1.244765727780650622e+01
8.996844717739323372e+00
-8.363067585472715448e-01
-1.567572713586076194e-01
5.952715007857294793e+00
-2.199512052922017702e+01
5.437783665170943692e+00
2.164192766455050043e-01
-2.169183699494164941e+01
-7.318089620998411426e+00
4.171915400395304063e-01
2.222057018024738095e+00
-7.850400631979275623e+00
-2.149686642484901355e+01
-4.191811885017605599e-01
1.677261904077025800e+00
-1.826411996281954231e+01
6.412415265601966041e+01
6.653508567458764844e+00
1.376933742310288755e+00
6.231913757728764836e+01
-1.507473708378034738e+00
2.180048232855897883e-01
6.954113701621664756e-01
-4.199701603937152639e-01
4.616409161784240101e-01
6.165889321517242783e-01
-2.554587155734806991e+00
-6.210509057667803923e+00
-2.559511886779418433e+00
-2.411653479821865620e+00
-9.600554057963507359e-01
-4.584486441961611369e+00
-4.433927434541943824e-01
-3.068535256374854137e-01
1.717711753681648024e-01
1.251718389991396174e+00
1.216520625360523411e+00
3.515401931995901563e+00
6.817152036644134050e-01
1.344670314360303154e+00
2.919755055320802057e+02
1.879376107139018970e+01
-2.112267358541410189e+01
2.680001930935323458e+02
4.073466904974967662e+01
8.708835567120210897e+00
4.202345195045243287e+00
2.997575841464307800e+01
1.001357758465448811e+01
-2.267294548636067386e+00
-1.162742251429156992e+00
6.879640078210336185e+00
3.463058033985832651e+01
-3.805203518521722117e+00
-2.445735838378730043e-01
3.365533624781421906e+01
3.260443233293915721e+00
2.191365111988677228e+00
1.901191108189638657e+00
-5.748161308854002338e-02
3.512849590139918710e-01
-1.340036790944067746e-01
1.281109317131870151e+00
-2.934030629228540632e-01
-4.749949202825978318e+02
8.684410146715073608e+01
1.338796681467735894e+01
-5.215290919854679714e+02
-1.195545664276362601e+02
1.382407160839831839e+01
-1.448527646431197580e+00
-1.402893930117613763e+02
-5.120952827888503407e+02
4.677988227891491135e+01
-1.395328190493009046e+01
-5.607024244288145383e+02
2.692478483830248237e+01
-4.941378287120408608e+00
-7.117102682114300194e-01
2.520617585564147234e+01
-1.393835791566024227e+02
2.295945523351987205e+01
2.832685393167253540e+00
-1.695717668617232619e+02
-8.939642183314645552e-01
-3.308377867216653057e-01
-2.906656235426095414e+00
-4.394171874619967610e+00
-1.858552086290742866e-01
6.637517510456283909e-02
7.046064710258386210e-01
-2.158133572711813830e+00
5.466758242747791030e+01
-7.589346956917699671e+00
-2.815143247157610440e-01
5.859925975061334924e+01
-1.681677868033903778e+01
4.438678476449578802e+00
1.643161666762829487e+00
-1.921395244063250729e+01
-5.194492468219185355e+01
7.391075393895675028e+00
-5.680533743191790164e-01
-5.908688483796791502e+01
-2.865906794908039679e+00
-8.039816505061718466e-02
1.051604887980944932e-02
-1.375885131688340257e+00
2.460853130733108574e-01
5.527153594317406604e-01
3.635024153477552922e-01
-1.191427056965777220e+00
4.448211254075387444e+01
-1.917896881158367961e+01
-1.911761962465620357e+01
-1.281321604950116644e+01
-2.316771483273085241e+00
-1.882741497149899601e+01
-1.888627032075988410e+01
5.375295405483731770e+01
-1.338208651575895090e+02
-1.491577117291102894e+01
-1.480063091187875379e+01
9.045601735717900382e+00
-5.636517928977291980e+00
-1.204324294536211148e+01
-1.206873418688420685e+01
-1.502872269367876754e+02
1.221933153348551926e+01
2.801726794668524256e+00
3.961069512896114198e+00
2.485319356203790520e+00
-1.630603924388999815e+01
-6.951307440532170645e+00
-6.887657711483204714e+00
-1.696785897567465540e+01
-1.434974541265069625e+01
-2.090487529064843031e+01
3.244873569225668941e+00
1.856839223609508371e+00
5.819253929901601907e+01
3.560209348555673614e+00
-4.652578710724298183e+00
4.471144190373566119e+01
5.717591717842378074e+00
-2.258620323135100971e+00
-4.478965745169324109e+00
-1.441940359609002353e+00
4.352737872510127204e+01
-5.919908668938091978e+00
-9.536782807439152521e-01
4.247731992346171381e+01
-4.081254958951389256e+01
1.884157808071166329e+01
1.098468507301275743e+01
-6.600228615096460771e+01
2.543278465809234223e+00
2.051468759255801189e+00
-5.922949041087099964e-01
-2.184366887543480740e+00
-1.027899401549395714e-01
5.316040385453426609e-01
1.825436002209910036e-01
1.015987276948251000e-01
-2.411403965517677506e+01
9.177082754548578691e+00
4.227046708667288932e+00
-2.568512410810034652e+01
-1.585568788401412554e+01
1.572331094336164625e+01
7.437062104152931674e+00
-2.349668500360250434e+01
2.838811960310877680e+01
9.800257802210099456e-01
3.604250371332208935e+00
3.522462799063251992e+01
1.832736018649109155e+02
-9.154490249161653992e+00
8.648224215624887634e+00
1.936505478918923870e+02
6.593359057220779640e+00
1.801293259153756265e+00
1.585297009296056991e+00
5.834733063404356379e+00
4.735511023656533780e+01
-8.954412879922589497e+00
-2.272029770328188647e+01
4.005038916831042428e+01
7.593513830159443145e+00
1.033111989596129021e+01
-1.130454979684897054e+00
-9.733210841863555451e-01
9.431813674808068981e+00
2.389170883331919182e+00
-7.772562829273182983e-01
6.818432063899448003e+00
-1.506414224983385841e+00
-1.802826563566214957e-01
-8.850766032774297631e-01
-3.871128763616245028e+00
-5.555263624218177432e-01
3.306929800260677066e+00
1.676889169823805537e+00
5.388537269838328259e-02
2.010721865793063667e+00
-1.000271213672235859e+01
-3.429257352896758704e+00
-1.753856754477557123e-01
-1.495036879845713074e+01
1.689350141948577466e+00
1.050215370941744553e+00
-9.643851342016983352e+00
1.945664828365130106e+00
8.292683005533280083e-02
1.220589277100766923e+00
2.709324315680816220e+00
-5.985993053196721370e+00
2.563756261931923186e-01
1.442583161364257571e-01
-2.871382600238004734e+00
1.658366287695869801e+01
-1.605238509525732660e+00
-4.241047822871413242e-01
8.442803686118546480e+00
-2.468970559640221829e+00
1.064507275152258015e-01
-7.044455254671739830e-01
-3.225915918391740744e-01
2.327796678442346057e+00
4.090435394145536252e-01
-8.764251641851155128e+00
-4.780097648214324479e+00
1.409208742186184971e+00
-1.791463911457791616e-02
2.870218856950038089e-01
-9.263843556703237059e-02
5.666717270871410861e-01
-1.101921818376059292e-01
-1.466123714730028338e+00
-6.167349649947539980e-01
7.775567447213666128e+01
-7.454068084669520644e+00
-8.585024277065112841e+00
5.199341877846902804e+01
-1.385295369015674682e-01
-2.977477999349319671e+00
-4.559714361611926781e-01
-2.362351726163679277e+00
-1.265615052158375331e-01
-2.503036687120294701e-01
1.762915746012614915e-01
-6.095785786930438960e-02
-1.396077102626461830e+01
1.442304430203604992e+00
3.293903364119107890e-01
-9.436651084571536785e+00
3.328023152069548729e+01
-3.370843742146346411e+00
-1.403246535275111784e+00
2.519930617278952312e+01
-6.978277576037164920e+00
3.281714295645778989e+00
2.901651931483901770e+00
-7.837856565057154334e+00
2.149301983661545901e+00
4.091445061236807790e-02
-4.512709014482439935e-04
2.903594479437265452e+00
-1.130610402394192171e+01
-1.680988751089678990e-01
-7.879970746871179932e-01
-9.825911959236563575e+00
5.534463885338969646e+01
-1.061067742789481905e+01
-5.144850527817260044e+00
4.412283045262540782e+01
-1.760508471970370747e+00
-3.653679234006120269e-01
-2.143753404916655045e-02
7.790816556947308680e-01
2.279620601100087462e+00
1.376123626737110417e+00
-5.639096315618093769e+00
-3.068834427467967085e+00
1.923189993899880212e+00
2.715284412954273474e+00
2.792800770875262240e-01
2.612415658043982236e-01
-7.251371907164564368e-01
-7.010952516354469477e-01
-7.915372815758960900e-01
-2.280911830237376758e+00
3.858258190873695526e+01
-4.586622482728796690e+00
-4.272048414836532082e+00
2.538921011474525002e+01
-8.009408866201123828e-04
-1.041647261749357511e+00
-1.087063655749734181e+00
-9.729175525214436458e-04
-3.664418424081557490e-01
-1.396610307367258663e-01
-2.427035127878439946e-01
-3.585651368715944143e-01
-4.824469436505002307e+01
-3.288473700691555734e+01
-9.539814397904590848e+00
-4.816132573328905409e+01
-3.690499232048009759e+01
-2.066131743411314670e+00
-2.629557905222188907e+01
-3.698781621806105591e+01
2.017807764711834206e+00
5.632153249533603301e+00
1.365864165149034193e+00
2.018757614410912726e+00
1.139285913150953400e+00
3.767382926959688128e-01
4.381826189178592124e+00
1.145272615293120300e+00
-1.655072613565070183e+00
2.570629660608849884e-02
-1.312765452637702519e-03
-1.181128878793446635e+00
-1.211501142574907819e-01
-1.906822670091252170e-01
-1.351101488282797636e-01
-3.438295251170156996e-01
-4.038077180210557771e+01
-9.728990562025479960e+00
-9.654575662478317000e+00
1.297991353951169158e+00
-3.062031759264052688e+00
-7.866358551780919584e+00
-7.883651654759165517e+00
-4.663687259497157811e+01
5.342005400572229057e+00
7.765849809256550884e-01
7.689089549222591913e-01
2.850919182010116515e-01
8.301129864561875848e-01
5.948662182912043406e-01
5.958250164689048445e-01
5.775362415167480279e+00
-2.335187708001888396e+01
6.278378630923292514e-01
2.963586757845614983e+00
-2.450853892517165278e+01
-3.598131888877551976e+00
-4.226668187877371530e+00
-3.814809939796105720e+00
-1.266662377407662987e+01
-6.309600879734079681e-01
-7.215275448995999152e-01
2.660288631456013242e+00
3.205783254031040030e+00
6.168281360954416120e-02
1.179478228310934101e-01
1.327101191658437880e-02
5.334633655518244977e-01
6.360309731715146242e+00
2.076252202467060215e+00
2.023329610406559897e+00
3.467666642474387828e+00
7.980662755682963905e+01
5.643282289759860681e+00
-1.255886831094096268e+00
7.643670792472499897e+01
-9.700772932907087975e-01
-2.521444334133862153e-01
-1.953655439409973382e-01
-8.340025948510910725e-01
-8.385390150178812618e+00
-1.142805027587604494e+00
-4.110625131902442830e-01
-7.983569319210241488e+00
-4.228555901390785188e+00
1.074610446537384023e+00
5.845445662023285305e-01
-5.180359459050820625e+00
-1.036484424104879167e+02
2.295572076930620753e+01
5.213739360250670529e+00
-1.155955973650538056e+02
-1.905236796739980143e+00
1.778140597383117694e-01
8.432706855892158071e-01
3.871928397421224854e+00
1.025021052028678170e+01
-2.970737654179508080e+00
-2.196364305267023642e+00
1.363601049450648084e+01
-1.643066995719139456e+01
2.734608158890807328e+00
-9.146718758646728287e-02
-1.919916197538459102e+01
-3.677310108772536612e+00
2.930932604308409406e+00
1.467007554527731905e+00
-1.695721476824127194e+01
3.278058692727512380e+01
1.278098184741398313e+01
1.098480143149891752e+01
4.547486554743418452e+00
1.051494860504268436e+00
3.428723569598551846e-01
7.501080445831965982e+00
1.949281517928376006e+00
-4.076553042710268082e-01
-4.300848749784416669e-01
3.131434232158736286e-01
-2.495856064091990678e+00
-1.017075924322476510e+00
-2.521829500353895415e-01
-6.395527023269547140e-01
-1.407388463457030170e+00
-8.071604314282311066e+00
1.797865523182199388e+00
1.351025564951321645e+00
-7.470587317140052086e+00
5.976095940691202868e-01
-3.452360024417224782e-01
-4.161552013880945311e-01
-4.524064336026087374e-01
1.836651146219943342e+01
6.646280323846036175e+00
8.734441192449819980e+00
6.801592753320734097e+00
-9.966739981176317542e+00
8.455278107597996584e-02
1.186145375673645974e+00
-7.743751790361288023e+00
1.411714059968481472e+01
-1.804878712458866552e+00
-1.389360674413630203e+00
9.071517577207432126e+00
-4.052221995497404805e+00
1.079519540195347516e-01
6.134085586687634123e-02
-3.524602310839275443e+00
2.226042121056030165e+00
1.834703383240652519e+00
-5.520429401733780717e-01
1.094483207533831076e-01
7.664861427826939355e+00
6.003222571440915090e+00
2.798590626162938411e-01
2.530785118008085366e-01
1.214716046894047108e-01
-1.048344056940023084e+00
-4.138623593581094440e-01
5.017532251589432724e-01
9.443433266149854344e-01
4.977812666788347107e-01
-1.101513029588087500e+00
1.721844934187783505e+00
-2.322899235114613159e+00
-1.399310482103589548e-01
2.107579671080229144e-01
2.163008386237584624e+00
-1.016868091207721925e+00
1.655020573530322503e-01
-3.410688565387010041e-03
-5.311423499555973038e+00
-1.187354372418384152e+01
3.375532873884506402e-01
6.946603321425514066e-01
-8.457768894832181417e+00
3.382673908210458791e+01
-1.861607576713433687e+00
6.549621048270000134e-01
2.939117403957725827e+01
-2.725271595348407416e+01
1.515176864378155575e+00
1.514528207672169335e+00
-2.052654130673269250e+01
1.143072531312428275e+01
1.865614471544083108e-02
1.190131444058257632e-01
-8.002427339093607372e-01
-5.095046854420531846e-01
1.257360697565228225e-01
-8.666901565373766325e-03
5.864116458746040372e+00
-1.406738040468326112e+01
3.663970444677089877e-01
2.642809081627486290e-01
-1.022397015721382019e+01
2.898113749853311916e+01
2.290413530512592555e+00
4.014255166216582071e-01
2.457389022545280710e+01
-4.861863649821778210e+01
-7.388592703905249026e-01
3.994256562344518646e-01
-3.530601837778367269e+01
-1.955987878676424208e+00
-1.563962682117235437e+00
-2.032849618668808311e+00
-1.628254830837478684e+00
-2.363896760664302654e+00
5.577394149177963278e-01
-1.325402744321242665e-01
-2.195324730689618864e+00
3.868001610681114366e-01
5.389855378449656120e-01
7.358404658615008698e-01
2.627609033623919954e-01
-1.114522105559063059e+00
9.245387412133226901e-01
1.506064322218549911e+00
-1.322520641287843413e+00
5.360314927057533652e+00
9.752591104917733844e-01
7.434095391985581780e-02
5.926810279712787732e+00
6.192135410315157173e+01
-3.403885460607562141e+00
-1.326487760841538233e+01
5.603465035559955254e+01
1.755959007576394892e+00
-2.953247772591933717e-01
-6.166219172980235141e-01
1.545820213587790981e+00
-1.984983199532412357e+01
1.105737512833684821e+00
3.572454928935977492e+00
-1.756287534459290356e+01
-5.709582716503967248e+01
2.133531841463899070e+00
1.309730900344310811e+01
-5.234066280958954565e+01
-6.102426384979780849e+00
2.858413123938414735e+00
5.628977695251268898e+00
-7.370466846295199659e+00
1.603269802435431268e+00
1.150905111349265431e+00
-1.099407571302466247e+00
-3.914930866568720469e-01
-1.134473854094648182e+00
-1.009563309422208066e+00
-2.082072321022226280e+00
-6.650604776310806709e-01
3.201170711765344290e-01
-3.820820331530959013e+00
1.763083782506423169e+00
3.435315246920538357e+00
-4.547010835063491907e-01
5.680093578798302012e-01
-6.525905097716454550e-01
-1.343461568808954620e+00
-8.318270906275014864e-01
-2.724653500094033287e+00
-1.684046759668051507e+00
-3.282420029565695785e-01
-1.830062341512595125e+01
-2.251534484949884174e+00
-1.239105232915966415e+00
-1.513594476927574028e+01
-7.609785485109826553e+00
-2.606993187547832491e+00
-2.379317964817447617e+00
-6.560974703303020128e+00
-3.222135867296092582e-01
2.294131882218730656e-01
5.327486729052317571e-01
8.986600276575349433e-01
-3.511474439908109257e+00
9.340856682197244965e-01
7.551969515855766479e-01
-1.645279157547954396e+00
6.163854385666632396e+01
2.225635689945514084e+00
2.615972733627548674e+00
4.799677997737285295e+01
3.870476046386877922e+00
4.933262619228317436e-01
6.140131813255746973e-01
5.510361444373635287e+00
-1.506919441120909919e+00
3.626768140994396372e-02
8.254372704159391727e-01
-1.891378410659431797e+00
4.573933447669822350e+00
-7.438414636617783904e-01
-2.156351743732964898e-01
4.025426260203908591e+00
-1.416532148951183956e+01
5.767861892333820961e-01
-6.556662140452365062e-01
-1.459169674793208848e+01
4.920388753378069246e+00
2.810960154948562550e+00
4.001915831853672945e-01
4.764502795710382488e-01
-2.053652587451417766e+00
-4.851078232899459497e-01
7.935012986504162980e-01
-1.143127657616013870e+00
-2.028903848819039180e-01
1.501226495833218433e+00
1.227413119474211750e-01
1.284781122865076564e-01
1.544368136688326343e-01
-4.896900390236622602e-01
-5.903128386863957244e-01
-6.446430057064924668e-01
-5.051913738333671233e+01
9.126508271004556860e+00
3.116044643849752216e+00
-3.520125890952270709e+01
3.000296920597393946e-01
2.161755683910356218e+00
2.018222086438503204e+00
3.127655913279463018e+00
-9.638005503363541449e-01
1.145464501357652820e-02
4.467301695743109194e-04
-6.794849143001128189e-01
-6.301898890990660640e-02
-1.027788592625234892e-01
-7.283344307542853613e-02
-1.943565967852772525e-01
-8.799833698038281682e+01
-1.827207066801367219e+01
-1.812216008961669189e+01
2.463588626948876037e+00
-7.138112525101405481e+00
-1.421345924471117961e+01
-1.424359084275834064e+01
-1.006698752435979145e+02
2.512902286011841624e-01
8.928392882277882969e-02
8.880794284555861007e-02
1.862201136140789748e-02
4.137401476292249664e-02
8.488808516831417017e-02
8.509420889266233745e-02
2.601258056527989693e-01
-1.331457869634109414e+01
1.599214433351881182e+00
3.245829393338329760e-01
-1.262209486964121297e+01
-1.853834785576975719e+01
-1.477947430815661933e+00
-2.980111453038380542e+00
-1.444292563374898641e+01
-4.067755149762417588e-01
-3.621921632043385575e-01
1.845919579849501169e+00
1.521449427831327528e+00
3.561272540122188690e-02
6.876087148524770432e-02
8.308793743670410056e-03
3.053003361560676643e-01
9.220455465750053037e+00
3.962832694393586319e+00
4.376842267559483801e+00
1.504781628904686386e+01
1.599904461438611634e+02
-2.659526820045404971e+00
1.203324841969655878e+01
1.668574385890700000e+02
-2.074431644122982921e-02
-2.352293653138190152e-02
-2.163771225880694454e-02
-2.719432193202469747e-02
-3.875482570749146372e-01
-2.991502515712762128e-02
-5.850584574868096521e-02
-3.923517965210001623e-01
-3.399361607231274007e+01
8.571401562234868265e+00
2.225004612559369210e+00
-2.186954053287411170e+01
8.818227876584844083e+00
3.782860422653929966e+00
-2.482744499920951586e+00
-2.308692539677476674e+00
2.208870881860945090e+01
-9.587081262117603586e+00
-7.425732409130247014e+00
1.350077783827360101e+01
1.393458113762264006e+01
-2.153153175391782526e+00
-7.183576225088966760e-01
9.093839342941629766e+00
-1.001094837115747538e+00
-2.535895976706735166e-01
-4.895692735679955665e-01
-1.564633241082225457e+00
-1.098962791326116673e+01
5.317306551497144040e-01
1.938230691428664276e-01
-7.877277941717832910e+00
1.977915986016137140e+01
8.796134899036085475e-01
3.579287093735552538e-01
1.581113332759140810e+01
-4.249868346057241730e-01
-1.692969913735294041e+00
-1.547319836959225148e+00
-7.955170721408469925e-01
-1.481393624420572763e+00
-2.987003765189852889e-01
-9.484945078230042070e-02
-1.993727868666911984e+00
9.425707093445789830e-01
6.621541930021217492e-01
4.863978497559767744e-01
1.766505112094402197e+00
-1.267113451304794358e+00
7.712479124979954026e-01
7.882007593468144391e-01
-2.088460844756000245e+00
-1.058550003215723123e+00
-1.136834868704167834e+00
4.670210328618560336e-01
1.425280451762705458e-01
1.577315109068305465e-01
7.808117044931510431e-02
2.181049970787591885e+00
1.320638468350860295e+00
-1.304077587841224517e+00
-3.409944037709873754e+00
-1.742495118228074014e-01
-1.300279384767175084e-01
5.179734468790070379e-01
1.086640422053839927e+00
1.033936986549572890e+00
1.918562890474337701e+00
-5.649993263266194532e+01
-1.855809558208432408e+00
-2.235655647930272494e+00
-4.454726335530707360e+01
-3.216826144302741142e+01
-1.003654224212653601e+00
-8.691565265359124659e-01
-2.598998016595633231e+01
-2.862112666903229297e+00
-2.769102009463465519e-01
-8.183000000989579803e-01
-2.366240844460534731e+00
2.346430736422777485e+01
-9.678148047374460106e+00
-2.742281164730033804e+00
2.378254585397398913e+01
3.947232441508929490e+00
9.443041939859664335e-01
1.067830801644521710e+00
4.684275829126833823e-01
-9.768012334558559928e+01
1.239768898224867932e+01
-1.936589159302231355e-01
-1.085134668887400409e+02
1.081365841538868500e+00
1.031675706454159069e+00
8.376980160769071926e-01
9.673398708626790299e-01
-5.086996173512934802e-03
-9.484450210750000609e-01
-9.711648598412669919e-01
1.841569583497089033e-02
-4.401625496669913651e-01
-2.793228152513217988e-01
-2.029787753042231191e-01
-4.857848809582522853e-01
-5.266835950505063835e+01
-1.032521839503903571e+01
-3.548943546027444995e+01
-5.276002384840056436e+01
-4.049423289577448770e+01
-2.839190695787166874e+01
-2.227241774035171318e+00
-4.040393766616288929e+01
1.656511228335464159e+00
3.491755161656855955e-01
1.223779820962393350e+00
1.659281834137019018e+00
1.263368246996277700e+00
9.759147820680926788e-01
7.738798100634476651e-02
1.260464701780660279e+00
7.934943166834450778e+00
-1.438967957936223785e+00
-3.781944906830556619e-01
5.562268464661028311e+00
-9.251124912974040271e+00
-3.643000389220907742e+00
9.549910081605265111e-01
-1.910469758415970887e+00
5.555984693056373658e+00
-3.838464566276892587e+00
-2.798458840638633482e+00
3.254101698348828897e+00
-1.128531557899913373e+01
9.826222831045072770e-01
-3.002625554766919502e-01
-8.853629710580007028e+00
-1.349447092088800870e+00
2.341248238857285280e-03
1.673710638362509509e-02
-1.978247285039961056e+00
-1.378052655469613752e-01
-1.749027445464305386e-01
-1.273191626031564272e-01
-3.620820745801181517e-01
6.518549145542023382e+01
9.082457636542500268e+00
9.063507235551320207e+00
3.130896533843608776e+00
-3.105909338789258456e+00
1.170964540162242251e+01
1.180878762859835973e+01
5.459966287095453197e+01
4.126039059749821547e+01
5.210776918461421658e+00
5.199840490499455292e+00
4.888193763522747481e+00
9.238896912406768802e-01
6.680399657307090955e+00
6.736411670988066369e+00
3.921180290496130993e+01
-2.442881921296064363e+01
6.227801586518099120e-01
3.028580226345038984e+00
-2.578053086067266975e+01
-2.536537903513317715e+01
-5.222490065501339096e+00
-2.690820618198872083e+00
-3.322951998433766363e+01
-7.139278180392554241e-01
-8.093008889380592930e-01
2.956766741690622258e+00
3.680379036023383232e+00
7.508794029780237189e-02
1.335805984773442423e-01
6.357560654223902430e-02
5.794166084850470577e-01
-9.689324949158214295e+00
-2.293137605951264479e+00
-2.029599209041152985e+00
-5.080661693419984637e+00
-1.144914359817807252e+02
-6.657022450676142178e+00
3.500573081943050280e+00
-1.085800154429637274e+02
-6.589557350893714194e+00
-2.414060291529872782e+00
-2.155378224502975559e+00
-5.344058030501445344e+00
-5.910889541526744040e+01
-6.288179963616530976e+00
-1.095868347924227715e+00
-5.819027906084644997e+01
-4.019713371427354076e+00
1.064806503716392738e+00
1.075835535955564248e+00
-2.180390289851334984e+00
1.505413589423536758e+00
1.573165639417301254e+00
2.138359576176869670e+00
1.086903328236298316e+00
-6.510387570464365581e+01
3.524610364898988824e+00
1.331744270586531798e+01
-5.831713080910059688e+01
-1.871323682002545619e+00
-1.415330095300016744e+00
-1.550619804484812958e+00
-3.226796688866198082e+00
1.080423470761821569e+01
-1.048008524960931220e+00
-3.068813730198380441e+00
9.860213327461755384e+00
-1.437440530419128848e+01
2.648936506686582620e-02
1.963676727175502013e+00
-1.258422173400679434e+01
-1.823699450448688708e+01
6.192782397774551306e+00
4.859675476570224362e+00
-1.150834398622385280e+01
8.571721838197325027e+00
-1.244926347828274604e+00
-1.364147145547408346e+00
7.848289937735690280e+00
1.324717979100148391e+01
4.734184905279206212e+00
-9.077734514529206544e-01
6.650667739052638083e-01
7.783892294680746282e+00
-5.529018221194670346e+00
-3.989667059601901489e+00
5.269233780491616947e+00
3.768898046494601473e-01
1.260891924164450284e+00
9.213859642542462369e-01
1.007005273986327110e+00
-4.761151807530451663e+01
9.357563141183831590e+00
2.458486952234560707e+00
-5.437729456306968956e+01
2.762421125346647077e+00
3.510561564049317074e+00
1.345473904026870837e+00
-4.419416672450230399e-01
2.214569529438332740e-01
3.275303321636482856e+00
-3.320547228334705392e-01
-1.142613544393318525e+00
-3.342515563207698648e+01
2.432126273548858908e+00
-2.360455002134628444e+00
-3.582800743513141128e+01
-1.527168423480513049e+01
4.660994879959068804e+00
1.325755511830044808e+00
-1.728946667818945926e+01
3.715761079079608464e+01
-3.297979742234379064e+00
6.144157720103128328e-01
4.005217822607194478e+01
1.921852847137798248e+00
-1.445803075356824445e-02
-2.690681079942657851e-03
1.300143478278585896e+00
1.351845280218096912e-01
1.611510663662181209e-01
1.182381883712204790e-01
3.430062570708824476e-01
-3.088076003382250745e-02
-5.160724632067668904e-02
-5.145517005213552653e-02
-8.794133080889263154e-03
-9.327073774503981743e-03
-5.482270374894203380e-02
-5.497062464371338386e-02
-2.484489003462227869e-02
6.825934162278147710e+01
1.170002220039530627e+01
1.160257979343467838e+01
1.603451890008966707e+00
8.505947440197004994e+00
9.022590826609926395e+00
9.041548810927029223e+00
7.182974745807933914e+01
2.339614418688742958e+01
-5.903566036657044158e-01
-2.880107200387365562e+00
2.469008229260930776e+01
2.372836474705494325e+01
4.880613976943046772e+00
2.541107097506278389e+00
3.121601299458275847e+01
6.865266372943054085e-01
7.794058180343090836e-01
-2.832916984357130463e+00
-3.549404763595459755e+00
-7.337114694161790684e-02
-1.280787600593845388e-01
-7.227700047203285127e-02
-5.518495137114668436e-01
-1.053000984288831633e-02
9.462289015128641859e-03
1.306902673950063355e-02
-1.087875029725581151e-02
5.130382992248672114e-02
1.514665896539977609e-02
1.599830756700197643e-02
5.813526638426934345e-02
-1.148001907107710551e+01
-4.198072692497692771e+00
-3.745582428738289948e+00
-9.311468988496880428e+00
-1.028927962218585179e+02
-1.094015991134565269e+01
-1.898627723542413603e+00
-1.012896181427075106e+02
-4.423213209209052366e+01
2.786374425342153405e+00
8.633149660882722953e-01
-3.185231886770802134e+01
2.031865552094929139e+00
2.108950570691192627e+00
1.841827510887722452e+00
3.511874706847871064e+00
-4.287085358687063863e-01
5.904887789031963985e-01
1.172083535848038816e+00
3.872239377300410901e+00
6.145634068850445608e+00
4.035715455774949945e+00
3.623771633029048811e+00
6.426532012814355710e+00
-1.606197523055630327e+01
1.210368088758408289e+00
1.098262222633604956e+00
-1.182074890754077501e+01
