5.018191531696867713e+00
3.961608250636815853e+01
-2.274889823714719428e-02
3.295482350821041351e+00
1.304542152443265479e+02
1.739528824205592272e+01
4.337435521360828972e+01
1.620182823405727746e+01
1.404011953693369037e+02
-4.059197279035323014e+00
1.042039974524868917e+01
-1.440814918361453678e+01
1.395662857262297791e+02
-3.408100156556594040e+00
7.983647632664917282e+00
-1.889259930074317850e+01
1.509219307054010244e+02
1.396493771638529857e+01
3.590533610993649649e+00
3.526476332952729109e+00
1.186915189642314061e+01
2.404167132890321312e+01
5.106494354099878841e+00
5.327771952484382290e+00
3.151047257201274476e+01
-7.767968626028369794e-01
-1.150429557334899577e+01
-1.103321615628540897e+01
-5.600869964340260410e-01
9.775549644276166905e-01
-2.291427029618753508e+01
-2.801953298163788375e+01
4.750896282301968893e-02
-3.092626122121451826e-01
-7.086663007083966737e-02
-3.775372367506589222e-01
-1.717982876396791925e+00
7.140802303014874841e-01
8.770796420356081757e-01
4.942290834624185059e-01
4.189854309619107930e-02
-3.546284969372305529e+00
1.560992784782829546e+00
-3.917283369975493645e+00
-4.438670032861166348e+00
-8.410100933090191022e-01
-2.155727290862759382e+00
1.139571320418627298e+00
-6.135213411585490606e-01
2.698591661187774093e+01
8.976051026371475672e+00
8.778030718094665730e+00
3.413493133172604388e+01
1.256689920347723088e+01
6.096941293361552994e+00
3.846658540230122547e+00
9.945811183096770591e+00
-1.003744521148372115e+01
-2.584359704873059105e+00
-1.804756556359292441e+00
-1.228742146979320715e+01
-1.408133889757497670e+01
-6.452561116588880097e+00
-5.382789586195865006e+00
-1.134850863596990145e+01
-2.810031049679533321e+00
-3.382707331730693934e+00
-5.644320052290326961e-01
-1.470787390082555435e+00
-2.072766426282419139e-01
-7.949218749999835409e-02
1.388034123589506064e-01
-3.040990501920768363e-01
2.582560726590529043e+00
9.496541188387543908e-01
9.849127601565049739e-01
2.552891089452148154e+00
8.996370260792810214e+00
1.103559427273756444e-01
9.552560449974253909e-02
1.286540470450735008e+01
4.679286858976144714e+00
-1.090597336687378682e+00
6.630322802175285801e-01
9.043660332716029204e-01
-1.072090181897860539e+01
3.604445174953064407e-02
2.202288333696799938e-01
-1.005278143034522564e+01
-2.556862408424842137e+00
-8.806423611081634073e-01
5.771806318672596525e-01
-4.473476610195092462e+00
-8.067908653849386463e-03
-1.669170673078876690e-02
3.991028502695588565e-02
1.746641054258399217e+00
-1.279381207298684320e+00
-2.753569186630496213e-01
6.140864485124056943e-02
-1.115196184413931091e+00
-4.317423123596461632e-02
-4.426864095982446790e-01
-3.670802125716706166e-01
3.503352175206417979e-02
1.445303278751538123e+01
1.496400321580056669e+01
1.800097025904030090e+01
-1.783458773615129900e+01
-1.769651081410558646e+01
1.836461204022793225e+01
1.333067133098569457e+01
1.939383796359172152e+01
3.140983522327992272e+00
2.099122794109532730e+00
2.111753671447907710e+00
8.684236847813275872e+00
2.734595171559539573e+00
4.456385580606025520e+00
4.391179449075437446e+00
4.462010990285147471e+00
2.529484714004186507e+00
1.680282297830401728e+00
1.801937869822573868e+00
3.843539201183423515e+00
-7.434851401818302064e-01
3.758789789939331438e+00
7.878963253500614883e-01
-1.671776677967837355e+00
-5.946526750494205427e-01
-1.836446005918406649e-02
1.358287105522635596e-01
-7.374451429980480865e-01
-1.966062549659616687e+00
5.825081450986850928e-01
-8.740448796278510457e-01
-1.683004011805103062e+00
-1.907079104344288067e+00
-3.643440616094620887e-01
5.725538412458877069e-01
1.016437524528621905e+00
-7.158843037747560922e-01
-1.422058627136983500e+00
2.256196649331024595e+00
2.262650853617148572e-01
3.005428758110917017e-02
2.141367085788790370e-01
5.555357971175403087e-01
-4.394980050373916147e-01
-6.186098924355367679e+00
9.300083424231521401e-02
-6.690911114349515909e-01
-7.919350583036685265e+00
1.251592028673533719e+01
8.554117002934372715e-01
1.244895174336976940e+00
1.186195700125533037e+01
-5.477458894612754481e-01
-4.944600767075448822e-01
1.756206312149920734e+00
8.202964729982321623e-01
-2.112243058717393751e+01
2.441074830112319560e+01
2.436526894779176899e+01
2.639720639680117031e+01
2.577273310341999135e+01
3.223711394158187460e+01
2.955465324007575489e+01
-2.386876202866236696e+01
8.731771561770029777e+00
-4.607328561519816734e-01
-1.209847912321577956e+00
-9.929319408426910964e-01
-2.451897410122100496e+00
1.115277819081186284e+00
-6.522392454084935398e-01
4.617455217104510012e+00
-1.645654267434982332e+00
5.309378965196750455e-01
-2.133810970201922341e+00
-1.991981690815496642e-01
-5.238791764051734745e+00
-4.597192383923895224e-03
1.565073780087621880e-01
-2.608521607828548916e+00
9.805694979605745765e-01
3.500428140644522290e-02
2.024324940561914310e-01
-9.131916348304092157e-01
2.882164879927539558e-01
1.889855129789199117e-01
1.926741118456441471e-01
2.795556849795066245e+00
2.172724697501700053e+00
2.476854245478803673e-01
3.964534172537664269e-01
-3.425766419398979523e-01
2.523771461457078868e-01
-4.055386311538580202e-01
-5.002432405779260183e-01
-2.857821195447404872e+00
3.243023501669991537e-01
-7.950536966429793129e-01
-3.381185146276346476e-01
-3.869817881282804350e-01
-2.472175980531312156e+00
-7.118792707001325937e+00
-9.541421233623738729e+00
-2.295970819823158315e+00
3.325066175879510144e+00
1.208704139734404215e-01
2.237603479722267974e-01
6.288911108528892235e+00
-9.471139264305880046e-01
-8.818590336355054404e-01
-1.023585167498585635e+00
2.703574315248551962e-01
3.073166083590774988e+01
3.866600020258243831e+01
3.846435526770256530e+01
-3.706472117350589457e+01
-1.871918277723586499e+01
7.460542686925587930e+01
7.484009899443111635e+01
5.520283640179935958e+01
-2.375507638467052374e+00
-2.017541266814580236e+00
-1.944035102757221134e+00
8.677488857685430546e+00
5.588870421762956120e+00
-2.193227063276473210e+00
-2.003135861746388802e+00
-3.609203667091169798e+00
1.537409855769461542e+00
-4.638588408120442041e-01
-6.395419741514335054e-13
7.369125599111875208e-13
2.571585305721431625e-01
-3.054240631151417321e-02
-5.887450690335573056e-02
4.718071992098981510e-02
1.054930667119336799e-13
-1.851182344217012607e-13
1.051793826469430839e-13
-8.816324814966254474e-15
8.228621178500962197e-01
-4.755300788466849276e-04
9.833579881681826784e-03
9.302209689349743016e-01
1.915523032845058508e-14
1.719047081888050503e-13
1.295650634601306094e-13
7.100133892144474425e-14
-1.115379050925878968e+00
-1.654925658830500579e-01
-8.637188451712902316e-14
1.525303421129491638e-13
-7.901006690063047122e-01
-1.392958892952397831e-01
-1.419906771476057983e-01
-1.848090277778317692e+00
-4.118663514688982730e+00
-9.846929261275391809e+00
-1.040722238829323487e+01
-4.178812511697276300e+00
8.673348865499320937e+00
8.546175269048217338e-02
1.964947643023503554e-01
7.349417278262796671e+00
1.599301384326030195e+00
4.266450949407023074e+00
3.927125531693447247e+00
1.314058044858046115e+00
1.180595142660545918e+02
2.640258712649269341e+02
2.636788637728621438e+02
2.578221905067070807e+01
-4.416691900341667321e+01
1.253656887554418660e+02
1.258884909980515943e+02
4.570032044329763465e+01
-2.000871551698742701e-01
2.614970856533091581e+00
2.691325504233515797e+00
1.065527398772305823e+01
3.124975223921844236e+00
-5.495960105046543198e+00
-5.100742701161788517e+00
-6.673128529824772670e+00
-7.759846868235473205e-02
1.043639893083894155e-01
9.950537839105683124e-01
1.922837545377404922e+00
-7.798811431625885859e+00
1.817662227813662268e+00
-1.105053800363678507e+00
-1.507276722119612833e+00
1.331749847374745499e-01
-8.205350783555698246e-02
-1.080713268209765182e-01
4.778009895197587453e-01
4.261437347373944640e+00
1.467737268516042137e+00
-9.619677197798307544e-01
7.455794350325677833e+00
-3.525998740847020169e-02
2.829169528403455494e-02
-2.911068423763867763e+00
-6.651714171201031367e-02
-2.382356674287891884e+00
-8.491464886191135708e-02
9.413023244883805471e-03
-3.846750180250364082e+00
-1.845685404339434399e-01
-3.064564842210324228e-02
-1.132119082840860567e-02
1.158129930945863383e-02
-5.403954436701461675e-14
5.153624680425998870e-14
1.685064584742866527e-13
6.643818709889652269e-14
-8.342011834318776575e-01
-1.101775147929328763e-01
-2.662475345159686160e-02
-8.939447731754347481e-01
1.565629416860631009e-13
-1.051719939009339914e-13
6.480097224228739945e-13
-4.458321807105771166e-14
3.288723068020172668e+00
7.116664440884664655e-01
4.964718231841670480e-13
-1.651118344621328186e-13
3.726351050570558820e-01
-1.396350827991560628e+00
1.294016773983245009e-13
4.640887157288899876e-13
9.340464056052346642e-01
4.911102831833460414e-01
-9.905698687156824223e-01
1.294742494926240939e+00
-1.344200721153937961e+00
-2.951505742521652653e+00
-2.877171940471813519e-13
-2.199820666632333110e-13
5.239278229783174146e-01
-4.606847879676963936e-02
-2.946930473372178644e-02
9.361344304733689725e-01
2.179054330199754202e-14
1.365498749932133095e-13
2.539026777371204903e-13
7.990259580301257648e-14
-4.357421104532976930e-01
-1.746129191317526974e-01
1.838338264299706482e-01
-2.666633382643221140e+00
-1.680358339684712761e-13
1.498831942998624134e-14
8.167292835062040695e-13
1.896248338198530776e-13
-7.148493144587956261e-01
2.737157229337872782e-02
-6.861288191302137405e-13
3.064166737084492793e-13
1.675998468200162961e+00
2.929401589919924942e-01
4.262000742375604556e-02
1.323828258114245982e+00
-1.802653731868343545e+00
-6.800025453673194664e-02
-3.004090482852407318e-01
-2.298320021743011310e+00
-4.490937713969438416e-01
-2.471882240014297849e-01
-6.388141693878509608e-01
-1.915125610302088055e-01
1.057983589228592969e+01
-1.379098956208429172e+01
-1.388563390996011293e+01
-1.167097785750120309e+01
-1.654568584643780937e+01
-2.117887289590461108e+01
-2.109396585945117053e+01
7.264002623952712234e+00
2.832531087966933647e+00
-1.048157054862241999e+01
-1.052170854992861138e+01
-8.705634073533802919e+00
-9.000696454529512280e+00
-1.233122932244630121e+01
-1.204656704374714415e+01
4.228499166693191924e+00
-2.026503297994362640e+01
-5.399158750635748127e+00
-6.347426685173755523e+00
-1.591304091541359789e+01
-6.992218551597241261e-01
-4.898478930822945721e+00
-6.549004993040845324e-02
-6.822628008834381586e-01
1.347991545602454799e+01
6.659830677522097453e+00
6.930713601769309840e+00
9.271252441012626022e+00
1.027438221250285366e+01
4.211421788701256830e+00
2.098905300230175186e+00
9.918440865191858080e+00
-5.588616877287997525e-02
5.435740506106889747e-01
5.005339826430178080e-02
5.147424525802643536e-02
6.264348179959886576e-01
-1.597218760064287868e-01
-1.230202981811025914e-01
-7.366334872293674174e-02
8.688019625525977840e-01
-4.035788724991255794e-02
1.111797631803746744e-01
1.727987832535194279e+00
-2.840611500935959821e+00
-2.648207692384915379e+00
-8.797580335554950892e-01
-3.496072339362160109e-01
-6.927884464789435093e+00
-2.007914572078073057e-01
-5.756305425178994684e-01
-7.328679050067378853e+00
-1.113963602822046317e+00
-2.219996585698915226e+00
-2.686060450334885719e+00
-1.145733635593085831e+00
-3.860894363897964254e-01
-2.111013983976359896e+02
-2.115003150952520912e+02
-1.020806033666079458e+02
-5.915797432771513087e+01
-1.246458143650000068e+02
-1.242908422363517928e+02
4.280541131922485931e+01
7.192189011849619895e+00
-8.132062918579791244e+01
-8.152247490818716358e+01
-4.203493930980285143e+01
-3.059215619717305401e+01
-5.597503614102231495e+01
-5.588343758854475851e+01
1.933509500961298500e+01
2.263878300092431406e+00
5.487454256835737176e+00
7.013254043574102425e+00
3.681135472191515934e+00
1.191728284396135207e+00
2.274211814486842009e-01
8.317367649722354206e-02
9.224358081978858426e-01
3.221737882718738732e-01
4.411497161006571188e-01
3.589785126046854402e-01
2.181326350691574767e-01
9.531356656197720767e+00
1.914317186585381592e+01
1.909798983543366546e+01
-6.589163513081273571e+00
-7.732096813106424937e-01
3.093302991155491455e+01
3.099694363255761687e+01
1.524975210403025194e+01
-1.200887073005971040e+01
-2.422607404255500541e+01
-2.416848715032021033e+01
8.337934536271598418e+00
8.855873212834355357e-01
-3.932592129606051401e+01
-3.940654077820072843e+01
-1.934753286832567554e+01
4.110497970033725856e+00
1.424884111910235562e+00
2.031885693561121808e+00
4.616659911225736046e+00
-1.101766680179358353e-02
-1.282824769221985184e+00
-1.306403233005679398e+00
2.250421410484973114e-03
-3.043783278893882893e-01
-1.624883455160016088e-01
-6.451424308955486242e-02
-3.992870354975810443e-01
-3.452426378422998710e+01
1.190842416144927896e+01
-1.697550070694675739e+01
-3.460789505155462820e+01
-5.689853865760866825e+01
-2.780280699248819332e+01
9.517383115846984598e-01
-5.678426254238431170e+01
-3.066201361898544864e+00
1.077163382058818453e+00
-3.069602361062885088e+00
-3.060714329642985732e+00
2.461900012877634436e-01
-1.022245327267499837e+00
2.828781940578275478e+00
2.641468213442532686e-01
9.856918734881970900e-01
3.226284315281216397e+00
3.057112998487077959e+00
1.077446355113390375e+00
-2.311448258028946601e+00
-8.145328275089913639e-02
-2.987558351922630501e-02
-2.297452152761082722e+00
-2.466945524288920444e-01
-7.539077742660881265e-01
-6.450713973519082156e-01
-2.860092789877360930e-01
-1.220139342556873530e+01
-1.686630185355522116e+01
-1.686529486227835406e+01
5.870912574938869533e+00
7.408616109620686174e+00
-1.444277135217455132e+01
-1.451862229919526470e+01
-9.919858330928425616e+00
-2.058171555998862812e-01
-2.523899919185590424e-01
-2.029376918550362119e-01
4.034885217349345327e-02
-3.128261210927984481e-01
-7.406227635870747672e-02
-7.203357512704862409e-02
-3.357487088391038488e-01
6.522979696524734416e-01
1.315569214366018480e+00
1.074455219312744569e+00
4.163805277774779157e-01
1.037357461717550340e-02
-1.121997023698992867e-02
2.262947181379111952e-02
2.617649701191144401e-02
1.576147085190981317e-02
3.373565988105790836e-02
1.033907136602298452e-02
1.612651261992082904e-02
2.167227637615684710e+00
1.062653533614766443e+00
-4.526621717872306161e-02
2.162816226759761040e+00
1.325272015966999950e+00
-4.571853603755473006e-01
6.566215303630354994e-01
1.328444262545981358e+00
-1.733679558555935785e+01
-8.500449527978657827e+00
3.614194847716041270e-01
-1.730151087324409431e+01
-1.060076944487658679e+01
3.656992773881496461e+00
-5.251899672545523146e+00
-1.062614738109773249e+01
1.594372889109254343e+00
6.441189281877855999e-01
1.044222645886191847e+00
2.023250452257392418e+00
5.583031226601069957e-02
2.532259388937852518e-01
1.877494335847621487e-01
2.129536424377381776e-02
8.410845181808644655e-02
4.688327178914145077e-02
8.140521899737220013e-02
9.717231229695004469e-02
-2.592110438313572018e+01
8.942012948499677094e+00
-1.283413366638134612e+01
-2.598322847824044146e+01
-4.241878622437742763e+01
-2.079269106770244591e+01
8.698849985880606761e-01
-4.233254730970796942e+01
2.836445225990443131e+00
-9.778241938889191687e-01
1.352743168680435870e+00
2.843701187777456507e+00
4.817010428520037912e+00
2.323275980020202525e+00
-4.136256510627873799e-03
4.807833804855797588e+00
7.462158341698537090e-01
2.074262790726055350e+00
2.078395851651286375e+00
6.226344947099303750e-01
-2.081132073858325826e-02
-1.416586254314168070e+00
-1.462514406524507260e+00
-6.916940318757792971e-02
-4.752385928145586580e-01
-1.485370396593506392e-01
-1.997039702685635132e-01
-3.757542516266564880e-01
-1.872632685885448467e+01
-1.313964922140051250e+01
1.027952620165704190e+01
-1.862379491583309488e+01
-2.263858927832969314e+01
7.879403917184080619e+00
-1.660660617764736458e+01
-2.264462586911658093e+01
6.161977326170526847e-01
4.242930319969454023e-01
-3.450437433665926590e-01
6.127764004840089429e-01
7.395903109574613055e-01
-2.581749186570594934e-01
5.404997999812467535e-01
7.385421595626709967e-01
8.648709594715332516e-01
1.735413579962413522e+00
1.411123489367490214e+00
5.496650563545163459e-01
7.189776859516973373e-03
1.425712385811320725e-02
3.620079209559323025e-02
5.328113949181002146e-02
4.766867771752638511e-02
2.861480017922911692e-02
2.763478669423852230e-02
1.696206061511119217e-02
-2.743054665674908676e+01
-5.595019303572783542e+01
-5.583636169501282609e+01
1.160053323100867395e+00
1.179951499327786735e+01
-3.420417205573691888e+01
-3.428608650570683380e+01
-1.694218904687898331e+01
8.712533314289480080e-01
1.779083638117765043e+00
1.775479896804431856e+00
-3.445746667849610562e-02
-3.742310504366652690e-01
1.084862147295405421e+00
1.087471998640976212e+00
5.360344374994825412e-01
-5.831342848699989645e-01
-1.191193503177907287e+00
-9.834788865189888485e-01
-3.763294106712670728e-01
-8.417283796588697145e-03
4.760044534493237944e-02
1.940187475826929756e-02
-2.085759463192538021e-02
-9.513144971656471716e-04
-2.515443408587765897e-02
-3.703085063626090998e-03
-3.770305550516966919e-03
1.155367531530174796e+00
5.665055890354646628e-01
-2.412164494084815744e-02
1.153015836983244169e+00
7.065023111054753446e-01
-2.437253750278776665e-01
3.500392975581661514e-01
7.081934844098077830e-01
-6.063852508546092590e-01
-2.973243234088990272e-01
1.265623701106960604e-02
-6.051510079326785085e-01
-3.707976768013161450e-01
1.279157654500541197e-01
-1.837110617294910875e-01
-3.716852834595110178e-01
1.987771669829882237e-01
5.079027681970487151e-01
6.271618081689992463e-01
3.140146065314537993e-01
1.363612881204911802e-02
2.701882641322227510e-02
9.884909673245638809e-03
5.342245285921769574e-03
1.293338370787593984e-02
1.827632524427196328e-02
7.231153359977786008e-03
1.209492649392981609e-02
5.647713136390760669e-01
2.790837390155267994e-01
-1.943654660344655005e-01
5.634220510609868615e-01
9.197319988408652058e-01
-1.912038302500722320e-02
4.518386049242707481e-01
9.216070982417193802e-01
-5.776565556788929356e+00
-2.854491125296495735e+00
1.987998784425877963e+00
-5.762764928512929430e+00
-9.407221102621464937e+00
1.955325320596821015e-01
-4.621490487043631745e+00
-9.426399803468958893e+00
3.095186263393577164e+00
9.265622148409401460e-01
1.091553332935703224e+00
3.059293082312672940e+00
-1.016902440161116528e-01
-2.209875510918417163e+00
-2.147085477805485532e+00
-3.138932236801422054e-02
-5.748770920351325975e-01
-2.980923983786317177e-01
-2.270838302792527741e-01
-7.187472593910207985e-01
3.650852249118173631e+01
-1.270703356380253979e+01
2.680505382586092367e+01
3.651826502729811352e+01
3.011792532977884917e+01
2.116867060153895963e+01
-1.661773469530683656e+01
2.995246823988417972e+01
6.386845071692038189e+00
-2.222987657894120339e+00
4.687980874285349486e+00
6.388527518060140409e+00
5.273306576343658847e+00
3.704324163950732274e+00
-2.905127206443758325e+00
5.244365816697054150e+00
1.244315179149623196e+00
2.487466544302404436e+00
2.016068568388694526e+00
7.882913303802113747e-01
3.351930708880160315e-02
2.104039544821210625e-02
5.365202984006554182e-02
1.011041154391867092e-01
7.166917073022234519e-02
4.927372410201131397e-02
4.632615412048296522e-02
2.782099715864740780e-02
3.310828877432663830e+01
6.753086078014969473e+01
6.739346647809685464e+01
-1.400463060010202376e+00
-1.424191820969620359e+01
4.128415015746377037e+01
4.138301876432956306e+01
2.044924433213364523e+01
6.567705523786631971e+00
1.339617514224696038e+01
1.336892046726467775e+01
-2.777513032494055012e-01
-2.825161908873659922e+00
8.189516623072027102e+00
8.209129431191746207e+00
4.056473747731273782e+00
-1.920853923384937989e+00
-5.406560156139691209e+00
-5.480001860987794515e+00
-1.635872649662738709e+00
5.658574448473820823e-02
3.834241596677267605e+00
3.948630833596193934e+00
1.831775442052790137e-01
1.284622846839553079e+00
4.070747422906234592e-01
5.333051509833545145e-01
1.027094593877623918e+00
-8.746306609528891940e+00
-6.143653552489006131e+00
4.816466226805825812e+00
-8.698318484071089429e+00
-1.059153055818322287e+01
3.686420993559097248e+00
-7.773863262245194861e+00
-1.059437705038868316e+01
-1.893384659054385821e+01
-1.330430690981621744e+01
1.043810865289926859e+01
-1.882988779751118003e+01
-2.294141200158310312e+01
7.984881383926762055e+00
-1.684148184140190452e+01
-2.294755260996453927e+01
-7.303924484813938411e-01
-3.651893266323905651e-01
-2.314489681011036026e-01
-5.922278251765095147e-01
-6.154932218066589203e-03
-8.954177306644732839e-03
-2.874091274206504870e-02
-1.568633485372810527e-02
-1.334579142146439211e-02
-8.034839231884810182e-03
-2.091626293607005624e-02
-1.415226002546275327e-02
4.451187440314023469e+00
-9.249901058096837714e-02
2.186728913143227260e+00
4.460262036285791432e+00
2.733257427489210745e+00
1.350628496243132970e+00
-9.406474069084553857e-01
2.726727380867610240e+00
-7.879879662297688547e-01
1.639582760631452807e-02
-3.871222120938720979e-01
-7.895945662979962920e-01
-4.838886631258283444e-01
-2.391231145186702711e-01
1.665299092590013519e-01
-4.827327015247634412e-01
-3.794712618769422452e+00
-1.483420137958693541e+00
-2.341137705721423323e+00
-4.681104340804938424e+00
-1.007731150527401698e-01
-1.875532524927280564e-01
-6.053362229700524899e-02
-3.952909492738752861e-02
-8.644366998085603604e-02
-5.197096202610880511e-02
-1.345059336384651638e-01
-9.182144571995280724e-02
-1.033333785222994017e+01
3.564722812236721605e+00
-5.118402518778088606e+00
-1.035808447237572238e+01
-1.690283982901241089e+01
-8.286937746852503395e+00
3.505307870281442195e-01
-1.686845032425248547e+01
-2.722022650243614095e+01
9.390243872493194033e+00
-1.348296980461728900e+01
-2.728541439804588009e+01
-4.452570057275296023e+01
-2.182956947722611929e+01
9.233743009073565045e-01
-4.443511124389755906e+01
1.235102148872583960e+00
3.474294527657153075e+00
3.520327346678657321e+00
1.051236748312875724e+00
-3.626801713090569562e-02
-2.460099345537209103e+00
-2.533410315025069082e+00
-1.174503434867545382e-01
-8.241683948284439509e-01
-2.610421186373181324e-01
-3.421611598842161928e-01
-6.588914763943567454e-01
-1.485850589131898758e+01
-1.044042970279092941e+01
8.190804943586986298e+00
-1.477692716646213178e+01
-1.800279838401362653e+01
6.265968779288771273e+00
-1.321583852359380629e+01
-1.800761781943055340e+01
1.282855624926288796e+00
9.013981039854914723e-01
-7.071621584826400797e-01
1.275812377913525753e+00
1.554306219171948333e+00
-5.409845704655082965e-01
1.141009383660232412e+00
1.554722079229792220e+00
1.533934496318860585e+00
7.671583071559471279e-01
4.860966148517181784e-01
1.243477083725999410e+00
1.295304323825661151e-02
1.983198664871161504e-02
6.145433338942542234e-02
3.302167650490964862e-02
2.832524495176667531e-02
1.702956658568090600e-02
4.407518794437109005e-02
3.008719928566287380e-02
9.133417683512415897e-01
-1.897955382611428779e-02
4.486960411802038973e-01
9.152037876034975206e-01
5.608382765440050877e-01
2.771358426411527076e-01
-1.930118460014816351e-01
5.594983716491298553e-01
-7.933184368769450323e+00
1.648537559725642421e-01
-3.897323379163170731e+00
-7.949357656156518459e+00
-4.871377900835635266e+00
-2.407170328436825102e+00
1.676479081368268842e+00
-4.859739635788205447e+00
1.386942777242671454e+00
2.773193953492254060e+00
2.248076629756830869e+00
8.788121334420491149e-01
3.585609515127741870e-02
2.341780453409901194e-02
5.969990137627689125e-02
1.111050931099214628e-01
7.968363098684148882e-02
5.439521106449247967e-02
5.120965290148536686e-02
3.078797556903838453e-02
-1.801768056937400431e+01
-3.675060372605496184e+01
-3.667583314716074483e+01
7.621338757218737436e-01
7.750515314658861676e+00
-2.246701846286704907e+01
-2.252082322118283031e+01
-1.112856740604942196e+01
1.768768828147941230e+00
3.607751985831289421e+00
3.600411869808815890e+00
-7.481750792586443211e-02
-7.608565198687838871e-01
2.205553668572872716e+00
2.210835601575497300e+00
1.092474830876873471e+00
9.804621858279246593e-01
2.757890396148923173e+00
2.794404088986339740e+00
8.344895017049503982e-01
-2.878351059949245047e-02
-1.952646802977007212e+00
-2.010814445119959881e+00
-9.321042903609458308e-02
-6.541562085373102686e-01
-2.071888927665247182e-01
-2.715714928874221612e-01
-5.229828187603204892e-01
-1.053771953057376010e+01
-7.404410694584790065e+00
5.808982233560246122e+00
-1.047986335863458507e+01
-1.276769605142017916e+01
4.443863923589804976e+00
-9.372761814789068779e+00
-1.277111398478896298e+01
1.318761298991506292e+00
9.266376792896057202e-01
-7.269748272644055431e-01
1.311520789923751984e+00
1.597835085617913542e+00
-5.561349283183262271e-01
1.172970124021491145e+00
1.598262822700705632e+00
4.600886503866273292e-01
9.199496328862253325e-01
7.457540838684771911e-01
2.915276357124946260e-01
7.768257116549257858e-03
1.189012928034994740e-02
3.685213800607132356e-02
1.980387201183222631e-02
1.804292335501118949e-02
2.643276170859842206e-02
1.021260990004620693e-02
1.698647203656103444e-02
4.326370040204584599e-01
2.121084982113804751e-01
-8.972026104062119298e-03
4.317567866541934807e-01
2.644871822142790263e-01
-9.124094324867530748e-02
1.310081914052035057e-01
2.651205848513775720e-01
-1.428241546660466099e+00
-7.002225095686045453e-01
2.961886796379006523e-02
-1.425335731884415980e+00
-8.731374715152934174e-01
3.012088745119437250e-01
-4.324903737097373635e-01
-8.752284899863310708e-01
1.099915055984211243e+00
2.199285796029029960e+00
1.782843624836343954e+00
6.969431446280540676e-01
2.842534272713811982e-02
1.857125575310873689e-02
4.734431080846317891e-02
8.810099804072964169e-02
6.319173183641957348e-02
4.313451092193729131e-02
4.060888956652510678e-02
2.441488193339219279e-02
-1.101559853746821105e+01
-2.246848006059452274e+01
-2.242276703573451613e+01
4.659512542790075762e-01
4.738488111627903621e+00
-1.373582214439247728e+01
-1.376871714519733203e+01
-6.803752037735018021e+00
1.740217557578304319e+00
3.549516022147899630e+00
3.542294389283557887e+00
-7.360984883240044574e-02
-7.485748666105105364e-01
2.169951889165670167e+00
2.175148561666151448e+00
1.074840255298380898e+00
-1.355834298448542308e+00
-8.033144832896168541e-01
-4.469403558834974532e-01
-7.037126043749679649e-01
1.239141900303616373e+00
-6.264649649898818673e+00
-1.313160542250343843e+00
2.786294463279823663e+00
2.958690004717852706e-01
-1.197710859185640436e-01
-1.013937895948388290e-01
1.692960142666423418e-01
3.276770916099438047e+00
-9.708469084978206265e-01
1.456741466046442168e+00
2.805006686341578348e+00
-6.596779336704805541e-02
4.315016270934503018e-01
-9.542564020772809075e-01
-1.694062540881153378e+00
4.890426723575884149e-01
6.596421621536243673e-01
-3.771084756033538654e-01
-3.760327748884689569e+00
8.403009251741825336e-01
1.414844020146264758e-01
1.007331630665611183e-01
1.702761614345545516e+00
3.562767990123780759e-01
-2.369953222087057387e+00
1.707605292476455316e+00
5.097022212952339038e-01
4.892224004976738483e-01
2.446717992162468214e-01
1.550322430208457836e-01
3.965864088097219020e-01
4.131109783805030425e-03
6.323397010838826930e-03
1.959802892641798744e-02
1.053157632184662483e-02
9.033370941416717786e-03
5.431037803006931453e-03
1.405679214948019930e-02
9.595204819005234698e-03
-2.087640456260467792e-01
4.338174137780680291e-03
-1.025591940399678409e-01
-2.091896503689452402e-01
-1.281917208861498569e-01
-6.334538452011931331e-02
4.411703276483345398e-02
-1.278854565682769895e-01
1.281782806685706211e+00
-2.663579858826913699e-02
6.296994830389860409e-01
1.284395961842631051e+00
7.870797069239694466e-01
3.889320336379216148e-01
-2.708725725740236401e-01
7.851992857255754021e-01
8.113091079414788132e-01
1.622216354860608112e+00
1.315043965292910455e+00
5.140726169776138610e-01
2.096775089388501490e-02
1.369837768293109478e-02
3.492173184189757695e-02
6.498520259836344792e-02
4.661101894043339494e-02
3.181679622485953512e-02
2.995381025496747854e-02
1.800881279656448702e-02
-3.280232742929820233e+01
-6.690679923346132796e+01
-6.677067466391032724e+01
1.387512949130750517e+00
1.411030349642251558e+01
-4.090262857357462423e+01
-4.100058354020604412e+01
-2.026026105926935728e+01
-9.060396874093341602e-01
-1.848046166633693144e+00
-1.844286242502715778e+00
3.832477443067095618e-02
3.897435325859820443e-01
-1.129779735521091011e+00
-1.132485369367657091e+00
-5.596127481274995041e-01
1.802283197353006017e+00
5.382115243591534259e-01
6.323566121544027530e-01
1.778731234965214014e+00
-6.011874736896858501e-02
-1.296912256502027905e+00
-1.259394336376095325e+00
-1.856470164661050415e-02
-3.373068435348467453e-01
-1.751557340447532085e-01
-1.336307268753909316e-01
-4.219103500959419661e-01
-2.472459918527016498e+01
8.605527114999295790e+00
-1.815032226222387024e+01
-2.473121799085187789e+01
-2.040625239630451659e+01
-1.433861431459966163e+01
1.124907654103716226e+01
-2.029421411248006990e+01
2.056560156098913850e-01
-7.157966019885012021e-02
1.509719879640315232e-01
2.057110701463369662e-01
1.697367121680594948e-01
1.192667768302507203e-01
-9.356828858903563917e-02
1.688047924292026825e-01
3.066991244342424761e+00
9.158856757363890155e-01
1.076089232046377742e+00
3.026904308584840386e+00
-1.023072207653203530e-01
-2.207011196171307699e+00
-2.143164694761891198e+00
-3.159261648454360361e-02
-5.740100550674628321e-01
-2.980700837875069342e-01
-2.274060779317452763e-01
-7.179831831346875637e-01
6.243469525541001985e+01
-2.173072490196495465e+01
4.583329551681229219e+01
6.245140909296195986e+01
5.152997896099422093e+01
3.620794773143305179e+01
-2.840623213628377286e+01
5.124705925970477693e+01
8.863328186824981358e+00
-3.084928111417247099e+00
6.506567166793935542e+00
8.865700909898526660e+00
7.315277496531586543e+00
5.140137612521311183e+00
-4.032593636168797957e+00
7.275113767955933675e+00
7.906504265779167040e-02
1.580909282463648646e-01
1.281558573522360300e-01
5.009826003337616157e-02
1.334956726911279206e-03
2.043369772109453371e-03
6.333030797035209443e-03
3.403249642643980683e-03
3.100658263605733222e-03
4.542412525693856513e-03
1.755022624406992870e-03
2.919104410465369649e-03
5.166340577354164854e-01
2.532896464504474920e-01
-1.071395513382450426e-02
5.155829450003930337e-01
3.158377207426920075e-01
-1.089554938328509415e-01
1.564436051615139545e-01
3.165940993537191828e-01
9.416420168920179634e+00
4.616578600852867531e+00
-1.952776858038960950e-01
9.397262083988373149e+00
5.756609807593872752e+00
-1.985875097233000597e+00
2.851416194644480040e+00
5.770395927001560565e+00
5.994165119607262060e-01
2.006473604395428101e+00
1.980877845819525307e+00
7.046668353048703981e-01
-6.678278965287171021e-02
-1.441931809578562484e+00
-1.400294248049371415e+00
-2.061666292442959972e-02
-4.690676058721960362e-01
-1.484969078542085208e-01
-1.947260982204993829e-01
-3.749959516435837914e-01
4.039031548362845281e-01
2.969279117157192505e-01
-1.405506243702648594e-01
4.037991276011271835e-01
3.297469609040094007e-01
-1.845948053935274058e-01
2.337144582427151951e-01
3.315792474619406183e-01
-6.879160243364324856e+00
-5.048688298050508116e+00
2.393687955846455218e+00
-6.877319576043745997e+00
-5.644808354952592921e+00
3.129096185802004104e+00
-3.988339550634956154e+00
-5.675972831968683963e+00
1.303810275358545434e+00
2.606974813151595516e+00
2.113334985905141128e+00
8.261378670539664126e-01
3.369594304281571528e-02
2.201390583673218035e-02
5.612078385838058237e-02
1.044339606321870589e-01
7.490598308455906351e-02
5.113096257619668267e-02
4.813707196101455615e-02
2.894094713237823843e-02
9.209118411054933517e+01
1.878380849571283875e+02
1.874559208310140264e+02
-3.895385494516547364e+00
-3.961409628465040100e+01
1.148324461638748062e+02
1.151074507008563899e+02
5.687984900945703259e+01
1.188969926549928147e+01
2.425138043687886480e+01
2.420204002961354561e+01
-5.029250356617217532e-01
-5.114492728572267666e+00
1.482577582204926081e+01
1.486128107994055547e+01
7.343637781631373151e+00
-8.345089465261895656e-01
-4.173578268793200485e-01
-2.644518995552650464e-01
-6.764917478510177329e-01
-7.046789142828524533e-03
-1.078628865524105217e-02
-3.342997103669195780e-02
-1.796461448916554515e-02
-1.540897975050789515e-02
-9.264179208101385940e-03
-2.397787472047233776e-02
-1.636734329726764053e-02
1.022039871111966214e+01
-2.123826908800236779e-01
5.020959675300992409e+00
1.024123491477052106e+01
6.275843598686981828e+00
3.101180975921214777e+00
-2.159824329981046898e+00
6.260849908422109422e+00
-1.911335657558091317e+00
3.971807965649500755e-02
-9.389789511953446910e-01
-1.915232274523205103e+00
-1.173657113629146931e+00
-5.799575875032021433e-01
4.039127408467551583e-01
-1.170853115893378149e+00
-2.224469520302701397e+00
-6.257163068026467379e+00
-6.340034445004318009e+00
-1.893302372164169300e+00
6.530810448583142247e-02
4.430327694814684136e+00
4.562311087511527141e+00
2.114888669875144844e-01
1.484207672244539866e+00
4.700920607433081155e-01
6.161675645022939296e-01
1.186587921996851147e+00
-1.859801728053422210e+01
-1.306804399659697324e+01
1.025227631339157242e+01
-1.849590690687811545e+01
-2.253370852208068342e+01
7.842976070526350263e+00
-1.654199020391071784e+01
-2.253974082156474523e+01
-2.914163226974768861e+01
-2.047659857945647133e+01
1.606451191585017568e+01
-2.898163333325149793e+01
-3.530855155206158003e+01
1.228932754911756930e+01
-2.591999957042834879e+01
-3.531800369112632865e+01
-2.939295770866915181e+00
-5.877135789758667350e+00
-4.764279502676041389e+00
-1.862436262223686079e+00
-7.596378960726153651e-02
-4.962791147897382266e-02
-1.265180889955567767e-01
-2.354348118314798233e-01
-1.688672401135962176e-01
-1.152690956585943755e-01
-1.085196997123790003e-01
-6.524416093005734607e-02
-3.587909585146390867e+01
-7.318247365178820019e+01
-7.303358097064477761e+01
1.517657861455872448e+00
1.543381129685444186e+01
-4.473918304520696410e+01
-4.484632591927557144e+01
-2.216061802590430219e+01
-4.886578437602064184e+01
-9.967137946777968693e+01
-9.946859404414388450e+01
2.066984689957094723e+00
2.102018674201075754e+01
-6.093284181120752407e+01
-6.107876579444653942e+01
-3.018180799695413086e+01
1.415879355320089905e+00
3.982696222412960285e+00
4.035443633102585359e+00
1.205090591433646940e+00
-4.156869870287900615e-02
-2.819910699346741101e+00
-2.903918295957235163e+00
-1.346129676163065614e-01
-9.447005424095585857e-01
-2.992143021813668535e-01
-3.921916306441625699e-01
-7.552650902852109382e-01
-2.208695981737318803e+01
-1.551957713502306468e+01
1.217557841180356171e+01
-2.196569378650187687e+01
-2.676097727271686821e+01
9.314299249920802382e+00
-1.964522725462043695e+01
-2.676814121654080836e+01
1.939090752297126352e+00
1.362517464904712261e+00
-1.068936226933388856e+00
1.928444387161117879e+00
2.349438943567638383e+00
-8.177346128563439676e-01
1.724722587420461695e+00
2.350067891025869660e+00
1.075752291273507133e+00
2.150971792138848926e+00
1.743677734634224263e+00
6.816326877605402013e-01
1.816330973473424121e-02
2.780197273997654303e-02
8.616674135530018319e-02
4.630433095056132181e-02
4.218731406956765378e-02
6.180368858991998338e-02
2.387869786159159055e-02
3.971710394704480035e-02
4.446683290939875022e+00
2.180070829196854465e+00
-9.221530124831993358e-02
4.437636335236322616e+00
2.718423794254206438e+00
-9.377828786683617412e-01
1.346514335680593089e+00
2.724933965393678825e+00
-4.737957829354452599e+01
-2.322873696623802076e+01
9.825575152297230108e-01
-4.728318263907304697e+01
-2.896490812766957745e+01
9.992111966404410239e+00
-1.434716106738203223e+01
-2.903427424686699254e+01
1.080313250106684553e+00
2.763538478237341778e+00
3.409055007748601707e+00
1.704949711124793543e+00
7.338729958169738776e-02
1.365648597059353209e-01
4.406308564921735532e-02
2.878685914563447815e-02
6.686227815069360758e-02
9.795208604874876268e-02
3.784512414689850113e-02
6.294726531202692044e-02
-4.647341424836010759e+01
-2.296463668777087364e+01
1.599377186708273157e+01
-4.636238407881406687e+01
-7.568334290303863554e+01
1.572720641812950237e+00
-3.718084035162915058e+01
-7.583763762189109059e+01
4.860875569720202627e+00
2.401980643094964840e+00
-1.672864716177514754e+00
4.849262395879303078e+00
7.916081021852561683e+00
-1.644983367249541750e-01
3.888921041201068185e+00
7.932219440807838140e+00
9.770627234201952893e-01
2.748358439765025807e+00
2.784758086327448812e+00
8.316026927197442964e-01
-2.868551152839850932e-02
-1.945949359557617164e+00
-2.003920884225537158e+00
-9.289301733785303161e-02
-6.519140526588654838e-01
-2.064802528170515683e-01
-2.706415668886810733e-01
-5.211894179354641388e-01
-1.554155580613523213e+01
-1.092039719960487787e+01
8.567382425566281157e+00
-1.545622659822937628e+01
-1.883044226847263047e+01
6.554034724127379974e+00
-1.382342333406352175e+01
-1.883548319912256019e+01
1.896423784742211849e+00
1.332537182661746256e+00
-1.045415787666932328e+00
1.886011677909222639e+00
2.297742841217836673e+00
-7.997415118428473635e-01
1.686772490738823738e+00
2.298357949570000169e+00
1.296587655511185710e+00
6.484544085413639358e-01
4.108824354524230893e-01
1.051074232663870456e+00
1.094868992372945507e-02
1.675879471224823655e-02
5.194058500019074764e-02
2.791186017894336027e-02
2.394113530057593794e-02
1.439387768656762677e-02
3.725474224700398018e-02
2.543015713012469411e-02
3.556193042086770895e+00
-7.389866764639578534e-02
1.747045527928029252e+00
3.563443009973709330e+00
2.183683041112130852e+00
1.079057531955529337e+00
-7.515119978688122870e-01
2.178465978793498348e+00
-2.843366740676706073e+01
5.908594142090225487e-01
-1.396856438829274616e+01
-2.849163478175637820e+01
-1.745971508800431948e+01
-8.627642710416289162e+00
6.008740792950445275e+00
-1.741800188147966466e+01
1.214503426153594523e+00
2.428405342277491830e+00
1.968578268411603105e+00
7.695500547608749020e-01
3.138788684347153246e-02
2.050602362934473427e-02
5.227668957285269008e-02
9.728057610608013828e-02
6.977516307053444056e-02
4.762865755255326489e-02
4.483983833859491591e-02
2.695858573264748453e-02
-2.597765972772732823e+01
-5.298654699744730578e+01
-5.287874374001071232e+01
1.098834810978277510e+00
1.117459313443870528e+01
-3.239265778759800440e+01
-3.247023279495935810e+01
-1.604502512594909192e+01
3.153553907683114943e+00
6.432293520270131459e+00
6.419206760826946301e+00
-1.333928786648674314e-01
-1.356537972058502461e+00
3.932301585938842603e+00
3.941718791729178495e+00
1.947783295922084212e+00
7.501805758443553795e-01
2.512102503829042099e+00
2.479266960198820424e+00
8.813987700667055281e-01
-8.379781419193674252e-02
-1.807716391450580939e+00
-1.755420902043765441e+00
-2.587689630076847949e-02
-5.880849458953292253e-01
-1.862636833323617902e-01
-2.441429648948546804e-01
-4.701595965212272965e-01
5.778751830687767210e-01
4.241045181291648869e-01
-2.010786757939363734e-01
5.777205267327798488e-01
4.741990892822826598e-01
-2.628484784832778032e-01
3.350392579842587093e-01
4.768170010341910570e-01
-1.739231207861555362e+01
-1.276427528314746596e+01
6.051865837016469740e+00
-1.738765738311789022e+01
-1.427197346794403465e+01
7.910951224810991000e+00
-1.008367845349346048e+01
-1.435076476826551151e+01
4.524806871781734130e-01
9.047372731596707851e-01
7.334220953805467014e-01
2.867069207859347935e-01
7.639813493488193524e-03
1.169400785389128165e-02
3.624327521308984279e-02
1.947643119944677745e-02
1.774474014112186609e-02
2.599573871415205781e-02
1.004380813952098460e-02
1.670572550587809055e-02
1.358347576244107513e+00
6.659556647341635660e-01
-2.816940689225613456e-02
1.355583963558460336e+00
8.304086732809502491e-01
-2.864685917429827811e-01
4.113255576298496807e-01
8.323973634144389289e-01
-1.977687443002926670e+01
-9.695987822079455754e+00
4.101327470368498207e-01
-1.973663758489993114e+01
-1.209034296103689066e+01
4.170842180697426294e+00
-5.988698360696058209e+00
-1.211929731391389709e+01
8.975793951953390248e-01
3.005691905534164654e+00
2.966404424162959685e+00
1.054579758373554998e+00
-1.002628536321292091e-01
-2.162905581407499334e+00
-2.100334780281598590e+00
-3.096132872587290322e-02
-7.036348362824128566e-01
-2.228617384721281180e-01
-2.921134064687064269e-01
-5.625389256147241834e-01
-2.044808333399710421e+01
-1.500691589953572702e+01
7.115158490816729575e+00
-2.044261082400521801e+01
-1.677951163596557294e+01
9.300878981479238305e+00
-1.185534714543415369e+01
-1.687214630509748403e+01
5.747861708039198048e-01
4.218374692906048384e-01
-2.000038163381778478e-01
5.746323410776947860e-01
4.716643160982328387e-01
-2.614434090242983566e-01
3.332483283633596582e-01
4.742682338289876398e-01
8.016573459924635214e-01
2.050711607740201448e+00
2.529723660781038497e+00
1.265175133552848052e+00
5.445778602776196742e-02
1.013393319482374655e-01
3.269745730028849467e-02
2.136157924707396058e-02
4.961582806482971175e-02
7.268633365205071084e-02
2.808335618356797014e-02
4.671065328718120024e-02
-3.405967941355670092e+01
-1.683044329935117744e+01
1.172159935345444204e+01
-3.397830704096180909e+01
-5.546720502281016252e+01
1.152623747008769017e+00
-2.724928915133034124e+01
-5.558028534506195939e+01
1.127128280991973819e+00
5.569655660580523637e-01
-3.878998968051143303e-01
1.124435445826684532e+00
1.835562064154786066e+00
-3.814348358423776814e-02
9.017537736179837005e-01
1.839304202407791244e+00
