6.424309316651149970e+01
-3.325240998206191989e+02
3.381660657041775375e-02
5.137250917373530967e+01
9.953789599654770370e+01
6.386988981321812986e+01
-2.677588358275025939e+02
4.756054455540231629e+01
1.675961565087490897e+02
8.822489578985413416e+00
6.794753061738576605e+01
-1.032070751746825010e+01
9.660258338496923614e+01
2.140632011290556136e+01
6.035851256726473935e+01
-1.541641259761403049e+01
1.148899840584581256e+02
1.676534079211902650e+01
5.187152524358489281e-01
3.792534243448117959e+00
2.338820222777221858e+01
-1.236606600612247497e+01
1.310686373211969169e+02
1.505502396814677581e+02
5.542214584272046274e+00
7.632673958596578601e-01
3.724085469220112521e-01
3.185445933151900277e+00
-5.398574646109748798e+00
1.400107529119007843e+01
2.817014767355906280e+00
-6.555766513858866107e-01
1.920824485483366217e+01
1.349744967088678527e-01
-1.044346615818701363e+00
-6.128719088277230220e-01
-5.004851189891479368e-01
1.044046577928376074e+01
2.604496490177229173e+00
2.060442174735526599e+00
9.307319543373663961e+00
-4.889626047636667749e+00
-1.512324068178646819e+01
-2.680679564201761167e+01
1.133292536611008217e+02
9.703858634285744245e+01
-2.625309964768076298e+01
-1.261081514277045201e+01
-2.280637665229337330e+01
2.632205522726323910e+00
-4.387823838893653061e+01
-3.845069470824844871e+01
1.003771592937000179e+01
-6.589299274504791804e+00
-3.585769297613008305e-02
-6.328391540015865235e-01
-2.355124941859901178e+00
-3.717934178646213894e+00
-1.057316489709607898e+00
-1.753718482622957486e+00
-4.331491123348052419e+00
-7.583731542670714809e+00
-1.451528735139716098e+01
-1.428953466018126406e+01
3.716995643367552589e+02
3.304132469416083495e+02
-8.092241674633718906e-01
3.129907855883411916e+00
-5.772352936954139579e+01
-7.025944028018051846e+00
7.479041920965761925e+00
7.429942057704781888e+00
-6.276617576540172827e+00
1.027839324505678142e+01
8.240675146375906479e+00
8.081065170271960696e+00
-1.062686771866063395e+01
-2.328325886608457296e+01
2.790204463392849732e+01
1.563762032683763792e+01
-1.379126807537034161e+01
-4.393591449389993642e+01
9.920658372330155572e+00
2.715958341050309244e+01
-3.479897744775374946e+01
7.798535232281353480e+00
-1.725105966201633834e+01
-7.133513940037022216e+00
1.036915245618176495e+00
3.234266491216571353e+02
-5.251353769763749568e+00
-5.504980247143566174e+01
2.614688329293251741e+02
-2.663742277483625909e+00
-2.478960518549496506e+00
-4.894657600331537850e+00
-4.779092427528842002e+00
2.137137398084137663e-01
-3.500713729016721731e-01
-3.362509447105491489e+00
-3.096344543958649442e+00
3.456011639770521504e-01
4.826224236821243352e+00
1.045162865767801108e+01
1.113386771688264165e+00
9.602822377393787079e-01
-3.514209787257601136e-01
-3.736663298881206519e+00
-4.492626900796767991e-02
1.071554367150088005e+00
1.928262341951508141e+00
-2.615155251237700207e-01
6.922950835238221856e-01
9.267307495901176972e-01
-8.384633255806713814e-01
4.292702733627271172e+00
1.236298933892301166e+00
1.125335579038322202e-02
4.499060218061630145e+00
-1.132058733992085120e+00
-8.921074683992681262e-03
1.024702766798393672e+00
-5.124477439768758913e+00
-3.707502993554502080e+00
9.181737256828059746e-01
1.696855648957922014e-01
-1.053450741131745794e+01
-3.973808375403921289e+00
1.243792701020063896e-01
-1.331616231521245481e+02
3.126699266052643367e+00
2.055653988541479649e+01
-1.180825434166358576e+02
-3.160812102591973272e+01
2.041756451618281787e+00
-2.346683117686446884e+00
-2.856853090201955325e+01
-1.178664268708504359e+01
-1.450899290871791925e+00
-1.363669401055540131e+00
-6.018209331551648944e+00
-6.289679448903323333e+01
-6.937907282780420815e+01
-1.527876392921239912e+01
-3.063591755170206810e+01
-4.207455984691336681e+01
-5.842369611143352515e+00
-6.469941626433583792e+01
-6.774902401137072161e+01
2.844846947328805165e-01
-1.928761387380240722e+00
-2.635062151145105780e+00
-1.034579630354931501e+00
-2.860933468874486962e+00
-5.609713491851626710e-01
-1.465588740596714734e+00
-2.550081337262777748e+00
2.574670148887259646e+00
-6.107030463507568285e+00
-1.203822820893752032e+00
6.550682181740881127e-01
-8.353818854947732575e+00
1.698456784581603785e+01
1.482388003865363046e+01
-1.310925903761671663e+01
1.406881186679169948e+00
6.893014472047712671e-01
1.171325147622383156e+00
-1.517940533496377753e-01
-3.355194043354149169e+00
7.704093099449133675e+00
9.085554813446513833e+00
-3.336061070926870986e+00
-5.889867613127401036e+00
5.460542166712077650e-02
7.763667897212687130e-01
-3.380711753949005249e+00
5.097316426665866873e-02
2.137344777739340895e-01
3.628771732619542334e-01
1.771286214475847220e+00
-7.852310086678379042e-01
1.929326140607019369e+01
1.996479911538758145e+01
1.964365580448492743e+00
-8.356318230911494283e+00
-2.748033716970470053e+01
-2.531402146483040028e+01
-8.299912162763950718e+00
4.835581880903042640e-01
-4.379339052554526823e+00
-6.225224947865743097e+00
-7.189596561044437451e+00
-6.622283075022730614e+00
-1.199220514456519560e+00
-1.768899086892007144e+00
8.059151633329021180e+00
1.921235673444289915e+01
3.872048419074177872e+01
7.608826559728699124e+01
2.548511909151522445e+02
2.339561847056753834e+02
7.562324645801061251e+01
3.546103106549492168e+01
-7.772929353123942953e+00
8.478299401360233745e+00
7.268841458346720685e+00
-5.012098660527382954e+00
1.027043436221380723e+01
-4.959307562758123455e-01
-1.340320801295117903e+01
8.089382558612463470e+00
7.507707144723729797e+00
-4.547391258370831224e+01
3.683048242062363187e+01
3.523482972962647608e+01
-7.555558968709021883e+01
4.327444238925299835e+00
-8.278789221957399036e+01
-6.740779103318006094e+01
1.911982999795685600e+01
-5.386322598671537065e+00
-2.920444448184394446e+02
-2.401209509844058800e+02
3.640912115244456970e+01
7.512082455120859814e-01
1.401918220605112564e-01
6.843409162821447289e+00
4.271103572770938328e+00
1.210169748206882057e+00
1.745882055715412440e+00
1.838921358061772260e+00
3.035747734445141344e+00
-1.220553064572905244e+00
3.570053233062842946e+00
6.346613993695671141e+00
-1.591984526965696922e+00
3.255983422546204054e+01
1.352530769855870840e+00
7.119246942677792678e-01
2.520129137298717126e+01
3.194699630111768496e+00
-1.206721267299580624e+00
6.229304008582574603e-01
1.353205322435066194e+01
1.754291969430488223e+02
-2.367270796802117871e+01
6.696105661507828266e+00
1.851772702405059476e+02
6.912317230464886997e+00
-7.918400072911441434e+00
-1.345765027375199985e+01
2.563717468967621826e+01
-9.577274748585354658e+00
-1.499780622333927838e+01
-3.542151071519971328e+00
2.322923039735921069e+00
-6.521016687475412077e+00
-4.368257820404420677e+00
5.528984762322757263e-01
3.194871902750130443e-01
8.595177228287867877e+01
4.465651721124823581e+01
4.684266031180697354e+01
1.048246853697522312e+02
2.240335304735868363e+02
6.415619213329557624e+01
7.093997181749220715e+01
2.291856425561541073e+02
7.327825935093322585e+00
5.009487740446091353e-01
-2.064157969400024051e+00
3.037340193162342050e+00
-6.041388667242318178e+01
3.239551058234247272e+00
-6.860113536782832533e+00
-6.704862383400390513e+01
-7.862448952781619482e+00
9.195315466481377431e-01
1.671750062114191415e+00
-5.033196469193121914e+00
9.237646147280247355e-01
-7.953794915864501047e-02
2.196851588539645850e-01
2.646764137850809995e-01
-7.894185468821339668e+01
1.675189855634087455e-01
-3.398423210105596226e+00
-9.406541790323416308e+01
-5.361469442133198271e+01
-2.380987659594398398e+00
6.106240569216905278e+00
-4.884457343418401365e+01
-1.809305060556320655e+02
2.108194786879875160e+00
2.687628965096887868e+01
-1.849127005994355954e+02
4.516915822879733255e+00
-3.616106488724163404e-01
3.084219819651972827e+01
3.072195076183955820e+01
2.865819063358566066e+00
2.040517686443603651e+00
8.542980882568258494e+00
2.121855141743476558e+00
-2.717145129412432070e+01
3.543385431689374698e+00
4.259248757243976335e+00
-2.292062915384060418e+01
1.960407448223314120e+01
8.326408517902180506e+00
5.993409435428896259e+00
1.093020233520123696e+01
-3.903797382735742616e+00
-2.778003809496382370e+00
-2.227631213969936574e+00
4.527991890192296864e+00
2.088338028636723891e+02
2.190092640858142374e+02
2.180892332432263174e+02
1.362198562603963659e+01
6.530947523517946252e+01
2.851539438466123215e+02
2.845761044851342376e+02
2.761900655936593125e+02
9.439568700366186249e+01
4.044920387159834974e+01
1.586211192186435603e+01
-3.996464192140113170e+00
8.581447303249611025e+00
1.153032635321243937e+01
3.257495363209837791e+01
1.144626216309344784e+02
-4.948917708634915869e+00
1.338992792850391966e+00
3.414137454085410806e-01
-2.809249520336810857e+00
3.927307825526317231e+01
-7.894475847382294376e+01
-6.189898464869893502e+01
2.651040855475785918e+01
-1.449575734516828085e+00
1.748293409913773644e+01
1.324425042086636140e+01
-4.489473628192087173e-01
2.254314693030108430e+01
-1.203424763130558830e+02
-8.805664436337943357e+01
1.549457074389536437e+01
-1.053141143738163255e+00
-3.046957928984749264e-01
1.430940019765723470e+01
1.537579972989612243e+00
1.591175524054488921e-02
2.289594505657492618e-01
-2.361043476460145563e+00
-2.014768348598110936e+00
1.152776911222807854e+01
-6.040661647209511642e+01
-3.884854901553746487e+01
1.286674327047740896e+01
-5.932238625566800039e+00
-1.553719305042942311e+00
-1.304574095521309873e+00
-1.384876833657280137e+01
-3.514643781174038306e+00
-4.608253864922944310e+00
-2.566156351507758338e+00
-7.787368345484274812e+00
-9.657045148148466041e+00
3.673010422842299949e+00
3.176655373633302304e+00
-6.213844448271387044e+00
-9.633296700915602173e+01
-1.847268292647257795e+02
-1.785550336345650067e+02
-2.100327802302113511e+01
-4.951685946867787180e+01
-2.331979235879953478e+02
-2.382242885118400864e+02
-1.237848549499305335e+02
-1.011801219729338754e+02
-6.474905159718761638e+01
-6.875171631347753021e+01
4.011222116811761218e+00
-1.705245830436320631e+01
-8.851900267066237404e+01
-8.466191061208370172e+01
-1.181559252787417336e+02
-2.455827302463686124e+01
7.473986533068908145e-01
7.154043346146133686e+00
-2.688653399415474610e+01
3.344657685922899137e+00
7.475571522070304731e+00
-9.397530194765311151e-01
4.487337932891318215e-01
-1.597534189062450878e+02
-1.214987103776101751e+00
-3.019482489610329168e+01
-1.697427197179079883e+02
1.246185756465120420e+00
-1.303144551811483476e+00
-9.027076544028650673e+00
4.179889916716244436e+00
-3.452642351319548197e+02
-3.047551027766652254e+01
-6.785211745528754079e+01
-3.927846376665938237e+02
-1.615931796454775338e+01
-1.545072131725443398e+01
-2.089989167878478682e+01
-4.159779426057805551e+01
3.390167219670722432e+01
-1.605093970640964329e+01
-2.243536247486238011e+01
6.024449102465572992e+01
9.177626410068712914e+01
-6.853705065512920136e+00
-1.479672655380223212e+01
1.245436234520010998e+02
2.898814976638140806e+00
-2.899001849621575033e+00
1.230295992745283007e+00
-5.488929547801961739e-01
-8.580853206858813564e+01
-1.787456407907702527e+01
-1.145906499062369832e+01
-7.519815204154456012e+01
3.011004064975407069e+00
-8.364614650144956087e+00
-3.504723093827746716e+00
1.956987329087609595e+01
4.288189832321891437e+00
-1.264233515866590984e+01
-1.150768224084341895e+01
7.157663597971758662e+00
-2.416069350816848343e-02
-4.043601730902036451e+00
-3.516902854283693536e+00
9.163332903917897898e-02
-1.879358846525085669e+00
-1.457111128805536282e+00
-2.728465316896578896e-01
-2.098605096143749016e+00
2.316840744675413433e+01
4.498258203862937066e+00
1.506545172254383935e+01
2.320907818266999101e+01
1.783813686668985810e+01
1.215682186175336454e+01
9.971544940035734772e-01
1.779873975068774783e+01
-5.213230886294899591e+01
-1.021779029420998874e+01
-3.480462739850069909e+01
-5.222323579001276528e+01
-4.009622244635134791e+01
-2.800896399148523486e+01
-2.208852214464099628e+00
-4.000702609798981513e+01
-1.223662733335094188e+01
-2.803559048815739363e+00
-9.356125062449175411e-01
-1.260378083500528845e+01
-9.883451136592452002e+00
3.125467630885822690e+00
5.414236427487897352e-01
-9.725618207216109923e+00
9.303774470988025458e-01
7.138586947662823867e-01
1.168890554305358043e+00
1.247721661733367737e+00
2.972448013386759680e+00
3.828924584535526421e+00
2.121383949110450473e+00
2.144383856445243985e+00
1.108162647994671346e+01
-2.828957160165388895e+00
-3.415460942296351998e+00
1.244087908684885946e+01
7.276107967083694916e+01
-2.698596120392395381e+00
-9.744041713782282343e+00
5.496442120771033046e+01
-2.064723046673131535e+01
4.986071118439872052e+00
8.345754077200829846e-01
-2.012926801241530583e+01
-2.655380532131542992e+01
1.085092053144416147e+00
5.279848709237653814e+00
-2.246993242645702438e+01
-7.051806098731361772e+01
2.658193154176400341e+00
9.436588966449427573e+00
-5.531942484701578167e+01
4.863932001584954889e+01
6.203516397002174720e+00
4.465887443165464377e-01
5.161097933670273363e+01
8.488524500231594550e-01
3.703922116161315614e+00
3.406953161659164397e+00
8.125210298313978452e-01
1.205201156685267616e+00
1.583087249548737266e-02
-3.675689412639668419e+00
-8.685454712124935028e+00
-3.206053329059502577e+00
2.574738202841908574e+00
-4.660593774885833263e+00
-6.897916492799077481e+00
-4.556594400018840196e-01
-2.652242699967630180e-01
1.723209905650650242e+00
2.531567753378580310e+00
4.043620894045173664e+00
4.375181522443196691e+00
-6.644981714983840826e-01
3.174671533560047276e+00
6.260863744232334938e+01
1.686467267552329474e+01
1.381457599570908279e+01
5.890976424328145811e+01
4.145349277029701085e+01
8.860407653696675823e+00
4.279493727761955135e+00
3.076692351765986899e+01
3.827213162770672739e+01
-1.636886465479799435e+00
1.623442561106211435e-01
3.481164023811955843e+01
1.970723900776538073e+01
-3.695750011177421079e+00
-1.457239296582902577e-01
2.075128411433622233e+01
-6.398788822092725148e+00
-3.755314382190029665e+00
-2.200934836780049864e+01
-1.349699375972185322e+01
1.101760119255195125e+00
-1.764610254516920662e+00
2.717542620715950097e+00
-4.230087821427835237e+00
-6.696578038455221815e+01
1.590585599931547200e+01
9.310846313760857029e+00
-6.976852616482308633e+01
-5.440974428950659636e+00
-3.688379349968312071e-01
-8.041791938224481795e-01
-1.157126551182955509e+01
-2.105572827170597918e+02
8.144457163227080798e+00
-1.333862200553330979e+01
-2.187309294268721089e+02
2.273757554579297491e+01
-3.012291721623452823e+00
-5.783868827083688165e-03
2.025990033446304039e+01
1.407132430345400920e+01
-3.226980483187389837e+00
1.356939779699253057e+00
-1.483290793383243988e+00
3.028854907146294462e+00
4.740286655489578393e+00
6.206980700847024579e+00
8.393996246720428545e+00
3.222444365314461656e+00
2.639819158689688194e+00
9.727593835872813344e+00
4.890590162486898151e+00
-1.316754603354709730e+01
7.402820065411112260e+00
2.199344246915353018e+00
-2.102623198360719314e+01
2.000790824330228546e+01
3.268401287713168513e-01
3.177370168005398288e+00
2.274541314405289683e+01
4.366485206342616721e+01
-4.242897103073175025e+00
2.641996163558481214e+00
5.019539351944044370e+01
6.935973533313756434e+00
-7.477569987552200315e-02
6.163513773480589278e-03
-3.960504504049382923e+00
-5.739976350163400021e+00
5.907831604980285922e-01
4.032866806837421825e-01
-3.337303022318440782e+00
-1.024930010940890384e+02
-1.632357072814816235e+01
-1.626657605961590392e+01
1.602456854847137535e+01
-3.159656147593499664e+00
-1.540561271252277109e+01
-1.545599763546711536e+01
-1.128091994410838055e+02
9.099454577434066493e+01
-1.516278068570593618e+01
-1.503606984113489098e+01
-1.064912131772531012e+01
-1.772652462233448523e+00
-1.175567884964340770e+01
-1.177922811420394922e+01
1.095266489600048914e+02
8.875582076552147370e+00
2.849557975224120465e+00
3.804497608385499774e+00
5.878629691585609551e-01
-1.663396514115347813e+01
-5.952884966619865104e+00
-5.591470154883734445e+00
-1.770694673920275619e+01
-1.019175995477416485e+01
-1.331819747587107017e+01
2.129394425283009706e+00
1.754592866037569809e+00
1.142166576235362996e+01
1.520512349726643286e+00
-2.778329318103235357e-01
4.866803217697777129e+00
-3.757720742325842167e+01
-2.487149088433596056e+00
6.105545396098178701e-01
-3.995421187208281566e+01
4.367492871212891004e+01
-5.764062329395479800e+00
-9.941268171963231204e-01
4.118702184500032359e+01
7.858416297978064335e+01
4.568421922671343616e+00
1.174095669563799760e+01
6.641913373689970967e+01
-1.961301545641524202e-01
3.251416930090901936e+00
-9.555303652489598676e+00
-4.033843289759529438e-01
1.837646708777708193e+00
1.220352030623414574e+00
5.395976713132150770e+00
1.904185028611886876e+00
2.353179628067509555e+01
-1.691052732889647969e-01
4.563759371504858997e+00
2.833831675937365091e+01
1.118693697414581010e+02
-9.133613949983795166e+00
8.447854556390973713e+00
1.210096549053163955e+02
-4.555584399072582613e+01
7.384132765061641734e+00
2.229386455951998691e+00
-5.028660269652397830e+01
-1.462188570410538269e+01
8.108212016841779501e+00
5.021594699251902050e+00
-3.582556471549464305e+01
4.670005347493445313e+00
1.330465742797427131e+00
1.149978246569656859e+00
4.020297774022187909e+00
-9.913301693590710784e+01
-1.033890692265675959e+01
6.531016652993568705e-01
-8.966202164980585110e+01
1.413490296871454888e+00
-3.401265759896334173e-01
-1.356722472295912030e-01
-2.491804083029789840e+00
9.625373262900508209e+00
2.401145125623642240e+00
-7.736009725139756377e-01
7.005690459632631928e+00
-1.445060645850442471e+00
-1.779038198072791788e-01
-8.859899480520737614e-01
-3.790900558313285096e+00
-5.814653095871731292e-01
3.310762115903590708e+00
1.677741596434598303e+00
2.841702431679748661e-02
1.870683902526427023e+00
-1.001144008670536856e+01
-3.428015677671969019e+00
-2.967430145673828901e-01
-1.508478395455036392e+01
1.681015701184037203e+00
1.047083387009538846e+00
-9.776312482830844530e+00
1.912545053730409617e+00
8.161751731218114259e-02
1.221075520583644991e+00
2.665981325559799942e+00
-5.963997731418758441e+00
2.548293060108255959e-01
1.441043364720855091e-01
-2.849309950983617057e+00
1.664337894983850674e+01
-1.601528161908796877e+00
-4.254828640660767713e-01
8.491876478358831193e+00
-2.004899026660775352e+00
3.661432230569574564e-01
-6.830973435022282825e-01
-3.296366696195654478e-01
2.218705842842110698e+00
3.371091670586772171e-01
-9.391149815641371745e+00
-5.215479352155822923e+00
1.268924773677920781e+00
4.428038308099827361e-03
2.995995343639584751e-01
-8.762299901487460851e-02
5.967445721122958124e-01
-1.225039412351588280e-01
-1.337408088905523096e+00
-6.177712707718020502e-01
7.801310175491238397e+01
-7.482886140652203366e+00
-8.571732707304086318e+00
5.246676001568954462e+01
6.041282902604341171e-02
-2.965266112830761358e+00
-4.551824589400829124e-01
-2.181994649444875645e+00
-1.606927228915924766e-02
-2.461454679571264126e-01
1.746127405303745384e-01
8.335411539024564775e-02
-1.396751967961166940e+01
1.451818249672729877e+00
3.324563578318150414e-01
-9.440895406018913860e+00
3.294864105039686564e+01
-3.391567778996180227e+00
-1.404549405678225282e+00
2.489856210797637814e+01
-8.923760505684478872e+00
3.140872961669783248e+00
2.897564219436723487e+00
-9.639972787470849624e+00
1.082793998380762623e+00
-4.156125019746124971e-03
1.442121179362708568e-02
1.503914178998540629e+00
-1.137803704599769006e+01
-2.565056090349751017e-01
-8.245183194808503035e-01
-9.927757052130345983e+00
5.684308359648040465e+01
-1.050309033015828675e+01
-5.212556057963301015e+00
4.528483846098863808e+01
-1.352226506552876462e+00
2.686866618854580335e-01
1.976962515640252604e-01
1.099013601998980239e+00
2.320358344325974098e+00
1.390936197858286372e+00
-6.450790445466114242e+00
-4.117685663555901598e+00
2.102650791517483686e+00
2.813607077129824052e+00
3.059698797476808063e-01
2.846192814710210572e-01
-7.853558761156175239e-01
-6.886436911952747986e-01
-1.005325025416372586e+00
-2.469372870440468493e+00
4.209810686695992388e+01
-4.510758201497894859e+00
-4.271543846868467220e+00
2.900050080838599698e+01
1.164546869018512993e-03
-9.034613347123211513e-01
-8.156948527413947492e-01
-6.187010781902043711e-03
-4.570922120111153841e-01
1.003351783301565867e-02
-2.963738214567157581e-01
-4.534413013596474973e-01
-6.221658712642528144e+01
-4.267576156211327998e+01
-1.235793987204801070e+01
-6.210906825377375640e+01
-4.760406431810905303e+01
-2.568585076555137015e+00
-3.449672224457783898e+01
-4.771107422172181600e+01
-6.533660843237644178e-01
1.102732864538477209e+01
1.529056104885040845e+00
-6.438890690874959910e-01
-1.068454086318716634e+00
-2.495888210218853709e-01
8.725168682133984888e+00
-1.061159283994420388e+00
-1.894865839538994345e+00
1.940798652393400589e-02
1.695216638223162294e-03
-1.315899830895440381e+00
-1.267528436971773753e-01
-1.909462398270540817e-01
-1.427273954568391845e-01
-3.671071476550065160e-01
-3.566678130346125641e+01
-9.516547538720191213e+00
-9.439158998178351467e+00
2.203134052779456731e+00
-1.864784108316057676e+00
-7.447258341621300737e+00
-7.463104436365556538e+00
-4.331545790879390978e+01
5.694634570166192233e+00
8.257376908255454895e-01
8.171174161014973514e-01
2.978695771269280201e-01
8.822720735325598751e-01
6.047245859853871419e-01
6.056358320792823990e-01
6.169735216432079561e+00
-2.064454534450278089e+01
7.408614669915043471e-01
2.790683292400220061e+00
-2.255810880575057809e+01
-8.543747172885089469e+01
-5.946957737027225299e+00
1.860764696017075170e+00
-8.422265858227224555e+01
-6.890523433003805653e-01
-7.868764243414331228e-01
2.904466029591294074e+00
3.512741468824801760e+00
6.823179613792700049e-02
1.294658753888117686e-01
2.432205371303665375e-02
5.789871316170428495e-01
5.526890128926160273e+00
1.531025045196091172e+00
1.529144474867180081e+00
2.299813574577583175e+00
7.655153826380464466e+01
4.336407528106068554e+00
-2.275867988852368295e+00
7.249365951099873939e+01
-1.015758958484122232e+00
-2.692028691908015525e-01
-2.107646494935038195e-01
-8.709476459408461713e-01
-8.801954950313083614e+00
-1.187449750332639331e+00
-4.193869110797945332e-01
-8.393752338190216378e+00
2.939652603938515796e+00
1.687394930204888510e+00
2.366270214101106717e+00
2.168068501678124704e+00
9.293615222140088505e+00
4.905056341055908931e+00
6.270602066194232549e+00
9.227546976188234495e+00
3.494181636337165275e-01
4.118096513732217190e+00
4.630606827528854552e+00
6.641945542614099196e+00
-2.376751521203140882e+01
3.564993038288976290e+00
-1.674254759638533097e+00
-2.272942682900519173e+01
2.423360229705905766e+01
-2.343482020308564007e+00
7.615895535917773795e-01
2.646690849273875656e+01
5.778042877618619677e+00
3.138019069250253867e+00
1.140116355276116655e+00
-7.183475975548892833e+00
4.337603988834708701e+01
1.309159536134711921e+01
1.069901771648393840e+01
1.558674038175441723e+01
1.149443466335439146e+00
4.467618029182411910e-01
7.130230477527105037e+00
2.007717835719438515e+00
-3.807259307487750322e-01
-4.264778689711981596e-01
7.259721344213823091e-01
-2.727041200929460896e+00
-1.017112931805438381e+00
-2.948743385044449439e-01
-6.840366969217553939e-01
-1.405200031361612423e+00
-8.001600320735811067e+00
1.792021196316966547e+00
1.337732185085439340e+00
-7.424289178482661455e+00
5.987947083516766966e-01
-2.619204128457223169e-01
-3.293509668546943381e-01
-4.557874601399705683e-01
1.824796225911020642e+01
6.657932987032916472e+00
8.759396739156988687e+00
6.726435905635304913e+00
-1.013346199970508010e+01
7.412293459983464172e-02
1.179453915680492182e+00
-7.918003530501364295e+00
1.426719041635877261e+01
-1.795491850629728603e+00
-1.383338360420054869e+00
9.228344143333375271e+00
-3.873947778954824894e+00
1.385382083867918446e-01
9.538028149971176928e-02
-3.390169426055902324e+00
2.214510060546662995e+00
1.833367920447699584e+00
-8.697351815123109953e-01
-1.072590646811350384e-01
7.683993694491622506e+00
5.996344889446760362e+00
2.974655144510027771e-01
2.608541023290029681e-01
1.319758711000663942e-01
-1.057986167954840573e+00
-4.168874479312330017e-01
5.102516869133708610e-01
9.487306920660126819e-01
5.445675601181317882e-01
-1.104992614665387007e+00
1.717449901552705160e+00
-2.389682984405512300e+00
-1.233222770024327009e-01
2.122128289457790584e-01
2.201701752100774456e+00
-9.829323947631884995e-01
1.711116181124638369e-01
1.756486418122602672e-02
-5.343353036401515155e+00
-1.187458719781039029e+01
3.108810291889387845e-01
6.695690624396163360e-01
-8.471442835154082474e+00
3.399801062482853808e+01
-1.896560667110232190e+00
6.391729386736689777e-01
2.954280271114938472e+01
-2.730237361511403194e+01
1.496818839134409274e+00
1.495150027006095339e+00
-2.060519614166531710e+01
1.148504066649798716e+01
1.098871831809962625e-02
1.183146015416120522e-01
-8.018386014863239097e-01
-5.054257970783976317e-01
1.235196104366475395e-01
-1.862793817099970065e-02
5.928822778612242494e+00
-1.407439687752585833e+01
3.698074419880989505e-01
2.666481603331764538e-01
-1.023313552986872743e+01
2.889437841085161907e+01
2.298777658152332926e+00
3.992080354058228364e-01
2.447180775251145946e+01
-4.861737073369883433e+01
-7.395895239513617936e-01
3.982967811902197730e-01
-3.530833435046000801e+01
4.435310300504720082e-01
-1.653255383872887396e+00
-2.720653125096973213e+00
3.076251153136332905e-01
-2.481735937797468594e+00
5.917242744156593348e-01
-1.589731367248640725e-01
-2.302314027994303292e+00
-5.188778451601100405e-01
5.540340500770990495e-01
9.420208003244420203e-01
-5.004932765306497888e-01
-3.218612886804094853e+00
1.018425366245355290e+00
2.259889060927332327e+00
-2.934893596815896455e+00
5.375642395513003713e+00
8.782899724606826330e-01
2.198528936518608645e-01
5.804136737440005689e+00
8.114429370948043641e+01
-2.261270622515583195e+00
-1.624157865880157914e+01
7.169631869761300891e+01
1.838991069828521008e+00
-1.708735264877965787e-01
-4.764788873293134275e-01
1.393350409712554638e+00
-2.583500323912959473e+01
7.575573072602973523e-01
4.668207519145978424e+00
-2.255256814907465568e+01
-7.714051523260371823e+01
6.884073695184454722e-02
1.512170882869236443e+01
-6.901820681396164048e+01
-3.358746327500585771e+00
5.196695400231789996e+00
9.014730974602173319e+00
-5.454518408633995286e+00
-4.433965570222410335e+00
-4.270288858805761478e+00
-1.453836894208047292e+00
-1.143966999848779809e+00
2.468081173670551298e-01
-3.070579794594671119e-01
8.080062415368489681e+00
8.571778502608632166e+00
1.053373289235145949e+00
-1.319272741811768346e-01
-8.169852161904063159e-01
4.391276192781726206e-01
-9.016803227235937745e-01
4.864814105329071103e-01
4.465866539567081572e-01
-4.168747560615094772e-01
1.504634480445826705e+00
-4.356431687557408838e-01
-2.616222346600756588e+00
1.598803615010561119e+00
-1.822786423292669511e+01
-2.260060157615290777e+00
-1.253591163667268749e+00
-1.504317551599020319e+01
-7.394170619851450965e+00
-2.592046297169566582e+00
-2.377992793048004927e+00
-6.352959875868057438e+00
-2.318420786414889523e-01
2.338483540695951712e-01
5.316547716200594742e-01
1.018103831825420302e+00
-3.511168414111336400e+00
9.407087021361885126e-01
7.584252345993925948e-01
-1.641940169636458169e+00
6.141901266282497573e+01
2.211006178383854603e+00
2.619730413831223625e+00
4.779774998253072482e+01
1.555103889397047690e+00
3.509742065380552223e-01
5.936570987125510124e-01
3.267521138798665348e+00
-2.366803411246402700e+00
-5.932876022381144802e-03
8.358457298946330161e-01
-3.027884979018340861e+00
4.700192771235935929e+00
-8.045102097587176759e-01
-2.422539559715933266e-01
4.123945999172999421e+00
-1.030631658828417052e+01
8.149977571831866774e-01
-6.217706465045265141e-01
-1.085324481700065746e+01
5.414695176269154864e+00
3.395366806793582271e+00
5.763707331834609926e-01
7.190213405608330000e-01
-2.065191179980434111e+00
-5.009830981242107129e-01
-6.673609311307811265e-02
-2.114946003213346248e+00
-1.197037223114410520e-01
1.584384045937336394e+00
1.480239374090134008e-01
1.483228357001279973e-01
1.199717775638912687e-01
-4.846445894310711378e-01
-7.052966421985671364e-01
-7.900586266954605641e-01
-4.777406700250286065e+01
9.296883429007607447e+00
3.225847137868103509e+00
-3.233571056234914920e+01
3.077874063608843525e+00
2.336396233555026125e+00
2.130149594773988575e+00
6.033066133197127812e+00
-1.327068009128814730e+00
8.759530391272456890e-03
2.767379233134257058e-03
-9.063026147959559742e-01
-8.015308547731000988e-02
-1.199344401391422704e-01
-9.033978934874312139e-02
-2.464975203150519545e-01
-8.891496839318195100e+01
-1.921892792332833722e+01
-1.905925615467995371e+01
3.265582639517638608e+00
-6.600593821983282261e+00
-1.484120046938613413e+01
-1.487243579079164491e+01
-1.032483271693039768e+02
-1.687718165751709298e+00
-1.995664114458418348e-01
-1.978940561803586018e-01
-2.334551672709042971e-02
-1.918894244786244485e-01
-1.519005544499902050e-01
-1.522215838853911984e-01
-1.759431287268121702e+00
-1.707248639607129803e+01
2.021494639150402062e+00
4.264668096232313577e-01
-1.613656252584329209e+01
-2.342324812063536399e+01
-2.050355692487388914e+00
-3.874391331857889753e+00
-1.796296711240373511e+01
-5.336448989676653154e-01
-4.741808276741392714e-01
2.427870294039172983e+00
1.986038082107934644e+00
4.768836207291772544e-02
8.996042739370692376e-02
2.179359090359699741e-02
3.950059330215835440e-01
8.822002462239783682e+00
3.802352799434463471e+00
4.199226332932108896e+00
1.520666236933548809e+01
1.656443596823210953e+02
-3.582528550607529727e+00
1.169420530836434757e+01
1.733929434772126399e+02
2.538806920746890516e-01
8.619083659671041009e-02
1.015545893933609695e-01
3.112584715685073888e-01
2.592421638940516804e+00
2.525532028206449106e-02
2.629534926234439185e-01
2.635047163246701185e+00
-3.399359564445262549e+01
8.571783051820180077e+00
2.224992175451711240e+00
-2.186938734058458422e+01
8.953201326571342378e+00
3.774728119282843242e+00
-2.570495616457768584e+00
-2.283400036912275333e+00
2.210402070946746278e+01
-9.727440868478051783e+00
-7.543524399647816736e+00
1.351242297998727260e+01
1.394611902191196862e+01
-2.152443811439274324e+00
-7.182561847663445631e-01
9.105015788961885903e+00
-9.968098923733674788e-01
-2.533793052789251043e-01
-4.896211406515785236e-01
-1.558969839956083181e+00
-1.099025708445515903e+01
5.320329775949554918e-01
1.939557149561436655e-01
-7.877768881952281532e+00
1.975992979734302679e+01
8.784264420674677831e-01
3.577598021266660822e-01
1.579250400026025680e+01
-4.840433626608849904e-01
-1.696600784965871744e+00
-1.547839044880477521e+00
-8.527235825623118437e-01
-1.503326064807151807e+00
-2.997767557076945755e-01
-9.458396971159944988e-02
-2.022715922201382632e+00
9.457911148690693048e-01
6.606067590421477176e-01
4.857189036880221189e-01
1.769017984036207691e+00
-1.168684595915946867e+00
7.773238031934681658e-01
7.890653091468617930e-01
-1.993106847052694031e+00
-1.097688634940197083e+00
-1.183107536152636863e+00
4.530713640937430453e-01
1.233215388808585888e-01
1.586451238051557189e-01
7.933815701976129620e-02
2.249162608844744060e+00
1.397585961990825520e+00
-1.310664215081306816e+00
-3.416528359858495456e+00
-1.762513619326475656e-01
-1.315992215622314443e-01
5.207023500305435482e-01
1.086240928977499687e+00
1.043041275975531423e+00
1.930076737296992695e+00
-5.671907068559334419e+01
-1.869520301021912800e+00
-2.244417590503136495e+00
-4.477605915292419070e+01
-3.238978890898537344e+01
-1.017580963247147530e+00
-8.780822697784980146e-01
-2.622167954982032967e+01
-1.823264006472823162e+00
-6.973171961394933893e-01
-7.566813100978893036e-01
-1.258972391213538433e+00
2.548901950209619827e+01
-1.302468239103883896e+01
-5.350276568647236886e+00
2.529985813300358544e+01
-2.614723824849520373e+00
-3.680953254361659432e+00
1.602530329368268003e+00
-1.208313148471373610e+00
-1.289206573472214146e+01
2.331351143903761081e+00
1.258416663804566626e+00
-1.284303231231132969e+01
1.081904695745805833e+00
7.545284979827211469e-01
6.434457090650124167e-01
9.953107622863882620e-01
-4.948513515266575805e-03
-8.079833212558733546e-01
-8.177646838046891409e-01
1.752088262503508076e-02
-3.795385512704222974e-01
-2.412179828843794005e-01
-1.768913355716816849e-01
-4.213605570337903283e-01
-4.519605783219635242e+01
-8.865478030474520210e+00
-3.047768921138218445e+01
-4.527469446448078827e+01
-3.474792898306566968e+01
-2.438168953661308080e+01
-1.912804327317992215e+00
-3.467041483857706652e+01
5.279790058218510218e+00
1.104502823270379075e+00
3.869580746123667758e+00
5.288667200549813430e+00
4.039361819379611696e+00
3.085762503250958577e+00
2.441861647433043736e-01
4.029975961487286540e+00
7.934890394695826465e+00
-1.439953475739425892e+00
-3.781623613882084123e-01
5.561872716689394203e+00
-9.213691749258721586e+00
-3.645255779770045557e+00
9.306543559380305863e-01
-1.903455205577316178e+00
4.604770455866161960e+00
-3.878058452278618340e+00
-2.831613854425948595e+00
2.282687209569860265e+00
-1.131519235580108429e+01
9.905436462443203416e-01
-2.977413614349335713e-01
-8.867277095748038462e+00
-1.593126980672356474e+00
3.449673591006644554e-03
1.776485257560555739e-02
-2.347113615658452890e+00
-1.608262644251921003e-01
-2.017589105900154112e-01
-1.486358382528478184e-01
-4.240617507582087331e-01
6.343192935001250277e+01
8.522966566152728518e+00
8.505118190101111253e+00
4.251939270233566326e+00
-1.819482079295104082e+00
1.094862084720932494e+01
1.104074593553022687e+01
5.512112292244844980e+01
3.173230373538169857e+01
4.447739240600384392e+00
4.438412540214476287e+00
1.885555001103803585e+00
-1.147733291992783844e+00
5.707190674776821737e+00
5.755115903882853878e+00
2.714928478007245616e+01
-2.863384352863753435e+01
7.332768435369267923e-01
3.542833861414822483e+00
-3.023429571422641260e+01
-2.964282134171505589e+01
-6.158787448850410406e+00
-3.213091183271159501e+00
-3.893352405732842669e+01
-8.400473603406222178e-01
-9.523297360135895007e-01
3.478454568628960519e+00
4.332844261896055649e+00
8.854474130664180542e-02
1.572261081350731782e-01
7.685819445376929071e-02
6.809504924179335950e-01
-9.675155894762522024e+00
-2.641996926906918119e+00
-2.341084665137721288e+00
-5.884034072176168806e+00
-1.061784233927787113e+02
-7.374245502898063798e+00
2.031653922747832297e+00
-1.015965153414550031e+02
-4.729367677240030154e+00
-1.243410507060070946e+00
-1.113000384609237559e+00
-2.689928969818716986e+00
-5.411577292929322169e+01
-3.507667838916988856e+00
1.277463536156098201e+00
-5.159338142484580203e+01
-1.158806187771241447e+01
1.248004942518816940e-01
2.559596116749752737e-01
-8.601989557807819153e+00
-1.566435657958786809e+00
1.665020190424012059e+00
2.816983768557664192e+00
-1.489482371922050685e+00
-8.175967270482172466e+01
3.923617307722650605e+00
1.563142719576608819e+01
-7.200232336978324099e+01
1.917742458280903062e+00
1.250459825731412122e+00
8.666140651094832448e-01
-6.951905545800968200e-01
-1.093426676206888004e+01
-2.431882927344625744e-01
9.931189646038743879e-01
-8.567315136765071060e+00
1.369063973801079115e+01
7.784816855688700965e-01
-1.159608899900273604e+00
1.196153706537780970e+01
-1.842477189328383247e+01
6.181232445255893104e+00
4.852132078486198097e+00
-1.170453368724176002e+01
8.740725573681105587e+00
-1.234455092637828377e+00
-1.357360574691734101e+00
8.024891307112840266e+00
1.309643814179171173e+01
4.736818951262709021e+00
-7.996798634307175080e-01
6.278309556952396120e-01
7.778122828918798248e+00
-5.551924193569881538e+00
-4.020478528173659249e+00
5.379549838307996268e+00
-1.713330222345756049e+00
1.712502389510234257e+00
1.102180491109700400e+00
-1.520618290372959036e+00
-5.997035741546129373e+01
1.055572302844118759e+01
1.935380117331047201e+00
-6.947404646221029623e+01
-3.202084531090629849e-01
4.466481261044302542e+00
-9.272319326227830560e-02
3.718116008046800092e-01
2.158719001411633975e+00
3.941682600003347581e+00
1.051248509616259152e+00
-3.916996180926628490e-01
1.390603898268205363e+01
-7.544109205576418731e+00
-2.629873890588813268e+00
1.845946379618151312e+01
1.727394451466997793e+01
-1.674811358004117290e+00
1.619824541070685076e+00
1.941061781469934644e+01
-1.446751728284318794e+01
1.519957865639453010e+00
-4.607026272057893751e-02
-1.994723920669284567e+01
1.361457680806142267e+00
-1.076534030841698117e-02
-1.717989665875489791e-03
9.225221237474203750e-01
9.688151028978152224e-02
1.151259244445484581e-01
8.394776662081918084e-02
2.438773514838192824e-01
2.790517059445654979e+00
3.939856433662631829e-01
3.906498847359191062e-01
5.433887227187218089e-02
3.349690144720031681e-01
3.009956863639971503e-01
3.016210154489006867e-01
2.926006418210144844e+00
1.163811023679823791e+02
2.358645406316836457e+01
2.338996388952687155e+01
-3.357498942587362034e+00
9.391191087871206378e+00
1.818605949748195982e+01
1.822426531926360838e+01
1.332277992885236984e+02
1.665763669549134818e+01
-4.183738013699825897e-01
-2.050561439018190324e+00
1.757304360995005865e+01
1.685774627126972547e+01
3.446857552124216184e+00
1.783727950799831374e+00
2.215722712444586406e+01
4.879664051285879656e-01
5.541019364091074317e-01
-2.012526290149754704e+00
-2.523255472981520864e+00
-5.222386441317267147e-02
-9.097217044655812879e-02
-5.199715367369987101e-02
-3.918853399462266518e-01
-4.958473446072526047e-01
-1.674435802392412742e-01
-1.445730281608783585e-01
-4.046247340841844231e-01
-4.292593535238005131e+00
-4.463155225949913540e-01
-6.350053195867332023e-02
-4.217807023852599535e+00
-2.017290936882785601e+01
-5.701545742502053926e+00
-5.091494660192499744e+00
-1.246455235288285657e+01
-2.204422441457034836e+02
-1.577792780829221364e+01
3.702605602223624448e+00
-2.112782691335791299e+02
-4.423213182911618446e+01
2.786379336340873980e+00
8.633148059835505927e-01
-3.185231689563055824e+01
2.031864206074982970e+00
2.108925433799692328e+00
1.841828330386902079e+00
3.511864612789812767e+00
-4.316724520572103319e-01
5.906673582139099210e-01
1.174010484850535274e+00
3.871683972823410258e+00
6.220950152147351808e+00
4.038850455546100449e+00
3.626396810073325927e+00
6.503447529522821569e+00
-1.605960962066323106e+01
1.209740884052042720e+00
1.098062597298694376e+00
-1.181966832279137058e+01
-3.464795773613239760e+00
-3.014867573624989694e-01
4.093670499438362698e-01
-4.853329639804876194e+00
-1.340145856651375478e-01
-1.582972477996857641e-01
3.932631598665184969e-01
-6.253535898085946787e-01
-7.451068094160721855e-02
-3.970915630129533830e-02
-1.026240213203193363e+00
4.655701457008100119e-01
-9.981971285250394732e-02
-4.841567872270047257e-01
-4.884824886215931583e-01
-6.493317557968145137e-02
3.366408634621697038e-01
-5.550664465238261402e-02
-6.764972613677391888e-02
1.132956386590487224e-01
3.642538266760970700e-01
8.964039367685293636e-01
8.753813775043058909e-01
2.765342051466044282e-01
-2.175956812888776848e-01
6.814803732502282274e-02
2.881307716512172823e-02
9.078441644621579321e-02
3.080990274006451202e+00
-3.853589797770801129e-01
-6.296021539404237366e-01
3.153692011237476223e+00
1.080315680320364652e-01
9.896649279897842821e-02
-6.740132518474658552e-01
-9.908819752164544914e-01
-3.334818248389257583e-02
-5.520441042794086567e-02
-3.044701748788138373e-01
-8.728103659192952904e-03
4.269054790526639054e-01
9.096028566981036179e-02
-1.603583817939645273e-01
9.637524561849709626e-01
-2.166373436239487305e+00
3.419421241584270077e-01
7.273046368930888850e-01
-1.972963146020637826e+00
-5.250485113203277265e+00
3.328166942771225711e-01
1.301398725553908564e+00
-4.475574606546580014e+00
-1.881584989330460189e+01
2.069234197225410909e+00
3.774120561196848911e+00
-1.773462717933734112e+01
2.415672763188013716e-01
-4.218340582928302440e-02
1.412959905849334175e-01
4.233535592141839943e-01
6.155363332422147948e+00
-7.076629326674385156e-01
-1.349445275190257032e+00
5.708393079792895008e+00
1.801920120841540651e+01
-1.383402585088691517e+00
-3.558480137037970170e+00
1.762081518962909499e+01
-3.054753571227641906e-01
-1.534082949992709777e+00
-1.771200926167269429e+00
-1.972471670425473556e-01
-6.367599196232111680e+00
1.184333710851059651e+00
2.877617093538914705e+00
-6.312806089359508377e+00
2.039478169893510540e+01
-1.774581011439229750e+00
-3.916186131326953035e+00
1.878800422593350916e+01
6.915388178983899081e+01
1.237089316106098291e+00
-8.061483470802890849e+00
5.781399769544410105e+01
2.011304091953208584e+00
-8.554539034422969923e-01
5.669776030559301461e-01
2.714212800486933475e+00
-2.051016459526465496e+01
-2.816074324257734629e-01
2.257619944457087247e+00
-1.730134571989613335e+01
-5.878066294626950850e+01
8.653380774968405520e-01
5.956715015672602753e+00
-4.786971857091219107e+01
-1.189314076592214064e+01
-3.172279986349295200e+00
-4.042159305081377774e+00
-8.393203992651523393e+00
-1.849395140712938712e+02
2.230616816363276467e+00
3.359689289131321743e+01
-1.652721678763680302e+02
1.658562311204265143e+02
-2.896160160347675205e+00
-2.652122838492800128e+01
1.474643237841097516e+02
3.058260207166119571e+00
2.094018933859436160e+00
4.159011112162142587e-01
1.032753323666772138e-01
-7.013151974001486932e-01
-4.762720798256085408e-01
-2.210923718360271462e+00
-1.960886687761760561e+00
-2.677035037225372616e+00
1.459480071076120433e+00
2.153262402221864047e+00
-1.172371326017061177e+00
-2.444866181249122583e+00
-1.859943467116400573e+00
-2.720556689873177558e-01
3.262296568731059665e+00
6.904679896968060060e-01
-2.495560230471365326e-01
3.319233342137477005e-01
-5.734310279647417685e-01
2.550495136077087222e-01
-2.354386967685924592e+00
-3.706144879650932755e-01
-2.734089109577414689e+00
2.681525523567735436e-01
2.132799608813878756e+00
3.065064398813359681e-01
-2.569563736012333788e+00
5.858735087283042930e-02
3.562016985468511449e-02
6.674728405312052582e-01
5.000294619460223661e-02
1.065973773842386896e+00
5.641642821069478009e-01
6.518677016665318513e-01
8.679949488103645416e-01
9.551063340087189601e+00
-2.416317693867128524e-01
-1.178284764330306933e+00
1.007960992958424029e+01
9.773072680675293000e+00
2.012534752171859953e+00
1.044940654240989586e+00
1.283623368254319530e+01
-1.060592855750768816e-03
5.299235405678170974e-01
7.813893134737837087e-01
-6.058980584468646492e-03
2.799267177376617011e-01
3.175753499663816481e-01
-1.156595892197752162e+00
-1.445829469975261850e+00
6.659112587987509047e-02
5.464091866334051112e-02
1.405499757279635442e-01
4.876879969285898009e-02
-2.975029872713619641e-02
-5.228819538135674044e-02
-2.787891022834225116e-02
-2.257756329477028645e-01
2.969702100116105914e+00
2.361746626347843048e+01
2.796277882534377923e+00
2.963476591559813578e+00
3.811599454026085354e+00
5.266999051778273877e-01
2.244348552816535758e+01
3.843621216295491028e+00
-3.775680275637390171e+00
-1.379972804487466620e+00
-1.230975675419879289e+00
-3.062591464052515366e+00
-3.383247661898201386e+01
-3.596719861879036362e+00
-6.234489927393385145e-01
-3.330491518888841540e+01
-1.470676754560628907e-01
-1.174948468935752111e+00
-1.389571882440750195e-01
-1.467593625927410550e-01
-1.887864781728733621e-01
-2.605288867611220763e-02
-1.116691573195941922e+00
-1.903726442944533026e-01
1.881281292370081404e-01
6.863767793020435215e-02
6.118330196422216982e-02
1.526124771845820682e-01
1.684243092072281955e+00
1.788912226638808001e-01
3.081698752137393069e-02
1.657958007904723363e+00
3.434806365543487061e+01
-4.014705248276691840e+00
-8.235769945818025572e-01
3.254745802861153692e+01
4.368559177774129409e+01
3.552722861925082576e+00
6.843045290019101223e+00
3.325037667491888982e+01
-2.069275192756097129e-02
2.663039462797784473e+00
1.805765521090183290e+00
-3.585350201817087516e-03
1.082489478575574537e+00
9.539679700767169646e-01
-4.927877560639424281e+00
-3.940817917418342198e+00
2.267165830691069139e-01
1.866312668365209260e-01
4.787247676719110778e-01
1.659977964013290008e-01
-1.014694657399616839e-01
-1.781397181460646073e-01
-9.580466148992161646e-02
-7.690415983926314203e-01
-9.376034985002844380e+00
-5.471098841469719787e+01
-1.284801528447631735e+00
-9.297925830130827407e+00
-7.229239626187042411e+00
-6.817521682183537379e+00
-5.757363233644551315e+01
-7.244426924110486610e+00
7.463947087817935255e+00
3.001413495787748964e+00
3.364299171312316261e+00
9.202063656317186258e+00
8.118230939694947779e+01
1.520870954542122400e+00
8.767885544488120075e+00
8.246767626231329018e+01
-1.455330867602831546e+01
-7.181006074774079195e+01
2.082738761914690429e+00
-1.443206683176017791e+01
-1.122097548734121908e+01
-5.785377221321123642e+00
-8.222304316375196720e+01
-1.124454839068129175e+01
7.687998204219312015e+00
3.138586754201233564e+00
3.515276839950560728e+00
1.245136503506261150e+01
1.304375296345868946e+02
-2.297968311710223421e+00
9.730303650419903860e+00
1.361038134223684040e+02
6.472543594830052704e+00
1.444433962281330031e+00
2.552188586342734600e-01
6.458776680196850251e+00
6.175519275358947180e-01
1.221409445574799024e+00
1.183424926436270175e+00
4.470260265646878173e-01
-4.483444653314743941e-03
-9.056712341433786895e-01
-9.294755209899614457e-01
1.599337684897404743e-02
-4.518382514243249881e-01
-1.878088292129684866e-01
-2.620817397306621221e-01
-4.113935017439993569e-01
-4.918404553714007932e+01
-3.307515346748490259e+01
-9.623371651130641524e+00
-4.909858471838349203e+01
-3.766632245516629496e+01
-2.075676445427573569e+00
-2.646070979833567804e+01
-3.775049312686395808e+01
1.376212760976474936e+00
9.334177995864735289e-01
2.710399217524201987e-01
1.373829418577915851e+00
1.053423758971175461e+00
5.861205487562732436e-02
7.464977414390666643e-01
1.055787434440215611e+00
-8.226129227424817003e+00
2.543652547736304781e-01
7.087141541195036698e-01
-5.044396772714661026e+00
2.223232786601875510e+00
2.621078484161769584e+00
2.919921701965153105e+00
1.368919243290029675e+00
4.380519652103338935e+00
7.294464986102110693e+00
-1.909432413638409987e+00
-1.813688703143591319e+00
6.998109579122720803e+00
-7.222842774917290765e-01
-1.764584314384521457e+00
7.793427300930578561e+00
-7.058524835327983027e+00
-3.477981683878341723e-01
4.361433926083095880e-01
-6.444214385385538257e+00
-2.304252246832422912e+01
-2.375408746576582186e-01
-1.436880823659086648e+00
-2.336048670870810184e+01
-9.903427305173115869e+00
7.873285859991270563e-02
-4.079445243784626252e-01
-7.449229207910617490e+00
1.135389839778451204e+00
-2.424727077050722879e-01
-4.680212630671252705e-01
1.411213385599814574e+00
3.840420411387498945e+01
3.959014577628888198e-01
2.394801372765110514e+00
3.893414451451133829e+01
-4.307936915518511967e+01
-7.355423753447178914e-01
-2.280203947186590252e+00
-3.993181871667944449e+01
-2.775295374442811713e+00
-1.151003349238811230e-01
-5.120614125770021063e-01
-1.613561178653605932e+00
3.269776113693539710e+00
-1.639432394960292638e-01
4.403748195395406628e-01
3.706430332226295032e+00
7.179894859197413837e+01
1.225903958907849756e+00
3.800339911977615337e+00
6.655303119446536186e+01
5.892605104915304537e+00
5.496191343802955487e+00
2.218844039298704995e+00
1.664474521831948772e+00
-2.882173715582121987e-01
-3.293706379403649742e-01
-9.821008508193573405e+00
-9.160318906337620248e+00
4.819475539418583976e-01
8.060802023070579025e-01
2.578889082589215231e-01
1.927070807164084354e-01
-2.562101281113369211e-01
2.296364148377853798e-02
-8.032459232368709401e-01
-1.343467003845238983e+00
2.805209001472601571e+01
1.066979566451872197e+00
1.490334409100965818e+00
2.689188180722263866e+01
1.826350192629722002e+01
-2.460507864180371679e-02
-2.011801298912130331e+00
1.587416736214000501e+01
1.294172019806542551e+02
-1.184757848352065712e-01
-1.483555367242663081e+01
1.128420323766927567e+02
-5.093152920615442447e-01
-2.526745616986594722e+00
-9.664591005426488579e-02
-9.989439943236045893e-01
7.671336537377926312e-01
5.651155679497600337e-01
3.465813634537192045e-01
4.565042049682890846e-01
-2.753432040146549298e+00
-7.875722429122768986e-01
-5.747589702812156975e-01
-2.703247953291018302e+00
-1.115801680052453809e-01
1.683000081767898129e-02
-4.526017649970050238e-02
-4.214643671930383140e-01
5.458209845279808625e-02
8.538393760245031883e-02
1.934275838276869330e-02
3.447239581142700487e-02
1.011964386159285034e+01
-1.975120083588916131e+01
-1.969380520824226366e+01
1.320449924859552260e+00
7.287673938768792770e-01
-1.645517697835921922e+01
-1.646107247995881551e+01
7.333596686614840543e+00
-4.981811741275878447e+00
-3.559857496164809731e+00
-3.552791206922359724e+00
-9.289892165469731955e-01
-2.348016919021799764e-01
-4.913525405767463106e+00
-4.959404832113763817e+00
-3.682827922374771745e+00
-2.014705157572191041e+01
5.096462956649967513e-01
2.484917987815734364e+00
-2.126133281570769284e+01
-2.057404837631844430e+01
-4.233086446843914885e+00
-2.197418316335692179e+00
-2.703146711035152094e+01
2.213463848067780647e-03
-1.117696893390611512e+00
-1.648365141875661521e+00
1.281773884848507426e-02
-5.904983833390278214e-01
-6.700727065073196487e-01
2.439170689363476363e+00
3.050445899510916270e+00
-1.402932453055566464e-01
-1.155949481482130420e-01
-2.962765110312436390e-01
-1.027030513573652104e-01
6.282494510134156718e-02
1.102594591460474283e-01
5.945319820828307705e-02
4.759554424042129472e-01
-7.771238944753417144e+00
-5.438674544964736413e+01
-2.365231065323914805e+00
-7.754947418659888569e+00
-9.974161701676653280e+00
2.826847826002488517e+00
-4.515888496968629795e+01
-1.005795315687462832e+01
7.980186101352260586e+00
1.848213062776978610e+00
1.651477602169546532e+00
3.985546222615286016e+00
9.680598213305583499e+01
5.403375375255704327e+00
-3.173578728520658032e+00
9.164093255661011028e+01
8.192918884807595115e-01
6.512599280010904046e+00
7.711513206310250945e-01
8.175743348690971413e-01
1.051537276976295843e+00
1.453040192775358341e-01
6.188810668370394730e+00
1.060371081453303388e+00
-1.040993432573613431e+00
-3.805522764167475480e-01
-3.394914026877106084e-01
-8.443737496112904140e-01
-9.328833583800198781e+00
-9.918053899536274365e-01
-1.719999461441052979e-01
-9.183409974123971864e+00
-2.193021445003370218e+01
2.563078277650917780e+00
5.256646127320958595e-01
-2.078090484594392962e+01
-2.788110371153273093e+01
-2.266407825044603808e+00
-4.366040123588132538e+00
-2.122071809820377553e+01
1.322171976024992708e-02
-1.700216848871118236e+00
-1.152853216830947103e+00
2.282617802258357208e-03
-6.911536714794470626e-01
-6.090747678597974168e-01
3.146420148180854248e+00
2.515890559828878992e+00
-1.447032552910623160e-01
-1.192370862207596527e-01
-3.055929327305906829e-01
-1.059298744982927615e-01
6.480266259321962319e-02
1.137275312397096338e-01
6.133574412096919753e-02
4.909223228228491998e-01
-1.093483368789248367e+01
-6.382135299421616992e+01
-1.498414611827943999e+00
-1.084373703492485319e+01
-8.431044212409476657e+00
-7.952386220353075075e+00
-6.716036898029328484e+01
-8.448756073632408103e+00
8.707533111811923021e+00
3.500952255712228123e+00
3.924393337458214948e+00
1.073515305973784706e+01
9.470289619000928383e+01
1.773709085889414672e+00
1.022787019671070574e+01
9.620257140689919595e+01
3.031848217499777398e-01
1.769534512765948309e+00
4.154580812980042392e-02
3.006590300955008788e-01
2.337635188101477024e-01
2.204910487122282436e-01
1.862113505148470294e+00
2.342546072195718365e-01
-2.414278492944640087e-01
-9.706885907010648351e-02
-1.088092626037344274e-01
-2.976463443563496791e-01
-2.625766202908975444e+00
-4.917877869584823952e-02
-2.835817413405130605e-01
-2.667346583847096220e+00
-5.068019183718374876e+01
9.039043808182929851e+00
5.944048681250549970e-01
-5.747237343853657876e+01
1.146908807467148961e+00
2.564011800676182506e-01
-2.890180126514656500e-01
9.524445837773587442e-01
1.666963583288778139e+01
-2.956089692786477041e+00
-2.151511003565356184e-01
1.848768061017576514e+01
4.931563908337690094e+01
-9.386695389048050231e+00
-2.885952312441497983e-02
5.590973636351910159e+01
2.155831295189151842e+00
-1.159198955736139985e-01
7.942877306589936348e-02
4.031733428991527646e+00
4.056072674524360822e-02
2.732027486428580954e-01
2.207705482451426393e-01
3.029728983674575549e-01
-5.704970683754040373e-01
1.694089326050646216e-01
-9.521369477203810161e-02
-1.407588795532877191e+00
-2.690001230553219269e+00
6.605577657504214939e-02
3.167961873263671069e-01
-3.016169563592753899e+00
-5.117336605200836885e+00
-6.355593469706257714e+00
-3.274117228161537163e-01
2.015635908773845131e-01
8.357139878776719266e-01
1.833356625613267621e+00
8.303081167082817515e+00
9.427040036670335965e+00
-2.845079983670868451e+00
-5.015906782648952955e+00
-7.925788750414740624e-01
1.023891779513212835e-01
1.076245987294625506e+00
1.432838527546736573e+00
2.430195475972694474e+00
3.490994647032470422e+00
9.469917261591173085e-01
1.075359791646973484e+00
1.268690466952721696e+00
1.989695865208972014e+00
1.829096176299383814e+00
-9.617007791235583358e-01
-1.374345004863496200e+00
3.576597461445484294e-01
-5.898572487543289888e-01
-9.389011636664823524e-01
-3.189360182566732149e+00
1.101187948350477397e+00
-1.973945232394689597e+01
2.291639627048149552e-01
6.717566319444068235e+00
-1.920189664843733723e+01
5.307134850249735791e+01
7.236017772820343419e-01
-5.588791837430460596e+00
4.562916904183813216e+01
-1.618439405168046186e+00
1.477465430032833260e-01
5.779016098954906644e-01
-7.551914535016107221e-04
2.129127817719747462e+00
-7.128014205887860388e-01
-9.489176124082837616e-01
1.429470344704605100e+00
-3.165270938896841191e+00
3.569357233402882246e-01
6.071866986426340818e-01
-2.581562817951835065e+00
2.171330425628814176e+00
3.557175839387039851e+00
-6.702752287890085370e+00
-7.368560180916697178e+00
1.235951567508605020e+00
-4.295336277344568021e-01
-9.080750921213547322e-01
3.733092532147032294e+00
5.191458483259215884e-01
-3.100053833236250167e+00
1.707086878161967025e+00
1.411290699569492935e+00
4.495821970548864499e+01
2.671902669857137425e-02
-7.937569394903334796e+00
4.022094870087147456e+01
-6.844641655263264113e+01
-3.687543443496958395e-01
5.879177340393028750e+00
-5.867937713580769810e+01
5.425638022092866919e+01
-9.368823122170127249e+00
-2.795584920389741490e-01
6.134622092200117294e+01
-2.357567536438000211e+00
5.017927390183356540e-01
1.030437596513553850e-01
-4.319885596847298004e+00
4.043649321445864864e+00
5.730340915472174501e+00
2.766579583375853968e+00
4.374921291540275092e+00
-2.367123743434614269e+01
4.659273875379658314e+00
8.270367658690260804e-01
-2.711297746392410346e+01
3.018338036731359608e+01
-4.316353740808657413e+00
4.689255418805574616e-01
3.428565331132699612e+01
