1.236277661408131390e-01
1.550618078632899910e-01
-8.354457498473424838e-05
-4.026828025523398330e-02
2.238415562840810336e-01
-3.879696079237833772e-01
1.510114962894568702e-01
-3.133367890137257472e-01
2.736343174069869599e-01
-6.235222893015640588e-02
9.518486283245486401e-02
-4.904235971387803095e-01
2.810250477710697359e-01
2.768688571357869749e-02
1.158034857063498096e-01
-2.424827845025143425e-01
2.708069184544224517e-01
5.190762720748771236e-02
-8.829697224889848997e-03
4.115401409079505468e-02
1.357963629121023141e-01
5.889671403661574794e-02
-3.350782836661170966e-02
6.041118823996980552e-02
8.909713219490605907e-02
-3.001634150688391178e-02
7.737321895963408629e-04
9.617010123699126084e-03
-4.254095340334868719e-02
7.348888584677980111e-03
3.074610927094810833e-02
2.150515746010940241e-02
2.613978262885576220e-01
1.723649286043707832e-02
3.915731480739992505e-03
-1.440610308219060672e-02
2.173861978827251393e-02
8.092413944109159984e-02
2.046230725629268055e-02
5.362226144636512981e-02
-3.089909381958355628e-01
1.290208175725853501e-01
-1.154933856902005951e-02
-7.692827563331189160e-03
3.828868964527897684e-02
-2.103374602634888735e-02
1.628193439967317137e-03
-1.716735082892747316e-02
-1.353111789891505226e-02
1.798121598698217485e-02
1.118502847126878925e-02
-7.617739271016667202e-02
-1.063650811004822616e-01
-5.244672083227829712e-02
5.901646324637226798e-03
2.237447150936396761e-02
2.428457651821510840e-02
-2.460002652569178716e-01
-8.557066120745134702e-03
-4.078587180216479424e-02
1.957763898259617663e-01
-2.895844192235882270e-02
2.022968237735988870e-02
1.569280094137530043e-02
-4.123231982815649815e-02
-2.590591460526452949e-01
1.048325857295980268e-01
3.836348001936105978e-02
-9.132977986830469186e-02
-1.101522226808290990e-02
3.139240305947979363e-03
-3.382539970388141054e-02
1.429948411346149417e-01
-7.429921349643353601e-02
-1.359658756727075883e-03
-8.871470191772144395e-03
-2.106405203755176356e-02
2.797578313564618169e-01
-2.423607144591946594e-02
6.066586731562911838e-02
4.778271793776363574e-01
-3.064675660799465184e-01
-1.899277748669448151e-01
4.492714683960503108e-01
6.531355147737402667e-02
-1.967589317969578935e-02
-3.221387917109293491e-03
-6.494182495176126918e-03
-4.509331930316936438e-02
-1.176872988927150643e-01
1.166574576014360598e-02
3.452815221668229656e-02
-8.825333975425064814e-02
2.111834008762364032e-03
-9.819229938654991038e-04
-5.090237031336312945e-02
-5.127417901995167358e-03
1.977059773794367231e-02
-3.238262191382475404e-03
-6.791068948707295813e-03
5.079083800392538567e-02
-1.583954618860754573e-02
3.864378650280581896e-03
-3.077181270818751119e-02
1.222966414409519184e-02
1.532140678084321916e-01
-1.222475050351842785e-01
-1.921852931331815839e-01
-9.167947801841200284e-02
-9.587613670731674753e-02
5.062102945578343949e-01
2.909002837039349754e-02
5.469146694809754600e-02
1.065693219218902255e-02
2.153098436266523141e-01
-3.713841148766715283e-02
1.217379667075217838e-02
1.930335442085891152e-03
-1.285420485278336231e-02
1.079201843793097110e-01
7.841257913421112100e-03
2.712376916134120238e-03
-4.940975335810105645e-03
3.564921672126410840e-02
4.879332778009802529e-03
-1.853036529617818062e-01
-5.046348360275363515e-02
-6.310719208788165280e-02
5.000093097672883014e-01
-2.268262580267651346e-02
-3.167122817533449958e-02
3.442755616435481253e-02
4.748636785440550471e-04
1.328989424361381490e-02
1.688866463230449116e-02
1.274333281690896991e-01
-2.074427059468864076e-01
2.129156958186985069e-02
4.147911648107494020e-02
3.082300585337179738e-02
9.151518910802917961e-02
6.233374206603961229e-03
-6.856391729440117992e-04
-2.289038465316733384e-01
1.711396663919931976e-02
1.285996545879276691e-02
-2.389418443564889603e-03
2.867052460341605949e-02
2.105640220758933992e-02
-6.493811265485521962e-03
2.388472818635397309e-03
7.166680016297877036e-03
-3.182670665731288936e-05
6.482066316257731678e-03
-5.222060122487460002e-03
-9.608093067238961419e-04
4.117026044070644895e-03
-1.236504023544523177e-02
5.285092644484839760e-04
-1.277924831236480470e-04
1.971371307932475499e-03
4.829725198929524428e-04
2.490019941181120886e-03
1.127484953426079536e-04
3.115164562302519344e-03
-1.804020293984683586e-04
1.093326936062698424e-03
4.698711396042871274e-02
-1.945378168302063990e-02
-2.868259313333339049e-03
-3.069073455178087523e-02
-1.301118962130149992e-01
-1.425392456311848181e-02
8.178175859995043262e-03
-2.091258281909439895e-02
3.706224600955643905e-02
-5.150574472504242975e-03
4.639413064782957341e-02
-6.115162295849798160e-03
1.361526213221518448e-02
-2.745242407093076084e-02
2.178605690679550570e-03
-7.530317267402207929e-03
4.855175508537646484e-02
1.865706688883837956e-03
-7.801022343369049894e-04
-3.885642700297576441e-02
-6.731559146005466204e-03
-1.355594456409299313e-02
-1.284444687986783518e-01
1.458698484896613079e-01
-2.400598163610597954e-02
-1.882638737590884266e-03
6.780232824495512414e-03
7.409498077942749950e-03
9.864007306177162773e-03
-2.352291179939506455e-02
-4.842314739600596385e-02
1.410966936377123539e-02
2.016998380405918972e-02
-4.377916072017293964e-03
9.398922203420362678e-03
1.680602807631556214e-02
-7.146991622342291524e-03
7.212838556841964961e-03
2.193389655620824139e-03
3.429977180692075304e-03
2.357035186575601460e-01
-7.882678151033938319e-01
-1.654473315884717050e-02
3.348508455226212321e-02
5.470571593662060077e-03
-7.290411645577656767e-04
-9.002361965455238715e-03
1.042872627148179769e-03
-2.373088479386852717e-02
-6.045351603280408465e-02
2.260048288323636412e-01
-6.532656371447137511e-02
-9.519056595930202452e-03
1.412905173921050368e-02
1.992075287809967968e-02
6.520428430163895811e-03
-3.217709386049085948e-03
-4.535227390946444670e-02
3.459308427142346321e-02
-1.265091716569753926e-03
-2.295155905264594735e-03
-7.587622322681428048e-03
1.010048936975732441e-02
-1.282322130568462615e-02
3.736690725351475475e-03
2.276902065416554558e-02
2.598460120793270878e-02
1.535058421149846919e-01
-5.714393310384476843e-01
-2.135851725984678692e-02
3.135632209448392660e-02
-4.400043188854074706e-04
-4.691829131106696471e-03
-6.741815593871877850e-03
1.544971404317948497e-03
-3.045110933293413563e-02
-7.464499976086130806e-02
1.554713616130402043e-01
-5.549874267355761615e-02
-1.163887207319114084e-03
8.024326142334331849e-03
2.210524675043559761e-02
5.382156451456275061e-03
-8.456488278874151054e-03
-2.487020813899637126e-02
3.735232847393021166e-02
1.405247940548870001e-03
-1.223820229012826961e-03
-1.905954639623955215e-03
9.922566335104927165e-03
-1.762190971842835657e-02
3.243103700953352438e-03
-4.747281333203087761e-02
-2.954124666676164260e-02
-5.914228168101428457e-02
5.139863557707561315e-01
1.792309948926313345e-01
-4.078972938897260092e-02
-3.273615195427363039e-02
-1.701363304252562214e-01
-2.284331966954422644e-01
3.571605578144760457e-02
5.724734018894735155e-02
-8.328794329381540573e-02
-8.156668588848221824e-02
-7.276235656753465841e-02
7.702541348809456567e-02
1.357431405095614260e-02
5.896724591541792349e-02
1.097133828934266780e-01
-9.124163316950420141e-03
7.597334530437017085e-03
3.069382129665791832e-03
-2.862367150588016550e-04
-1.000940553469099013e-02
1.343818912488450000e-02
2.463438194384192422e-03
1.415312266997491124e-03
2.406576315053331628e-03
-5.380048084417677614e-04
-1.549732167266774279e-03
9.692186476272917142e-03
-5.863062588962012628e-02
-2.733843434902722205e-02
1.081191682910496825e-02
-6.360714587118853486e-03
2.562068938008022195e-03
-3.664640352727183224e-03
-2.131412011880078148e-03
8.040664234136209870e-04
2.440666843835918587e-01
3.950159363281037506e-02
1.756920971423446163e-03
1.128083053678483744e-01
4.506700882877235359e-01
1.945058892667654582e-01
5.462824297050493383e-02
3.605242133323950382e-01
-1.284321903515388621e-02
-3.361254601690396877e-03
-8.151089831733262375e-03
-1.471235527108646912e-02
6.816990108473366949e-02
7.986357224100873453e-02
1.445489387292795379e-03
2.825831956014838650e-02
-4.414363730056831969e-02
2.374725225159664832e-01
-1.953223708168113498e-02
-1.029588526250474201e-01
-1.014780727499414309e-01
1.828717951720448542e-01
4.929248146781475826e-01
-7.774836867016482467e-02
-1.458757914143837126e-02
-3.257279159188707779e-02
7.149520899179388767e-02
6.797095642212229102e-03
5.689293138315760535e-03
-5.395363470355135291e-03
6.174180519507868614e-02
-8.806848219859546301e-03
1.923120894758008695e-02
8.303250724906764690e-03
-6.403990004933544922e-03
-3.292595142135142094e-02
-2.430993551409298473e-02
2.025263778566710905e-03
-1.001819740188821320e-02
-1.461329462835392161e-02
9.348586270222172256e-01
3.399637640605404632e-01
-5.355017995215862747e-01
5.860650400000744220e-01
-2.018741891914239972e-01
1.903162291975020112e-02
-6.840890101948784996e-03
-1.122613078304372236e-01
3.067870005127020655e-02
-3.270134628941400584e-02
-1.499428754675363566e-02
5.008290565231474784e-02
-5.867711037850027733e-02
-4.687481399477482630e-02
-1.184819362691479257e-02
3.565748049540586571e-03
-2.140635977768415299e-02
-1.684812473699001407e-03
-1.505966731267433488e-02
4.553922945496591788e-03
1.420819468047651753e-02
1.658642797415980788e-03
6.474727530030475672e-04
5.877911911356167168e-04
5.964742131375024015e-03
6.972817786091922102e-04
1.207636337438941368e-03
8.255103465675636687e-03
-4.875923957924370444e-02
1.541569150115690073e-03
3.130008671554876908e-03
-9.519701181247328114e-03
1.201324515254489911e-02
6.516180525409499651e-04
8.783591312728829693e-04
-2.842915968472316257e-02
-8.251730477266987218e-02
5.614671573212523352e-03
7.618235347156108658e-03
-1.878869536333605816e-01
-4.659013252965703983e-04
-3.574929987990727444e-04
-5.847139729108420669e-03
2.626013462379390376e-03
-1.400417356342223592e-02
-3.611094982118883551e-02
8.979827920248309100e-03
1.564868781342603323e-03
-6.900523425273272747e-04
-1.306922281076801666e-03
-4.593728762860901232e-04
-1.375540052147867153e-03
-7.243894630074644223e-03
-6.306775618396544617e-03
9.650552273993771423e-04
-1.353254047334592411e-02
7.117768310927649091e-03
-1.519400315554678268e-03
-8.543202040526839220e-04
1.297140013236053151e-02
2.111589442311876536e-02
-6.483106230381670970e-03
2.125515146355939911e-02
3.478109838438737250e-02
1.449948557095239680e-03
5.937212507822696959e-03
1.274180078572383600e-03
3.994077987339419815e-03
3.672241000874440411e-03
1.974033288042699539e-03
1.683839928823757399e-04
2.258632851049530328e-03
2.935390769527602408e-04
5.829098828402148316e-04
-2.380635924090412296e-04
5.803586354477578918e-04
-2.212077504588624149e-03
-9.443204881358080449e-03
-2.849343491552907594e-03
-6.386925253850483930e-03
-8.609828166045692746e-03
-6.573206538202603852e-03
-5.737959432698796873e-03
-6.531645559785605876e-03
-6.085764226903043680e-03
8.631300999606358632e-05
2.815943541861046814e-04
-4.328308006470310727e-03
-1.669291185212924038e-03
4.979090028071217694e-04
1.151647140657685803e-03
-2.265026260519968290e-03
1.544204705441421660e-02
7.651899667020567453e-03
5.205507582909372523e-03
1.142787728556665834e-02
1.678943220745888337e-02
-6.959874673902584352e-03
-1.104927747948139874e-02
-1.229734253904218519e-02
3.706114578456872616e-02
-1.781167042798218261e-02
-2.492607274411872114e-04
3.971565875324661876e-02
-2.542881730849495380e-03
-1.201955678419180766e-02
-8.422011249799511018e-03
3.780115725908660129e-03
-5.657562560625667425e-01
-3.035620978823649896e-01
-1.121571688348716178e-01
-5.937834559388086575e-01
-7.581430442502223865e-02
-1.018828507345331258e-01
-9.105041321835810955e-03
-2.035234022129548195e-02
2.513980832322862402e-03
-4.479456670926299511e-01
-8.007094521913137308e-01
-1.462692813718103300e-02
-6.494889989758810822e-01
-2.491478650520480842e-01
-2.496649382093376474e-02
-4.640128961111748551e-01
-6.029911440118528032e-02
1.499388709345398155e-02
-8.579168249991227235e-02
2.973891674780837144e-02
-4.233370389335521650e-02
-1.502207470810221490e-01
-2.338230197399856214e-01
-3.031715798649601765e-02
-4.187360071282476663e-03
-6.179659597751474553e-02
6.758181830931751788e-02
-2.259476829802690989e-02
4.175327457177926416e-01
-4.419496291818731694e-03
-2.354110002444044156e-02
6.996808988257854911e-02
1.505594135966560609e-01
3.030297711526908078e-02
-8.395944555802874881e-03
4.179148018452358282e-01
1.593960411392617710e-02
5.754387916138092168e-03
1.975790595241539490e-03
-3.828568389433633853e-03
5.576676224433866269e-04
-8.343376575364340811e-03
-9.936019957202753619e-03
1.714612454565972444e-02
-1.083174025886737696e-01
-8.308973507524989796e-03
8.421934513167387767e-03
-1.389375975087155934e-01
6.452863564823714537e-02
-3.047544760203049416e-02
-3.250259823398517212e-02
6.430549660968803982e-02
6.720642903778312584e-04
5.810336664574883227e-05
9.287079730067263755e-05
3.889630535443259650e-04
-1.386613745306750911e-01
1.099650414641098126e-03
-7.159001061512967369e-04
-2.608209716267792522e-01
-2.513973075060989548e-01
-7.603303064017737783e-04
1.205629906764785599e-03
-1.003429177825252150e-01
-8.307038869503874379e-02
2.103272171747814752e-04
-4.355043152517114238e-04
-1.348557799554656322e-01
-1.304387285335831814e-01
-4.090578279560172742e-04
2.391334270655392526e-04
-6.578046371361481737e-02
9.316087366831314609e-02
6.113241305648691414e-03
-2.448924050402917843e-02
3.516417647945580677e-02
4.061681261223026862e-03
1.498458801297788100e-02
-5.610316663118112418e-02
4.234772113360420198e-02
-1.552250735768170159e-02
-6.887035301174949681e-04
-8.168222201711480140e-03
-6.301361609455498336e-03
-7.291882648866584125e-03
6.071047538204691306e-03
-7.278786413074046953e-03
1.538844328452805251e-04
1.289029481105184206e-02
8.755739048202097058e-03
-2.037487057970656101e-01
-1.248690884169861709e-01
-2.191768210486360474e-02
-5.938351487901959852e-03
-7.335865802619873088e-02
3.902597074713495817e-02
1.822314108722596776e-02
4.193421381496281047e-02
1.051649747132608753e-01
2.294518056038260256e-01
-1.678406522503091136e-02
-5.370202215194175288e-02
5.141629179056351334e-03
5.020108782849387434e-03
7.417464776894495265e-03
1.427954544280573244e-02
9.431972873128116955e-03
5.883249767157208016e-02
3.092291642560728859e-01
1.454442191021205859e-02
4.086325935409196308e-02
-1.990112597355169766e-01
-4.261680071283888843e-02
2.594037433800139639e-02
3.597209450694463517e-01
-2.404275451040065459e-01
4.936400536492766694e-02
-1.409882091917858023e-02
-5.657263168501858175e-02
8.171353696814281919e-02
-5.432329339375808752e-01
1.470475345955064850e-01
4.399423335572945626e-01
-1.729878600526655319e-01
-6.901345166055526670e-02
3.040998428172845269e-01
4.354691891552908006e-02
8.315061511641061442e-02
4.936584489406312115e-01
3.146959578309324046e-01
1.092529914560662167e-02
4.643459033132507630e-02
5.400728271138267172e-02
2.007069577035695274e-01
-8.576314487784773011e-01
-7.446635491243143168e-01
3.389428983594605649e-01
3.371212809101522406e-02
4.471218599801856514e-02
1.484857712024167942e-01
2.579290677920673680e-01
-6.016740087336981853e-03
-2.417981629008946528e-03
1.580468992866099036e-03
-1.044695685988147188e-02
1.386904819420572412e-03
2.442852282263945855e-03
1.313618181402706822e-02
1.384982642097183983e-02
1.907730939146617954e-02
-1.112067963685059273e-02
-4.967808552278221192e-03
2.217110522032805873e-03
2.366643347424049471e-02
3.519054651571897063e-02
2.309041437212410244e-02
1.153640929996422107e-02
-6.740228261945408958e-03
-6.871611773133750722e-04
-2.318451644988234715e-03
-3.592722266834431303e-03
1.417051155900187973e-02
3.731996971115591165e-03
7.798718258182509716e-03
5.680149126334808722e-03
1.189583848469829945e-02
1.156687569036214669e-02
-6.185938067836406831e-03
1.609487357941291261e-02
9.322706387531319583e-03
-1.253811959146773625e-02
-1.273984213773840524e-02
-2.609792546595424406e-03
-3.938537533458391811e-03
-8.108550565041987984e-03
4.054378988188536009e-02
-6.736786252621882430e-03
-1.287801744054273279e-02
2.215832782509179200e-02
-2.169298873136237538e-01
-5.122719388025560872e-02
4.918097700230667640e-02
-3.277025495670846805e-02
-5.288419232289181399e-02
-3.208565185483960164e-02
7.294332613668743151e-03
-3.514627024724941567e-02
-1.283491607094825772e-02
-2.388893899237080204e-03
-1.120256814577441778e-01
1.038583372294812762e-01
-5.280929142548283772e-02
1.672148315261889201e-02
5.523899305570423648e-03
3.659451956216858842e-02
9.171038138278990101e-03
-2.301141814361395629e-03
1.769558214848942742e-03
7.697845167200895525e-03
1.010986165613097544e-02
1.645464400106342803e-02
-1.092748396889315320e-02
-7.450082115417137017e-03
-1.586329867037256369e-01
8.005959327354746080e-02
-1.957176415948320286e-02
-3.913464840692567476e-02
5.134150802150561771e-03
1.148633641761622262e-02
-6.388652821303026329e-03
1.845146245621777370e-02
-9.803539456036775013e-02
9.387455087817744848e-02
2.397583706702975312e-02
-4.024050220800606814e-02
-1.390414401764467588e-02
-5.444128820720471607e-02
-7.819538558273652143e-03
6.359287715061881160e-03
5.341557305884855021e-03
2.245929613026515295e-02
-3.353684944211190577e-03
1.520507078908268092e-03
1.328051243170568765e-03
3.152699370958586024e-03
5.326404337186584938e-03
-1.096927099108844323e-03
-9.927946115763385850e-04
-7.718578638086522449e-04
1.636786573439000247e-02
-9.019070469711669424e-03
-8.107454771572524671e-03
-3.400819817074206969e-02
7.248751258421440302e-02
1.074444714224915137e-01
1.403738488576713739e-01
-2.457392456447638762e-01
-3.370432925828802107e-02
2.378433424145379518e-02
1.503435420783577267e-02
-2.055442614592976197e-02
-1.298537550716719613e-01
-1.174136397044606497e-02
-1.311763492128634363e-02
-9.613440021587889295e-02
2.560619748257184636e-01
-1.442178686562329004e-01
-2.033804342722335956e-01
6.605035507436002318e-01
-3.125699180288809553e-01
3.516920711927313398e-02
-2.328771152970562641e-01
2.880208517611948169e-02
3.224549729390769476e-02
-6.564205811245156508e-02
-9.111697268493311463e-02
1.192241694988820447e-02
1.899554558883057367e-02
-2.175656426609754932e-02
8.316453099785535430e-02
-2.663679584536750560e-03
-3.309351749892489123e-03
1.107556673300093830e-01
3.755259562351605934e-02
4.349025187484525934e-02
-2.813071647546463820e-03
1.481928972537411035e-05
8.218429832056019235e-02
4.027151709576926378e-03
4.407243943106604021e-03
9.983872883267665144e-02
2.135537056942744122e-02
1.354786543724200180e-03
6.434278168292224430e-04
2.319744198882680783e-02
2.023136463656687294e-03
-1.180456641012024438e-01
1.926018185348862821e-02
-1.751483372404268393e-02
-3.667312516908865366e-02
-4.353573711520928452e-02
8.847084587968941094e-02
2.354919507997964290e-01
1.450650983582783826e-02
-4.150782859600620628e-02
6.741081917821327082e-03
6.611978173467305316e-04
-3.769840708762823168e-03
-1.228217546509806184e-02
-1.838879499248820531e-03
7.748714086099808829e-02
7.259388427896440454e-02
-1.589302370283133745e-02
-2.365454063149001473e-02
2.310771585185384391e-01
-2.382596297026139814e-02
3.890242825995965121e-03
-1.298947971288000281e-03
-9.039243900139180832e-03
-2.418174364523843420e-02
2.652720524414267124e-03
-8.213128180916287688e-04
8.263464350634599359e-03
-1.200092266288360632e-02
2.061990806253901840e-02
5.034492756769858024e-02
-3.864635394117166278e-01
5.913045886956875587e-03
-5.923771117519777141e-02
1.289247734460746003e-03
-1.085850592187563059e-03
5.047229210497149524e-03
1.462160700242683825e-02
-2.842168500266514797e-02
5.205743867777259948e-02
-8.682321152037768275e-02
-1.964415395362723860e-01
3.757526653683802842e-02
9.948613375505451634e-03
3.321888500240074982e-02
-6.819257690635617541e-02
3.510692629174928109e-02
4.592489768762934577e-01
2.409708157902585787e-02
1.456886410956872383e-03
8.048657825080981695e-03
-3.287883087037901664e-02
4.238697501256257459e-03
6.377334818934337138e-04
-2.966638551733009714e-03
-1.129087275760601175e-03
-4.795752893710971895e-03
1.602507139922371192e-03
-3.387396595355785921e-03
2.846104565046160897e-02
-2.984824412982399131e-02
-5.705676633582759845e-03
-3.057005370407725985e-03
-2.110157976981200459e-03
1.937087179913051785e-03
3.841892856643039887e-03
-2.303991583597303754e-03
1.455951038980689369e-03
1.940587571990345570e-04
-2.594413335349461149e-03
5.013602889359975888e-04
-9.499225297490974593e-03
-2.632881107685405148e-02
4.947267166980320180e-02
-1.082179247601793405e-03
5.033070839695416229e-03
2.169098327123348321e-03
-3.775230400536478542e-02
2.950127972677419122e-02
1.280060918867404092e-02
7.048869015489285517e-02
2.229055957565167015e-02
-6.565310932365520102e-02
1.722835873654204875e-01
2.853129299857822335e-02
-6.832109307909045581e-02
-5.613528136326371987e-02
7.005485836913447062e-02
-6.418014314856188528e-03
1.724882305366023938e-02
-1.723171603279476660e-01
-1.746390072722760201e-02
1.300164431318360028e-02
2.458909304726377906e-02
3.181922373479674770e-01
-8.128908547010044172e-02
5.974961122901311511e-03
6.327596178794380778e-03
-3.931987210020033985e-02
7.673347415667278876e-03
1.291036210454893536e-02
1.116627256576033650e-01
1.846053692790539102e-02
-2.101059974261533514e-01
-5.229627360761169436e-02
9.861147707908145960e-03
2.306359577442125205e-02
-4.569130183409760709e-02
-1.480548599721189136e-02
-6.153700664625152451e-03
9.558577914809277334e-03
9.523076624315077177e-03
-1.266732740937073255e-02
2.754655391132466860e-05
-1.233588421450085640e-03
-7.945113461370023958e-03
-9.121348400413347920e-03
6.104634422628550487e-03
2.361565473346696460e-04
-8.675123814972161840e-02
-8.373067502251105299e-02
2.614313497426160038e-02
3.557957593206990954e-02
1.235230537039323645e-01
5.546532601244587024e-01
-1.473686452328782162e-03
-1.678771897657478640e-02
-2.549692823143373532e-01
-5.095198079014652895e-03
-2.311766428586355809e-02
-5.214471352275978607e-04
-2.500617103309347414e-04
-2.595239763425253449e-02
1.423026069271498455e-03
-1.173552380779769940e-05
-1.187050364414625415e-04
-1.552492932978715703e-03
3.537666094483207097e-02
6.258088321562780448e-05
-2.581194605247036714e-04
1.883223340559029776e-02
1.413886981657684963e-02
-2.578230930150315100e-04
7.686239545605372389e-05
3.274440721274061994e-02
-3.015419485034770766e-02
-1.103227948962235018e-04
3.970751447526298068e-05
-1.734141006503150603e-02
-1.298238283491958203e-02
6.104078371984489250e-05
-1.033761559122593613e-04
-2.989476649146516340e-02
-5.454434518691889111e-03
-3.429548923850114176e-03
-7.801775623583940070e-03
9.757647970456683265e-03
2.699164807664913845e-02
2.536008487449016233e-03
3.833862170447945202e-03
7.250106354030830258e-02
-2.809224274620994444e-02
-2.085867478783178398e-03
2.418909455876534016e-05
-6.372338467633637503e-03
8.777427712488549902e-03
5.319582573750512161e-03
1.013499895398161516e-02
-1.676360022764405294e-02
-4.515724360415858223e-03
2.419976805381893019e-03
-2.278965891090423655e-03
-3.950160030673349580e-03
-2.060678688139498324e-03
-5.225069477645778119e-04
-1.340414392287177410e-03
-4.071836911072519195e-03
-1.719499982043010263e-04
-2.171708472797938608e-04
1.015525679835270115e-04
-2.077431983985381103e-04
7.042174104158084071e-03
-4.534595606242578479e-03
2.751440861943971455e-03
6.021368300314996862e-03
-2.626305861722228255e-02
-2.665392533353457341e-02
2.742789696583558881e-03
1.164688370383313090e-03
-9.595868565312104873e-03
-4.779751352615361874e-03
4.984114263161997654e-02
4.889718612183291402e-02
-1.441379064930164121e-02
-1.659264471415200200e-03
-8.691593607464799878e-04
-3.381247842969880082e-03
1.966936652541038857e-03
6.515864882808881670e-04
2.290598064753929936e-02
4.206719806023787901e-03
7.904586835563304215e-02
1.247019061364965228e-03
-8.466733980020844583e-03
2.426678233688352865e-02
-9.918464003842768217e-03
2.749377683112487480e-03
3.455588460215164911e-03
4.133601780063544777e-03
-4.855342595833509606e-03
-7.970320416083119920e-04
2.962662813734111555e-01
7.788372331601811638e-02
-5.388588227559350415e-03
1.230593044775715045e-02
6.907746186985100345e-02
3.723809385759181689e-02
-1.769968986682311177e-03
1.290625661319321025e-03
-1.700788226520712210e-02
2.087736941093581988e-02
-4.253727262719801325e-03
-2.263151915057040695e-03
1.159435002862611690e-02
1.055266870325380184e-02
1.787341738890603840e-02
1.561796976230419957e-02
7.911815108635353311e-02
1.127277800725171170e-01
1.384535146102086889e-01
1.053407173311079054e-01
-5.622170451297934246e-01
-1.196819679377131074e+00
-2.905927785140025726e-02
-4.354890868107709478e-02
5.345220686999735404e-01
1.929831717949900827e-02
7.759391784111050426e-03
3.320480072370311508e-01
1.091880813934427291e-01
2.250579980691118365e-02
-8.107742492989441184e-04
8.741944244271979136e-02
1.877351545237354938e-02
4.230044797908945331e-02
3.465465745174059475e-02
1.904465926006255680e-02
-9.046354991541350268e-03
1.214967875442803059e-03
3.394135503488722450e-03
-1.695262488113841127e-03
-1.599677690982796024e-03
-5.483926899672166705e-03
-9.484069353413162803e-03
4.611378421657885869e-03
8.659489715523035168e-04
-7.673333639822257912e-02
-1.384063297800042780e-01
-1.076691571831489037e-02
6.061086941876829386e-03
-1.645795804412361618e-02
2.585246938472400297e-03
-6.690009511041708316e-03
-5.554231104140858015e-03
-1.197637828587074134e-02
8.377620997086469498e-03
4.697780600210488960e-02
9.700933019416687134e-03
-7.233093891734670988e-02
-2.818822799254972616e-02
1.183570449161772771e-03
-8.557943873462042642e-04
1.550473806264422993e-01
-2.062065535614238804e-02
-2.077384811332908324e-02
-2.645795059188113876e-02
3.437167054131847962e-03
1.619960872151727453e-04
-6.668235340730437576e-03
-2.567278222114353220e-02
-4.721078815809771900e-02
-1.254355881323596274e-02
-5.849738825894394917e-04
9.841945533953956951e-03
-1.680970689133262641e-01
4.562544872656191380e-02
-1.057590575800348640e-02
1.682670187370804982e-02
-2.519889308159550811e-03
-3.568624502854541702e-03
-1.147794008666844917e-02
2.041394438661240165e-02
2.250130885569345211e-03
-3.843780673645521076e-03
-2.696143396472418068e-03
-1.452325581474221390e-03
-4.512543736829424668e-03
8.548663380198623417e-04
1.416796134420525172e-03
2.708125956239324948e-04
7.290873275909867885e-04
-3.612520665577877155e-02
-1.770442202143765595e-03
2.623634353486938194e-03
-1.049760249914758262e-02
-3.949834921323358040e-03
3.265363351556579280e-03
-4.730715126626966645e-03
8.146846220197680524e-03
6.728865858358011945e-03
-4.677926698968443153e-02
-5.823346661024664771e-03
9.990393591186044753e-03
1.850037454408965179e-02
-5.556950940320685289e-02
-5.990888253926544144e-02
4.660253957454080047e-03
1.909482220761334450e-03
-8.197404482682120117e-03
-2.953781706888235388e-03
-1.448452909844889387e-05
3.089992164874056420e-03
1.153673131235184723e-02
5.154959686571402785e-03
6.627788747002201497e-02
1.578389672818052147e-02
9.367955146753548235e-02
4.263498694320031618e-02
-9.798176730979457974e-03
5.983022660482147440e-03
-6.119364175171802811e-03
2.442360100905798664e-02
-1.314696799259018438e-02
4.551060483697026704e-02
5.697076339677998105e-03
-6.317565138006001058e-02
1.372756324269889527e-01
1.129170198137246783e-01
-2.755478984661296690e-02
-1.355084007439255056e-01
5.377346119195260295e-03
8.959784334817431147e-06
5.416542311467215792e-02
2.877866062010956891e-02
-2.431497614346873615e-01
-1.889565270267520303e-01
7.881579550043380303e-03
-7.558899193904658823e-03
9.796864051479595159e-02
6.307979717210049353e-02
1.071351546444233860e-01
1.449485104712962547e-01
-8.521608539101284407e-02
-8.582318124406364268e-02
1.811094244731837298e-03
-6.473800490480421076e-03
3.366453411066518131e-02
3.047982562843133680e-02
5.305857952684151640e-02
4.018980077030268744e-02
-2.067471240776159406e-03
-1.560667109334345007e-02
-1.346241558845969605e-02
2.421943503511336110e-03
-2.842367846495651076e-03
-1.810791389697985433e-03
-1.298383449618626360e-03
-3.558277928970130411e-04
-5.305925921046416617e-03
5.216723660319525120e-03
4.481135925079590861e-03
-3.805994262188692676e-03
7.193228881894496961e-03
1.033327167004151510e-02
9.221607756554743920e-03
-3.926497111189091067e-03
1.226911544601612955e-03
-1.774933601672262816e-03
4.911079045246495838e-04
-1.253996682383735949e-03
1.545769590338123226e-03
-7.413443713960715664e-04
-2.116829475131327271e-03
6.212112757868468171e-03
-1.307344224069420351e-02
-7.255630291376431555e-03
8.713388589991610117e-04
1.593864556301511108e-03
6.332829214314554707e-03
6.167063030404256775e-03
7.876335454373927306e-03
3.708757890737245707e-03
1.185860245878691266e-01
-5.297432477949465951e-02
-4.331700669778652812e-02
-1.925055085070337749e-02
-1.675958660585022755e-02
-5.970508287755316341e-03
-6.985215705790675383e-03
-1.095689102713031521e-02
-4.963757766371985902e-02
1.669554720993353392e-02
1.302440023493225095e-02
1.784078922670197763e-03
-1.091956465545099175e-01
3.313818623800379726e-02
2.872283566862162893e-02
4.789104810424736625e-03
-4.049267322539967101e-02
-1.444127915734130796e-02
5.755524188278524425e-03
1.602347721146085398e-03
9.942086979752583903e-03
-2.173500630681389454e-05
5.716716179724594393e-02
1.760050049564486699e-02
-1.443484902364681743e-01
4.902424854559109084e-03
3.508365775367843550e-03
-1.975981030902607214e-03
7.340328039516107184e-02
8.006771015073002942e-03
5.188717267691043966e-02
-2.660894657523655334e-03
3.384877875784284562e-01
-6.482045490452689740e-02
-7.616822716097128299e-03
-1.685985145133394106e-02
-2.616560609847063193e-02
1.499851523155564317e-02
-4.654257341875634446e-01
6.132910640781639305e-02
-3.750589833900750542e-02
-4.073792374613997500e-04
4.414377244752306024e-04
5.291311615130161322e-02
-4.730135583408054401e-01
2.140972339777124506e-02
6.540598535386078771e-02
5.791788817644479836e-01
-2.145248753484579884e-01
-6.761885680188982860e-03
-1.380067927888509313e-03
-1.035218128548617555e-01
7.163154531378662648e-02
2.116697719312036000e-02
7.297217581454451540e-02
7.570215453126910923e-03
-3.157770836742511411e-02
-5.105250806803772641e-03
-7.824588201980651331e-03
2.267502588501354305e-02
9.779009433792148001e-03
-7.855279929783911055e-03
1.980610966487181615e-02
-1.831414666736085398e-02
-3.198224278277170957e-02
1.073767407046924589e-02
6.636552488150952375e-03
2.104820791273240375e-03
-1.701313595378282917e-01
5.783205704918287400e-03
1.898555008275361333e-02
2.861902580657721754e-02
2.856005509860969419e-03
2.459041283570091371e-03
3.894589343640089425e-03
-7.482032031200547793e-03
-9.462877809401293999e-03
3.683263768307206039e-03
9.818252597566851439e-03
-2.806872660193036190e-02
4.433731564398071465e-03
-4.412837609377261508e-03
4.548295646838519668e-02
7.842588492702863914e-03
-4.913466491240137991e-04
-1.425241510580214054e-02
5.185820130393806703e-03
-5.466870950296907894e-02
4.382154388952600593e-02
-7.381266549040091211e-03
-7.884209519405355193e-03
-2.262455626891635846e-02
6.983386010291824098e-02
3.518580300759428098e-03
9.308470531192646405e-03
1.736802957900277639e-02
1.421391073006264549e-02
1.036286134084563743e-02
-1.126529130604344564e-01
3.640400691550508498e-03
-1.570932881503304263e-02
-2.868964791535657047e-02
-4.194369346104813738e-04
2.389796431114947581e-03
-7.114591677840323338e-04
7.957709449657407105e-03
1.767489029961374566e-02
4.035741425693021439e-02
1.830199227277225921e-02
-2.962327066568517728e-02
-3.539331421530693324e-03
-7.477757987550498649e-03
-4.490807451770811171e-03
4.209561734827027904e-03
-3.488985570666458536e-02
4.775103182012430808e-02
-2.530491525694518462e-03
6.385051980367307395e-03
2.962750338492753724e-02
1.475056828582522843e-02
7.317191794584304576e-02
1.983406798359860571e-02
7.458651375173942777e-02
2.827411736280097468e-02
2.318268129795242674e-02
3.665069959206166544e-02
-2.774452907452043884e-02
-9.516120473800397661e-03
1.595403755860028486e-02
3.111631685754879736e-02
7.954740562731878531e-03
-1.345744982837735471e-01
-8.877351276633478616e-03
3.626214386484191872e-03
-1.015855450596593254e-02
5.631600528854430188e-02
-4.491660311711989303e-03
1.646944636006322056e-03
1.449492529555984448e-02
-9.292276342610372719e-02
-5.142271778371922120e-02
1.646257816075582386e-02
1.317632877378235312e-01
2.927098242711933390e-03
7.440633805350678823e-03
-9.391368474343603223e-03
8.751750468110382208e-02
-2.222095455547489773e-01
4.446928635906424732e-02
1.093130909180339404e-03
1.726209420078466533e-02
3.110867072760270177e-02
-2.589235305670744766e-02
-1.536613890327327182e-02
5.646682162401878147e-02
5.228563931722907121e-02
-7.094044362278364990e-02
-5.348670658221396645e-02
3.882555171886251533e-03
8.083463925451467996e-03
6.732426968706758594e-03
8.643187594092037809e-03
-8.156650469811888710e-03
7.049203887525122385e-03
8.375581426081316061e-03
2.399504094327438008e-03
-6.318271831220315972e-04
1.644916808662845193e-03
-4.216314951405735964e-03
-5.744268835995585548e-03
-4.915899825946484433e-03
-1.365786362117244086e-02
1.525832938978097936e-02
-2.810397546989337574e-03
3.510269822091112435e-02
2.637169400441794712e-03
4.566800195697898884e-02
2.731008206203614647e-02
1.934593517593527360e-03
5.176464949475160365e-03
7.190865186887905602e-02
9.301060769093471084e-03
6.348236383694087770e-02
-6.903823080157005937e-03
9.809610657853790050e-02
-6.050672204055466963e-02
1.819150937020804762e-03
1.256862645397614775e-03
2.506364090525889810e-03
-4.431012396833631075e-04
-3.687789139932889839e-03
7.991726938492675278e-03
1.070967783917017337e-02
4.265834299677536551e-02
-5.418313928297661085e-03
-2.177565793197603836e-02
2.606156074971208852e-02
5.885988325369300063e-03
-8.416669803327487751e-03
1.428481013505566478e-02
-4.250833804107034819e-02
1.800772785309630005e-03
-1.113955958693101794e-01
2.659693040079908269e-02
1.116083156467008279e-02
5.593094450647025616e-03
6.321273704288908092e-03
7.641663520366030358e-04
7.707734091102294051e-03
-1.059176038150997159e-02
-4.777245015092356634e-02
1.283627038414448130e-03
-1.262904415871802556e-02
3.685169517268630998e-03
1.788116285509504895e-03
-4.996230197744681856e-02
1.929443927093220726e-02
-8.359706081579074827e-03
-4.610486968088254103e-03
3.130709509147646969e-03
-6.295288080085494065e-02
2.837870932274566896e-02
-3.732166725896468237e-03
1.109228740794094246e-02
-9.288729870245355721e-03
-8.384033746559525074e-03
1.064458303358341990e-01
-3.884343074293795245e-02
-4.590270342442679709e-03
2.264600817469198182e-02
-6.736235814436297188e-03
3.850199599104262189e-04
4.914706275711082893e-03
-1.306450587134009179e-03
5.310052941315119603e-03
-3.177361398257237679e-02
-8.941879701857970153e-02
-2.996282373023504298e-03
6.349790569097392597e-03
2.603440623632657241e-02
-1.146171538914356018e-02
5.757788673629224245e-03
1.871735234846493012e-01
1.054896023667555721e-02
4.665234199345873883e-03
1.744213138998335945e-03
-2.513250466859300210e-03
-2.850631950383707668e-04
-1.191628019062068028e-03
5.661019355432164377e-03
4.407476601597076424e-03
3.326212301128821363e-03
6.759442211347499452e-02
1.386156646648549484e-02
-3.363430365318872961e-02
-8.639412794401944706e-02
1.397166567523591418e-01
8.339428932813976181e-02
-3.130558971106944116e-02
3.712065778550261569e-02
-5.609478862490364232e-02
2.680391362450727094e-02
2.678312512980361715e-02
2.299428418575539396e-02
9.703765402905788207e-03
-8.354631366702306924e-03
1.347554487789242583e-01
-9.511795484603612419e-03
2.612071440106630490e-03
2.014377855265846173e-02
6.032414507445837785e-03
1.270027931452126502e-02
-4.968679001698249331e-03
5.568564353191935573e-04
1.656593876380217309e-02
-1.688805429661863894e-02
-1.952520723336847032e-04
-7.423248055138191017e-04
-3.058078810269627534e-03
1.279765432299475279e-02
1.804580004450185085e-03
-4.699133517352869181e-04
-5.808421028286677064e-04
2.425742736898826076e-03
-1.168674318160362827e-03
1.722441803639167810e-04
4.217272972112299611e-04
-1.680867326746498950e-03
-1.575087827348629899e-03
-5.265877570344068602e-04
3.752240083310805305e-03
-2.360169001396397390e-02
-2.408774936765087349e-04
1.010760556232357353e-03
-1.471522810227470033e-03
-1.539351684459512289e-03
4.766758680888196582e-04
-5.679604732851164508e-04
-7.270225462955843100e-04
-2.537937074853294228e-03
-4.714749098626841027e-04
-2.004709449839059410e-02
-1.066657988536214409e-03
-2.902094775180106764e-03
2.043793903701316816e-03
3.152204996594514842e-03
4.188355115829264091e-03
3.740710747993210988e-02
1.780334075212393688e-02
4.927555721523839936e-03
1.265626269898580429e-03
1.518168474248283648e-02
-3.502525537630753975e-03
2.910939269593081774e-03
2.083503566873198126e-03
6.277903586253063065e-03
-4.530116893601645635e-03
-7.339469731326412781e-04
1.769608096751050519e-04
3.321976982847667757e-03
-3.807627337491910346e-02
-5.418375351180442813e-03
-7.698683011582588623e-04
-3.800775028569276098e-02
2.724870530430500092e-04
1.232298025101332198e-02
-2.505872572065648458e-03
-1.560723041888535364e-03
-1.900091827031280068e-04
-1.384565553876447455e-03
-4.882093343892288453e-04
-1.972316501604601952e-02
-2.843433067191620395e-02
-2.856735188532520675e-02
8.056811036202773946e-03
-8.799394990852835857e-03
8.204074212052280685e-03
-5.420311045465309174e-03
6.177500426339413431e-02
6.906511294987463523e-02
8.259270652747797981e-02
-6.582221180205355057e-03
3.180674411597964133e-03
-2.078632422839261017e-04
1.041847424039947165e-02
2.011009290243222052e-03
-1.629710230081517774e-01
1.250034659587752339e-02
1.814935441910053501e-02
-1.614476284942060070e-03
-1.071038069006410029e-03
-2.425486617954568380e-02
-1.403441394391566344e-01
5.722706485272417883e-03
-1.924566583078255594e-02
2.765481713348414416e-01
-1.215589120538483475e-01
4.484741955338403946e-02
3.566339911647303795e-02
-2.709468954808271759e-04
1.521175348363965237e-02
1.020535402710483729e-02
2.040185630392963023e-01
6.870442428650153609e-03
-1.628344821621636324e-02
9.939356204546329412e-03
8.433933007563249734e-03
1.211435217413343868e-02
4.143867422506138445e-03
9.208464918751041364e-04
2.725728852439522967e-02
-2.024986349660373372e-02
-8.748955103670791322e-02
2.006970084946474095e-02
-2.287446357783534320e-02
1.912876660269110241e-01
-4.856567584465465610e-03
2.073221036374957305e-02
-3.931036555968769886e-03
2.286667490996702971e-03
-3.134250263402317419e-04
-3.915058987032307355e-03
5.285178427141373238e-03
-4.932701309196454997e-02
-8.281609335990154641e-03
8.639700108561486726e-05
-5.822774199333022923e-04
2.138615967551795935e-02
-4.635640439313227189e-03
4.289098309795217993e-03
7.136449164916409092e-03
1.259415570477855767e-02
-2.272214512140563469e-02
3.027598122562260088e-03
-2.630808137209486065e-03
5.852437103556344666e-02
1.295234058190655561e-02
-1.026467635372491256e-03
3.354966040590914985e-04
2.093988761180448014e-04
2.827341189971188228e-03
6.973378989623065264e-04
-2.848323052990586399e-02
1.680799226307858052e-03
5.209512337079597218e-03
1.412871930547057709e-04
1.799049280140373782e-05
-7.144529771718086293e-03
-2.131452081187844641e-02
-8.200385358469705936e-06
-5.045029570729045974e-03
4.716598488191613148e-02
-4.015371648267231780e-03
-7.308758264119192931e-03
-3.400622673574765775e-01
1.413116520148474997e+00
-4.342980119527784511e-01
9.089256273578233403e-02
5.051260262084303898e-01
-1.585753173115943548e-01
-2.374173137235869452e-02
3.514492956805705115e-04
4.171957680557847326e-02
1.229683263201804613e-02
-8.278215740607837159e-01
2.347280960407932826e-01
6.884832777561117334e-01
-2.388775396771880832e-01
-3.288093686767772084e-02
2.074097371209907351e-02
7.341926078162169800e-02
2.866091111129602867e-02
-1.357371023066569871e+00
3.382683623580886589e-01
6.348126754531309771e-03
9.006213039317396973e-02
-2.258736863139707354e-02
3.149645689306556501e-02
-2.030012055726722331e-02
8.394534764321564743e-03
-6.764868242902453976e-02
6.211408768340632297e-02
-3.701687743778486750e-02
2.339815482794951450e-03
-1.083897255327840731e-01
7.644068665511560530e-04
1.330888908039599583e+00
-1.845798566922086242e-02
3.064960232682943479e-03
1.380331620114226554e-02
9.906011863832815678e-02
-6.402151479432291415e-04
-2.389302231170697066e+00
-3.813219855775443201e-01
-4.069339479544470373e-04
-3.591276330044051307e-02
7.336279048299839678e-01
-8.889463543798179490e-01
6.770567198630919777e-03
-5.871384499789338018e-02
1.460161662682085471e+00
-1.113962676636585547e+00
3.789744029437217693e-02
-1.335008203283927219e-01
2.214087287259962178e+00
-3.405650267757629607e-02
-4.299053905025838201e-02
-2.022098020408429342e-01
1.030672896533981975e+00
-3.255106018287559633e-01
7.266475296509565529e-02
3.840196003703202909e-01
-7.369166999145822239e-02
-3.615600632621442101e-02
1.747328268327007564e-02
5.606102909550486624e-02
2.491897820518230999e-02
-5.831644925849412964e-01
9.679486113701016303e-02
4.409192016515974810e-01
-1.893022773387134650e-01
-1.787259081940797967e-02
8.830934393441822877e-03
8.608489893047560626e-02
2.765091544801055387e-02
-9.540424714935246131e-01
2.513469764710667409e-01
1.516434554415393467e-02
5.653530100800233799e-02
-2.015461264054942483e-02
1.832696836317584260e-02
-1.139384423761934106e-02
-6.898180246632972575e-04
-5.114689224174805149e-02
3.596914136757153879e-02
-4.992240644407119898e-02
1.857632949891946036e-03
-6.062614960038497508e-02
-3.614023916371828654e-02
9.735094188085209321e-01
-1.433251686806615022e-02
1.025613182030546064e-02
9.252661542790382651e-03
1.277574732072757624e-01
5.409636421466841594e-02
-1.758270006028650689e+00
-2.658727511245372321e-01
1.106722981806959778e-02
-4.180041572262361421e-02
5.558431751640743324e-01
-6.821119722754662718e-01
-2.468750205757424404e-02
-8.274663998502564122e-02
1.043292304469305876e+00
-7.131504475520531461e-01
6.578341283949655505e-02
-1.627603315100811521e-01
1.561885368577559996e+00
4.971188796051145831e-02
1.876431355809859893e-03
-1.697668939260963683e-01
3.569048895507730829e-02
4.727758102449926454e-03
1.796353015749472745e-02
-8.635228085951249244e-02
2.852227435900407948e-01
-5.544448235060886118e-03
4.066611737212761897e-04
-5.982470178539832373e-03
6.622445586661921541e-03
-2.896156237097700405e-03
4.795744881300147665e-03
-8.109621084660882488e-04
-2.002706528311096190e-03
-3.344807686859626022e-03
1.233690648277668313e-02
-1.624446545375617969e-04
-2.449019725985804655e-03
-1.915991593131457279e-03
6.480255427138454684e-03
-3.479277438966978022e-03
9.157151022471998747e-03
-1.083973281072715504e-02
5.649049047525159760e-03
2.347363534182514617e-04
6.319368310859262497e-03
2.954486346205481007e-01
1.764721902301761292e-01
2.124775019163555392e-02
-7.460091216356185863e-03
8.105107589859415762e-02
9.789512840869310506e-02
-1.046762557969043925e-02
1.191215090734749037e-02
1.025167998206514414e-02
-4.239258073882389878e-03
9.262297480001671071e-04
-2.224183751162356077e-03
1.813262377860499347e-02
8.380078365494850537e-03
-6.647918775963218216e-03
-1.025203323456042905e-02
-1.902516797505906729e-02
-2.191656802442263491e-02
-5.611895130133296578e-02
1.724296028916283072e-02
1.020858035354366491e-02
-4.647038588282606519e-02
-7.595078482570775773e-03
3.407725199032344329e-03
2.526742808592560320e-03
1.863608812471742246e-02
1.245704068529176860e-02
3.856647774172339976e-02
9.316945703985803073e-02
7.684319973178853347e-02
-2.739904697312064031e-03
9.889504234624054910e-03
1.048099622863766546e-02
-1.403924462842414712e-02
8.594149933226680107e-04
1.001951704766705338e-03
-3.347032446531362344e-04
-1.074763997396943442e-02
-1.079927793179328785e-02
-3.765699027890266441e-03
-1.029464097628756975e-03
-3.155841039277652984e-05
9.903319549540240407e-03
2.760788364411243673e-02
-1.072678270582820342e-03
1.989019801281170785e-02
-2.477856731692641701e-02
9.443696193570300101e-03
2.035293197805020712e-03
5.787197249324645999e-03
-3.447505167564846127e-03
3.499621346232212565e-04
5.180207283110065813e-02
-7.383885118376619025e-03
1.771880321449301188e-02
4.728861909305398341e-03
-4.578167530573350186e-04
-4.985691014262475310e-03
6.194309890183821027e-03
3.223066123288426902e-03
-3.105844017648294250e-02
-8.997544139366582192e-03
1.481221822435970815e-02
2.511123058718081266e-03
4.489297088460257948e-03
-1.100241164182662974e-03
3.156727653125772446e-03
7.014176934626385187e-04
-1.758214830927828584e-02
2.929405802748453157e-03
3.459871392631659603e-02
-1.421829423053409119e-02
7.367238078110380228e-02
1.860634512840391233e-02
1.658725633059178126e-02
8.228274757855161270e-03
1.841472047378649168e-01
-4.041562307980335958e-03
7.876914178548912251e-03
-5.105585299460545278e-04
-1.156435780611504011e-02
1.915402350674831958e-02
1.586391612130112067e-02
7.971222002515153393e-02
2.264281832461957980e-02
7.207139084846557291e-03
2.155499865749084532e-02
8.719507848675406292e-02
1.037502343168771740e-02
2.001948764242639147e-03
-3.336552991314278155e-02
-4.540791310686841456e-03
-2.029143589983039078e-02
1.574546335763380572e-02
5.650750223932459772e-03
4.832067681766707978e-03
-2.308807187631733027e-03
-2.994238607360607748e-03
4.045065308156401557e-02
-1.792990924896503344e-02
2.624112390405240747e-02
-2.044219653631517211e-02
-1.954850775477836450e-02
-1.803165726449078299e-02
-2.756518320959724846e-03
4.865483766489332382e-03
4.766531481276000889e-03
-2.699365812403853402e-03
2.987852521697762290e-03
-3.712007218541788205e-03
-6.048005504756910275e-03
5.312356005588572856e-03
-4.514412961003599206e-02
3.688322448989621305e-02
2.918529071711795445e-02
4.154196156476513274e-02
1.030388743363489130e-02
1.069929435942517520e-02
-5.058138507270344870e-03
-6.402560547326456792e-04
-1.842390443570238439e-03
4.191527875334092983e-03
-1.363812057741948212e-02
-1.682724620970684620e-02
-4.184684160547816334e-02
3.007087154538471557e-02
3.585455512491205268e-03
4.045512126669279472e-03
-4.294139113819065920e-03
-8.154034464782860744e-03
7.204408232591055783e-02
-6.904843196934784544e-02
-1.816178475830526606e-02
-4.279145278643477907e-03
-4.589046075208763099e-03
8.499331336717012506e-03
1.743808189905498131e-03
-3.907184090022019612e-05
-3.510321446999771890e-04
3.662473644494451588e-03
-2.377357873715196194e-03
-4.524324009814543741e-04
-1.035669974538378863e-04
1.590946686472229305e-03
3.153895777109977372e-02
7.737301561306666325e-03
4.934410112109907480e-03
-1.107611745370027344e-02
-6.688501338385852016e-04
-3.075920540973864446e-03
-5.034178983039661872e-04
-3.412882050751222239e-04
1.358188636229445945e-04
4.285776666978290779e-04
3.135133065696146023e-04
4.553828570270590514e-03
3.257261791057251832e-02
-1.182396316086520641e-02
-2.858355866855989257e-03
-5.800987529971059729e-03
4.233043147358794139e-03
-2.298219164705423995e-03
-5.621425105988667875e-02
1.482102957958621181e-02
3.027117668893557212e-02
-1.873749712860811600e-02
4.094248103911088052e-03
-1.899931412297226757e-02
5.946773076960946980e-03
-4.829495895479625836e-03
-5.759853500772428581e-02
3.242323893186171979e-02
2.662042579048078117e-02
-1.323113772348944242e-03
1.377868424417586337e-03
-4.171861481636189584e-02
-5.065869393660474285e-02
3.077572119379852478e-02
-9.076969434071305645e-03
9.594916728799775252e-02
2.278048448767795459e-03
4.700602102684925572e-03
-1.729877804293342538e-03
-1.845658611902601873e-02
-1.330921319350138448e-03
3.987808262466495390e-03
-2.969569326565622662e-03
3.114888826051595908e-02
