9.834856707878451170e-05
2.344650241680984459e-01
-2.742580858822548512e-02
-4.327222222226274743e-04
-7.982777777779834173e-04
3.887080714683374683e-02
-2.993091372891096714e-03
1.972655984943475112e-03
1.778637822811190289e-03
1.455144920354800196e-03
-1.264727292569200849e-03
-1.088333333332495859e-04
-1.721666666665948309e-04
3.943607137469731239e-01
2.548994435799008165e-03
-1.202388888888599209e-03
-3.146111111108602725e-04
-9.670528006778084107e-02
-1.947698783926506919e-03
2.175055555555683879e-03
2.153944444444543319e-03
-1.058691634792236196e-03
4.106729908355388889e-04
9.780893317899476685e-05
5.851966409666284731e-04
1.811944444444255932e-03
1.983722222222817667e-03
1.146116591050956070e-02
-3.928484159322418422e-03
1.633055555556156644e-03
6.092777777781454651e-04
2.511828021456554913e-02
3.460935186884894765e-03
1.504539332706825248e-03
-6.235235725404899123e-04
6.894444444471761052e-05
1.100555555556354063e-04
2.563932424497690210e-01
-5.113233267874900227e-03
8.699999999955923167e-05
4.070000000003103796e-04
-8.145471231200835868e-03
-3.988012104689382144e-03
-6.109166666662767383e-04
-8.125833333334423056e-04
-1.692666666666943660e-03
1.439083333333576525e-03
-2.139333333333905390e-03
2.297416666667196315e-03
1.333001063460886176e-03
-1.027918864950527929e-04
-6.944444444486995477e-06
1.194444444496583039e-05
-4.331067236555839663e-04
4.667689590354131418e-02
1.855555555544902708e-05
5.744444444396943478e-05
-8.861111111117700402e-05
2.368888888887972163e-04
3.611111111244168895e-06
2.791111111112503187e-04
4.246756852103987789e-01
-3.744064435747764766e-03
-4.913333333326640358e-04
-4.846666666653604190e-04
4.385359495033313952e-03
-8.698218695547075413e-03
-7.613888888882334137e-04
1.746388888888688760e-03
1.320277777777506155e-03
4.128944444444210445e-03
9.472222222210927695e-05
1.960055555555535213e-03
-6.630128058633762145e-02
-1.352307038025450051e-03
3.676388888881730751e-04
2.848611111097746696e-04
-1.223795072650529650e-03
2.087304745850728643e-02
8.436785721808495384e-03
2.943791728780710982e-03
7.832823347847457695e-04
2.299950685887778689e-04
-2.858974975155267320e-04
2.859611478075683175e-04
-2.210055555555356325e-03
4.574349849693461548e-03
8.785085229226463968e-03
4.912093942439056671e-03
-5.589444444442058513e-04
1.961583076459841313e-03
1.429021129750298116e-03
-5.264247995589543642e-03
1.499000000000274418e-03
-2.618055555555850338e-04
2.302777777777635583e-04
-7.878815752654044768e-02
1.340986919911112650e-02
-7.819475597522502607e-04
1.179000000000361833e-03
-5.456944444451324950e-04
1.364722222222259761e-03
1.715180189907543687e-02
9.660103536918838996e-03
6.255673229983009856e-03
-2.149948700253524400e-02
-1.711366703912835241e-02
1.162030165979862327e-03
2.601323886005246604e-03
4.859372805243481613e-02
-4.765527446952867729e-02
-1.386622069468297358e-01
2.146463363441616923e-02
1.799531111573532058e-02
2.001949934667385939e-02
4.374579209148627551e-02
-1.378088727613295105e-03
3.840484045466339286e-02
2.675560687395044449e-02
-4.358121660455093783e-03
-6.892305203776877796e-03
-8.987792458919846572e-02
-7.695518675779167150e-02
-2.390574867257605918e-03
-4.438607729421101874e-04
6.519759781835113115e-03
1.043724181986760424e-02
6.501770983709003122e-05
-2.085216714780077120e-03
-1.511071140381868788e-03
2.385729611916668873e-03
-6.342329077955013820e-03
1.772397221328325450e-03
1.681194425679172766e-01
-4.992540712453471391e-02
-1.634366340227344228e-01
3.145571996670466081e-02
-1.131441583687830404e-02
-3.279768376457045838e-03
-4.292796281888318008e-03
1.774664876066674949e-03
3.400971695430344416e-03
-1.909538048002815168e-03
-2.844100472281056290e-03
-7.351943783984591328e-03
7.590186041926352822e-02
6.017921496574930168e-02
1.590034667796355605e-01
-1.533612429462456912e-02
-1.143242803073679301e-02
-2.405916237403823727e-03
1.963775750988937772e-03
8.668648781452690036e-03
-1.131540524322756326e-03
-6.595044411279444956e-03
3.902222586444216001e-03
8.494293552782487301e-04
1.982364486088781796e-01
1.270800690963604651e-01
-1.622652863050863536e-02
-1.562978234729963181e-02
-1.158500845796046549e-02
-1.727316841303922629e-02
-2.196267893665740378e-03
-2.120800632635182030e-03
-1.116933719961396912e-02
-4.780779463034679801e-03
4.615666771132960342e-05
6.781122326716324238e-04
4.078472934678768064e-03
2.688800042198904398e-03
-6.456829346548929394e-04
-1.505941222179864574e-03
-2.058917720854527389e-04
1.636719447453801246e-04
-1.296189377041953973e-03
6.208575190946410190e-04
3.813394614177858383e-02
-6.544865565613915137e-02
-1.767708485273929431e-01
1.465542143423496577e-02
-4.138301043009234891e-04
1.054177086108151057e-02
1.693861002013276112e-03
1.631230837725712807e-03
-3.030172709368224131e-03
2.101549884198168107e-03
-1.190871896691419985e-04
2.460929854942654153e-03
1.360318886702822049e-02
9.618545441250720904e-03
1.630142427422337850e-02
-5.617802720480681057e-03
-7.100669755004778740e-03
-1.459445001630121463e-04
8.829422952259918453e-03
4.944462255968315283e-03
-3.725560187716972114e-04
-6.760681022197011746e-03
-2.341034639220150419e-03
-4.671214621704357188e-03
1.774482297672360168e-02
8.872041351154064809e-03
-3.428082368318729079e-03
-5.068731983064809175e-03
-2.802928450926493731e-03
-2.539770135299829288e-03
-2.628906085518341947e-04
-1.314576343257754451e-02
-7.191152364262895502e-02
-5.402692597113036010e-02
-2.071223994657925109e-03
-9.825998318791092333e-04
1.538870570768769395e-03
-3.458185375234518275e-03
1.585975886027733055e-04
-1.985196416466530477e-04
-4.518650934676907518e-04
7.243800929603861878e-04
-2.551953394079281394e-04
-4.380838326868735817e-04
6.294828268339979285e-03
6.401087258261713847e-03
3.662056505375937726e-04
-1.233521686875140109e-03
-1.366329068045954789e-02
-4.401737599144690816e-02
-7.706124317256841938e-02
1.648039882347517027e-02
-1.008983933283009006e-03
-9.706716809925219555e-03
1.613094484107895348e-04
-3.688917956283222746e-04
2.824495104363271281e-03
-1.599092237352881148e-03
-2.085441908219173857e-03
-6.459414267834482151e-03
-1.649317150019491158e-03
-2.349084795363934038e-04
-1.244102693308226553e-03
3.270483559996233656e-03
1.491586543835977663e-01
-7.278029174433081616e-02
-2.138535309062224166e-01
3.268313019880288856e-02
1.678992629960418276e-03
-9.605877033848945427e-04
4.798079615136166196e-03
2.983653696242422721e-04
8.142775553771011568e-04
-4.528071074984250412e-04
1.043545560283258046e-03
-1.055874937909740156e-03
-1.532723472260967036e-02
-2.386274783766739738e-03
-1.025462693616638332e-02
3.530031361213543332e-03
4.350976112491280502e-03
8.109577986487301327e-03
1.585969782591239302e-02
-1.207665893131274273e-02
-9.684613739162295726e-04
-5.688090510920337968e-03
-2.507365518975001109e-03
-5.309114415566926551e-03
3.831333425303111873e-03
3.265034417275861859e-03
-1.474552807829552017e-03
-1.795709031995032859e-02
1.254551822265361502e-03
-5.108303286666798608e-03
-1.594776343853805244e-03
-1.879573712366440844e-03
6.609358727280566226e-02
3.856973661349369364e-02
1.111117176438973370e-01
-1.668496599245483311e-02
-1.125504702613185776e-02
2.513162356690073953e-03
4.518025618930894549e-03
1.413129445296364486e-02
-4.823714489282362127e-04
-8.168793727475796114e-04
-1.689218692384349921e-04
3.945092119093412085e-03
-1.833236116469240742e-02
-1.390228479311187608e-03
2.143214009972469955e-03
1.557836019405263971e-02
1.283825219323846785e-03
6.426008041674050909e-03
-1.435617970850792437e-02
-2.531981911909938609e-03
-2.132248222869012610e-02
1.401550602769017530e-03
1.304882815389410552e-03
4.689860219586552623e-03
8.231732171766684494e-03
6.175977134925934604e-04
-1.057691138819982432e-02
-5.841728942776998855e-03
1.304759947779862012e-02
-6.160604660684468369e-04
-5.634884362781616106e-03
-1.106240166568471864e-02
-8.017248978654102458e-04
-2.875069368574449669e-03
8.602665310353366929e-03
1.623580460789324567e-03
-1.059118493467367007e-02
-5.679631014893024403e-03
-9.989563011575390734e-04
8.675403358745949547e-03
1.738689235074451778e-02
-3.665582127000018703e-03
-7.132869942247880429e-03
-2.149406275903604016e-02
1.463330774828283665e-01
9.126639553363240231e-02
-1.709013244365291569e-03
4.870534113951565346e-03
-1.546132619076195577e-02
-1.009151172501390747e-02
1.871408854791382914e-02
3.603914594037576496e-02
1.302540125442332997e-01
-2.225523332017557282e-02
-1.532015254651869669e-02
-6.384543319784437114e-03
-5.146771656080821036e-04
2.574977297815729538e-03
2.321175062097820783e-03
-3.050312555081533591e-03
-7.602517290582236700e-03
-1.667087499764288716e-02
-2.912091983179315377e-02
1.927844509098932888e-02
