4.979999999984894513e-04
1.771958333334390234e-01
-1.166375000004283083e-02
2.094583333341895441e-03
-3.615466666680582086e-02
1.855721564984817440e-01
-1.211909932559962315e-02
1.742690728961578811e-02
4.172355496417567977e-02
-4.765000000363222177e-04
4.349166666841336069e-04
-7.608333333562853230e-05
1.285333333379547107e-03
1.400146666664402739e-01
-4.742166666660233877e-03
3.721666666566076308e-04
-5.407999999850211445e-03
4.485500000183357573e-03
1.575499999958305999e-03
1.125000000111883399e-04
-3.093333335145587041e-04
-2.089075466857856847e-02
-9.048454085624841247e-04
-1.307910319802735527e-03
2.349119934500218734e-03
-7.250000000097348929e-04
-1.459166666693185489e-04
-1.436880763618901546e-02
2.328123390296946704e-01
1.345066666682129090e-02
3.882666666717690500e-03
2.255820509104962956e-01
-3.629773907955477164e+00
-5.964999999575551362e-04
2.710833333176786673e-04
-6.091666666280696687e-05
8.266666666107418560e-04
-3.074816666681393085e-02
-5.007083333303311880e-03
-7.189166666671519294e-04
1.168533333333454660e-02
2.049175000007023503e-02
-1.035125000018803990e-03
9.906250000011192994e-04
-1.500533333334700369e-02
-1.580083333345642027e-03
-6.183749999977519079e-04
2.842133333352958244e-02
1.150133333329215503e-02
1.911833333271625726e-03
-1.342749999944786981e-03
4.691666666566244220e-05
-5.813333333186169148e-04
-2.772500000687412808e-04
3.002083333470879391e-04
2.987499999209267072e-05
-4.773333332136623698e-04
1.235833333283708178e-04
-1.152083333296441317e-04
-1.999999999930633654e-03
1.613333333266383672e-03
1.957883333368045167e-02
9.488250000121075181e-03
5.132499999978632887e-04
-8.314666666627697558e-03
1.068925000009161505e-02
1.531804166644119662e-02
7.848750000102928557e-04
-1.216266666682661035e-02
-4.094166666486889002e-04
-1.124999992325333920e-06
7.109333333051812490e-03
-1.112000000103632305e-03
-1.978625000010940382e-02
3.886624999788004537e-03
-1.034208333329850052e-03
1.562933333327551702e-02
-2.784708333445755704e-03
-1.175928784452846682e-01
-2.983958333438658833e-04
3.966666666831734564e-03
-3.390189519104073903e-04
-1.186032018130341904e-03
1.439940992046922420e-05
-7.231955571518564226e-03
-2.830416666734057057e-04
3.706041666515156848e-04
-1.986084458542204147e-03
3.539381172536389120e-02
1.336000000111573242e-03
-5.110666666424802315e-03
3.024569409218711910e-02
-5.207474789763367751e-01
1.307416666680548704e-03
8.106250000041768195e-04
-1.632083333288847848e-04
1.550187499987263576e-03
-6.474207011102108868e-03
1.004665943947295886e-01
-2.424000000022260431e-02
-1.454666666671520538e-02
1.239999999920381396e-03
-2.606533333313844694e-02
1.009103171255963521e-01
-1.555947886207338593e+00
3.303543686779575089e-04
1.430656906956772256e-03
-1.430716871533919802e-04
2.918346560327451586e-03
2.144450059968954492e-01
4.017276475704258110e-02
1.035743241536409703e-02
-1.392491378019977966e-01
9.028724493627639236e-02
-7.106458029775324092e-02
1.360665150630761475e-02
-1.728460021951988279e-01
1.389670776203195610e-02
8.852163689940089134e-03
-1.650524696982156869e-01
-1.113920910644011081e-01
2.093508291463126725e-02
9.684369972218795017e-03
-4.874349784321305862e-04
5.428981596765202616e-03
2.001834650446491018e-02
-1.374034168867562140e-02
1.879209454876312356e-03
-3.308760240211956055e-02
5.265680080412057668e-04
5.497198066794809716e-04
-5.270074939204302464e-03
-1.000269747203966740e-02
7.255856173002757092e-01
3.035322491277807622e-01
1.599099397214760743e-02
-1.969149590683874351e-01
-6.534681231986325112e-02
-8.800474954482601433e-03
-4.202964433642370282e-03
6.365947092061624568e-02
2.079788118349996907e-04
1.012831832544576092e-03
-6.235465311956623659e-03
-1.451244365999475316e-02
1.578685336702428388e-01
-2.701197561454744545e-01
4.169052593446968130e-02
-5.306940179307938488e-01
-1.651416908812226511e-02
2.122157231904567287e-02
-3.005478845044470392e-03
3.714525378956103074e-02
-1.512098769031648172e-03
-1.022884702941726041e-03
1.684888454619517389e-02
1.439280039272473367e-02
6.891209003476479744e-02
3.991210165193399134e-02
-3.840757153093791315e-03
-3.332577064858065728e-03
-8.595045282206186243e-01
-4.956204268706089211e-01
3.446415559241457899e-02
3.610379621058386335e-02
1.115199990573910623e-02
-1.074316165520400844e-02
1.596791600155328069e-04
-2.890715211419870624e-03
-6.015484673167059183e-03
4.433911892180941554e-03
-6.978166814951289126e-05
1.324804822255707705e-03
9.177540024302216146e-04
-7.721712010503326224e-04
-1.469469031923360293e-02
1.259942320628971470e-02
-2.944315155524566130e-01
2.840644893221136794e-02
-2.010562326462939781e-02
2.655552891375509983e-01
-4.900429947833992265e-03
-7.853737559099920398e-03
-1.615558684144597539e-03
2.260484059362028592e-02
1.689581109467968656e-03
1.986869076408503704e-03
-2.390475662355076580e-02
-3.495087747928718458e-02
-1.079727532109338584e-01
3.087425205632142108e-02
-1.276347868463723577e-02
1.626429877150039893e-01
9.618852409677379478e-03
2.111499001939253981e-02
5.837059474311156668e-04
-1.008609045737021183e-02
-2.595201048362005911e-03
-2.854658009319081466e-03
3.515809154274187470e-02
4.497758666639840863e-02
-1.145902769508803931e-02
-6.826292652617676343e-03
1.340892005306124459e-03
-5.741608730651983619e-04
1.513217219922844137e-01
9.109396141288775284e-02
-2.357081021645020605e-02
4.969650359796252623e-03
-1.721661366739675805e-02
-1.051487312816464827e-02
8.409993900770367414e-05
1.878791722308290751e-03
-2.228758619504765670e-02
4.395428082430631492e-04
-7.498177246400978798e-04
1.406669704853298099e-02
-1.234656770884862012e-03
7.554851933927523005e-04
1.786239989904156791e-02
-1.069988820815019961e-02
-9.816778755069491269e-03
1.294508706953384665e-02
-1.226181908911602465e-03
2.143730647919637675e-02
5.787686554922304670e-05
-7.973562072268873535e-02
-1.320287608100886119e-04
3.756068995680353698e-03
6.942336888394135073e-04
-1.006039415692015391e-04
-1.133907355138219324e-02
2.271871665462125902e-03
6.677511681649656331e-04
-1.569973077818474869e-03
-1.486864991322452579e-03
3.675543420980911590e-05
-1.095379310394396788e-02
2.558813784827262960e-02
2.152436317547496564e-02
9.720302071211873096e-04
-2.167198852117946939e-01
-9.630962528443581805e-02
-2.129529218808070418e-03
1.123265661412740403e-02
-1.150556262079230861e-02
-2.026422109213783962e+00
1.989374684311020960e-03
-3.217834125726336258e-02
-1.416611260047514250e-03
-2.000552971083556508e-03
2.129042597707295897e-02
3.305966612715181135e-02
-4.300348576728218325e-02
-8.626602493981103681e-01
7.623820221206447593e-04
-1.326870519629471529e-02
1.746264277760581685e+00
1.009646278730247371e+00
2.148862925561278447e-01
-2.636829574162188994e+00
-2.677018265296820295e-03
-7.409206002543114455e-02
4.131856601422614905e-02
1.140014596384309797e+00
-2.064741985293359634e-03
6.619284073804376474e-04
6.310229338334814257e-04
-1.669127281380389516e-01
3.084884231245007408e-02
-1.101807821191250203e-02
-9.069903929346955981e-03
2.681540167368669181e+00
4.998823112463463003e-02
-2.011923511673560927e-01
-5.717492025802708294e-03
6.789044588857078011e-02
-1.152271808781828888e+00
1.410617160699075168e+00
-9.032167218100811690e-02
1.517443744689738194e+00
1.925177060588632340e-03
-1.910357154170034752e-02
-2.363730878294917001e-02
3.278266041646107354e-01
-1.141609519673081330e+00
9.576171037390512897e-01
-9.113718424356272163e-02
1.527774711457790424e+00
8.091542768511168493e-01
-9.242050506950008071e-01
5.345396658917625499e-02
-8.910758039563478894e-01
2.449620603230949489e-01
-1.195682526789718092e-02
1.959770195845043569e-02
-2.026387663637774575e-02
-9.194861183500135926e-02
7.966864134422513288e-02
-7.245991752482849706e-03
1.225619825844844607e-01
1.502927697997255008e+00
-1.266270749816085894e+00
1.190045841549603883e-01
-2.001675988335658740e+00
1.895286678498382844e-03
-2.669757560707301108e-02
-1.025422853916762717e-01
1.206633806264469921e-01
-7.898556532947130157e-03
1.337205476957097905e-01
-2.075002494211499945e-02
3.898361323176312565e-01
1.574519572136076961e+00
-1.913696282282992156e+00
1.216492267299466024e-01
-2.048998212796032448e+00
-1.945986853769881078e-02
-9.352686451975032733e-03
-4.192146775794929059e-03
-1.762541109880598200e-01
-2.422720716265652427e-03
-7.517595061353618546e-02
2.130800546676066831e-01
7.482998630856274591e-02
2.620742882426851245e-02
-3.209852136670222622e-01
2.530127030203914718e-01
1.127981163191916492e-01
6.658614726298302255e-02
2.744662493965436489e+00
3.900260831785006682e-02
1.165640979370491159e+00
-2.564232818047980533e+00
-1.265747183921330565e+00
-3.175080276676235380e-01
3.887401791991277999e+00
