2.101262637525442168e-03
2.746413246848193324e-01
-1.542473184987666959e-02
-1.205055555555564675e-03
2.096055555555874621e-03
4.487323733927244679e-02
-3.917173631757520785e-03
5.693180178126163718e-04
-3.883236201685589650e-03
3.218960712471689162e-03
-3.079385141964615649e-04
-4.816666666663534075e-05
-4.483333333323929565e-05
3.477518818839944736e-01
9.415183183779965784e-03
1.100055555556461034e-03
1.389444444443794146e-04
-1.485165405885955359e-01
1.706434570778610910e-02
-1.716444444445340686e-03
-1.147555555556389060e-03
-5.919522028994923059e-05
1.849138252946966332e-04
2.189470521647088685e-05
5.798196396070808131e-04
-1.353833333333797663e-03
1.104111111111414625e-03
9.334213965045887879e-03
1.957336141259761672e-02
1.828333333321561778e-04
-4.081111111099648258e-04
-5.595462072649758437e-03
4.920749390385379708e-03
1.415052641091487436e-04
7.286837147789448704e-05
1.233333333370617967e-05
1.256666666668449645e-04
2.794463005127404975e-01
9.917386422845753894e-04
-9.552777777778406493e-04
1.902777777784190705e-04
-1.220918763038468177e-02
-3.400509741737460100e-04
5.531388888884681502e-04
1.010361111110300849e-03
1.975222222222192039e-03
-8.185277777781396280e-04
4.090777777777538857e-03
-4.757972222222454049e-03
2.537792378569632325e-03
1.444912133819388370e-04
2.749999999980889002e-05
3.750000000011724640e-05
8.006037588914713572e-04
1.087899271465844406e-02
-1.368611111108083555e-04
-1.396388888888882023e-04
1.198888888888796313e-04
-1.077499999997708844e-04
8.211111111100467472e-05
-7.274999999963273302e-05
3.638260210981215659e-01
-5.271509916909222987e-04
7.177777777717469728e-05
3.562222222226514188e-04
1.362508269701485746e-02
-4.316964898436706499e-02
1.458472222222476685e-03
8.890277777770370276e-04
2.268333333332746803e-03
-1.022305555556010529e-03
2.416666666667094399e-04
5.738055555545578008e-04
-1.094688723440449818e-01
3.342694026422269975e-03
5.447222222219811797e-05
-1.549722222225777615e-04
1.137326204120182177e-02
1.051883585243918312e-01
-7.621236833460007590e-03
-1.226487702337459467e-04
1.863395009889242965e-03
-1.271093805268261735e-04
-1.713518948276711957e-04
5.031265337202870487e-04
-1.372222222160585611e-05
3.777057783529481644e-03
1.577094527339580401e-02
3.435700852991625549e-03
-1.029277777777262400e-03
-4.371376103209720886e-03
7.289386933114481645e-03
1.652196336900381077e-02
-1.477555555555091918e-03
2.164722222222721019e-04
-1.350944444444340895e-03
-1.730777313628857617e-02
2.903019999277763399e-02
3.209575191975731767e-02
9.355555555685367557e-05
4.270277777777978581e-04
-2.232055555556139437e-03
7.320574251155376189e-02
1.446612350783418530e-02
1.475941135000668168e-02
-9.666024805802380174e-03
-2.077522697952535052e-02
-1.405382173654409154e-03
-6.243881184115921898e-04
1.023281877475388929e-01
-5.128096902339373403e-02
-2.100447078080319996e-01
8.054770008494692088e-03
1.100980553660732379e-02
1.728523279542273916e-02
2.720594197201786982e-02
-7.312109384394678210e-03
1.902881310809091328e-02
3.386966003608631037e-02
5.399495407768318059e-03
-3.003142235364672508e-03
-4.414631833154702804e-03
-1.026530032745741616e-01
-2.305434520785295833e-03
-2.627780435911876498e-04
-3.811045070880345748e-03
1.410822532904045142e-02
-4.666024763399150921e-04
-1.183814838806722695e-03
-4.608734339196679958e-05
3.484766009228921916e-04
-1.897765215939648800e-03
5.116553335451594483e-04
2.568679320378927100e-01
-3.166669163402200532e-02
-8.463085869554368146e-02
1.919527300832048547e-02
3.245940546893829812e-03
4.445778547334728811e-03
-1.647291641741283411e-02
-4.507487526343393475e-03
9.446219708506516100e-03
-4.549266996295464258e-03
2.198188802902493848e-03
3.089812745219270023e-04
-1.370342998675621107e-02
6.431766189814656920e-02
2.486309009809928583e-01
2.074325620828736463e-02
-8.460359324227343736e-04
-8.540397459989284429e-03
-2.738199284630914512e-02
1.455238095994119962e-03
-4.896310333767204918e-03
-8.801917005608540789e-03
9.465491506321560338e-04
-4.272190058036368608e-03
3.463151748370241895e-02
1.697839247124234008e-01
3.234720354649378397e-03
-2.245681313301586476e-02
1.585592143912214688e-02
2.237366360939737047e-03
7.690492624417028661e-04
-1.159861467808856808e-02
-5.773852175929668727e-03
-1.243624009061121763e-02
-1.614119884626405346e-03
-7.535646367114188018e-04
-3.710790229211226223e-03
6.811367801502279939e-03
8.369971586482422444e-04
1.165620239532790328e-03
1.109934975053128003e-03
-2.804221710687537870e-04
1.461849961077268424e-03
-1.030350253319038028e-03
1.172580248917762524e-01
-5.765955127911617101e-02
-2.225007230767893363e-01
8.224114454335101692e-05
-4.769771970219775087e-03
-2.492088696784051406e-03
4.377796707304083997e-03
2.662877522487392019e-03
5.470571593661963800e-03
1.773748453558910603e-03
-4.400043188850261025e-04
5.844025309343396472e-03
1.103831188835998050e-03
9.391333906391222466e-03
2.015050716175237691e-02
1.409224936594789061e-05
5.841858719454320024e-03
-7.130370993356770779e-04
5.977932902893378156e-04
-9.170344936158824484e-03
-1.571587739838024118e-03
-1.377926951634734706e-02
3.796347585180295868e-04
-5.185977807355761707e-03
1.011595989155943121e-02
2.234220743812272147e-02
2.818868421058093755e-03
-1.034543195453381005e-02
1.911206548982505001e-03
1.266398646026024952e-03
5.588948471013306316e-03
-1.514919441710503340e-04
-1.283616670860029084e-02
-6.890101607593032695e-02
-1.180876186505175210e-03
-4.863168856772460312e-05
-2.034798899411504464e-03
9.436396224565603633e-03
-3.832909111925966879e-04
8.016619888480103727e-04
3.917546436236452826e-04
-1.831902240945614425e-04
-1.859856214514635339e-04
-4.586685346346833876e-05
-2.155666639484533562e-03
1.836702959180072994e-02
1.907437351807206901e-04
7.711578271293688652e-04
-3.759824799985019006e-02
-4.965552796127435664e-02
-1.818405730220798780e-02
6.131314227289836466e-02
7.620096914069051600e-04
-1.869403908711093562e-02
3.107994433031408899e-04
-2.036346208035506519e-02
7.260328993569181927e-04
-9.624437736317910082e-04
2.574971576970230824e-03
-6.621537326289194704e-03
5.442376560488195857e-04
-7.403338018419551667e-04
3.974253567766885230e-03
-1.401952894672667087e-02
2.633312720711823429e-01
-3.045944615501354827e-02
-1.118073129413162392e-01
1.282384586551273652e-02
-1.336106743004802531e-03
7.864039001111662380e-04
-1.009150138476180039e-04
-4.866779312639339986e-04
5.949922270243966079e-05
5.562994360087475604e-04
-7.629596792341797632e-04
3.813598432316755711e-04
-3.500317854058373687e-04
6.725516634178042505e-03
-2.085294338391225841e-02
-4.826872228660381708e-03
3.699543444579574125e-03
1.427221032883264386e-02
6.935856775172348498e-02
-4.139981739163644398e-03
2.445389794378820605e-03
-8.624176089591362865e-03
7.664552414296925582e-03
-1.299781172280104966e-02
3.033505793277070477e-03
-5.646842183938829453e-03
5.724242630599459848e-04
9.408082708586062992e-03
1.225503861917096688e-03
-3.308175911006629947e-03
3.310859131101167880e-03
-5.447240719115164663e-04
-5.455958339554872402e-03
5.010259237669856258e-02
1.836633705734082578e-01
1.304933944285767942e-02
4.191172679040702960e-03
-4.513848116172856917e-03
-5.457448377370404183e-03
-4.540402101743032208e-03
4.871394952145600185e-05
-4.996375834555384816e-03
4.717542336081545322e-04
-1.072613992829554372e-02
-7.993653861585825558e-05
-8.080855479499412033e-03
-1.787943673533692532e-02
3.044504314174287674e-03
-8.800524101953088874e-03
-1.780344093915449746e-02
-7.594323567178937195e-02
1.303239758126499732e-02
-1.022441007794029078e-01
-3.641309686231552177e-03
-6.832417059907134943e-04
1.629952271220528508e-03
6.171781502840089327e-03
7.311081114472623745e-03
1.028692250020976119e-02
-8.257767374573480798e-03
5.400082841829373197e-03
6.472865152154514204e-03
-2.474613160720500783e-03
-1.126136897478889447e-02
-3.400321184196356287e-04
-1.525825536972154643e-03
-7.086427577024772759e-03
-7.854736115229952933e-04
-7.182735194771280689e-03
1.108265779349811540e-02
-8.254027707925153546e-04
-8.960914607294555301e-03
-6.156756102634787162e-03
5.976614576081003966e-03
7.225765727571990815e-03
5.510095745413944555e-03
3.563139349989807858e-02
1.168720880825061953e-01
-1.055678143825343343e-03
-1.306326749653937899e-02
8.680238046830039255e-04
-2.994320972901492670e-02
6.407627633200731199e-02
3.818983182951070365e-02
2.882994596788752972e-02
-1.030082971288137639e-01
1.330217084962147245e-02
-1.956196969089776631e-03
-5.847416156110934104e-04
-3.713293411970133243e-03
-3.479422579669515757e-04
-1.219032266935550675e-02
-3.181810597367647295e-03
-1.994950256466612726e-02
-1.178573949266650406e-01
5.212999819286308345e-03
