1.001602564102563662e+02
1.001602564102563946e+02
3.279918402855639153e-15
4.717147435897424579e+00
1.235076121794859150e+00
1.001602564102562383e+02
2.017180470927302924e-14
1.001602564102563804e+02
3.354385458695630416e-15
3.554378865385609441e-14
1.441472613846045052e-15
-1.977864583333337256e+00
-3.117387820512830032e+00
1.001602564102563946e+02
3.384473967897235273e-15
1.001602564102564088e+02
-8.208739781970964422e-15
-2.312485505747124970e-14
7.054924972845862019e-15
1.001602564102563804e+02
3.047521430801187336e-14
9.005695427996149351e-16
-2.877337926003487386e-15
1.001602564102562667e+02
6.234550893106467808e-14
5.548772677547339884e-15
-2.924998014314808713e-14
5.061591644466192789e-14
-6.736994888911046379e-14
-1.758332968076066953e-14
2.496432379353336268e-14
8.273237179486048198e-02
-6.410256410257872406e-02
3.377904647435877816e+00
-4.519085536858970187e+01
1.643389423076923350e+01
-3.180348557692306599e+01
3.915114182692292388e+00
3.078049879807698286e+00
4.153946314102559434e+00
-4.499263822115381117e+01
-1.320112179487196724e-01
-1.767828525642831106e-02
1.298791065705127892e+02
1.293013822115389999e+01
-2.518154046474357699e+01
-4.319335937500036415e+00
2.128465544871799509e+01
7.840594951923028688e+00
-2.709810697115406786e+00
-3.065529847756074400e-01
5.370292467948718063e+00
-4.226347155448720372e+01
-2.174479166666644092e-01
-3.325320512820597596e-01
1.703475560897438612e+01
-3.071339142628206886e+01
-4.161658653848175626e-02
-1.659405048076726397e-01
3.756710737179478343e+00
2.665064102564121296e+00
2.023487580128349728e-01
-1.463591746796103453e-02
6.279847756410264381e+00
-4.202403846153844569e+01
-2.497495993589629315e-01
-3.247946714743719099e-01
-1.484875801282026508e-01
-3.488080929487356874e-02
-2.879607371801165550e-03
3.494340945513269708e-02
1.373055889423076508e+02
1.668364383012828611e+01
-2.590144230768425260e-01
-1.862980769245648968e-02
-2.681760817307694822e+01
-4.495042067307709388e+00
1.749549278845898004e-01
2.558468549680482651e-01
2.524313902243592267e+01
8.887244591346080469e+00
-1.729517227564192627e-01
-2.938451522427159082e-02
-3.333608774038454126e+00
-1.637494991986798154e-01
-1.392477964743621399e-01
4.687499999994449579e-02
-1.888010817307690559e+01
-8.345853365384821032e-01
