8.496799188505657696e+01
4.671790619536525213e+01
-5.038747063989597041e-01
1.008900638114674990e+02
1.284255731908118889e+02
4.848561633562479045e+01
6.365012494962437017e+01
7.763574384508159199e+01
1.268297467576311419e+02
-4.355120175602759218e+02
7.920266348488212316e+01
9.570796730621624704e+01
1.108893215910974561e+02
4.902720801804446893e+01
1.581354456617563109e+01
-3.932714529631198985e+01
1.558608175679946442e+02
1.435370300029233981e+01
1.949575389155030791e+01
1.918372453935086952e+01
5.313077412565895052e+00
1.434119434887006861e+01
7.571928288364436810e+01
4.141974261963760284e+01
1.566151237222091765e+02
-3.347560282277612487e+00
-4.525303372059207518e+00
2.379278160692213540e+00
-1.963129522985179065e+00
9.579483352142023733e+00
-1.392460301279417045e+01
-9.097654984973274850e+00
1.365467374324677907e+00
-7.088571933814896697e-01
1.299489121843779849e-01
-2.061049761976538441e+00
-4.926014076934663422e+00
5.219396646831689246e+00
1.894102745780533681e+01
6.494104334849819082e+00
8.457486700217674525e+01
3.826025753137160024e+01
-1.326348994298471240e+01
1.324381643153355625e+01
-4.924829828958831257e+00
-2.656438015793086027e+00
-6.493254851020513030e+00
-2.296117970808596365e+00
-5.486481877542141916e+01
-7.148239205668696172e+01
1.640199517841811527e+01
-1.080370227979875608e+02
5.222496629607021532e+02
-6.822355786109257281e+01
-8.122138298747081819e+01
-3.465054993941529915e+01
1.066715353241486586e+00
5.074154631141078120e+00
-4.530718547459567702e+01
-4.053134298544881631e+01
-7.406062482066682051e+00
-3.235461320164912724e+00
-1.917014936170171424e+01
-2.139081192085232530e+01
-8.638796175830329105e+00
-1.610929588976295435e+01
-1.858468010806172188e+01
-4.407013009708931506e+00
1.266727241479538857e-01
-2.558317644037139615e+01
1.437960622460447757e+00
1.706832558139824485e+00
-4.639270381274604560e+00
1.186303622012551706e+01
-2.743710072632385977e-01
6.327601357962060469e-01
-2.030829382514090753e+01
-3.500707642741904824e+00
8.814668166856584719e+00
1.252333141561385688e+01
-2.872054359370794785e-01
-8.205063618088004773e+00
-1.181239706848731252e+01
-5.756680716119693564e+00
-5.875997690039661769e+00
1.469052798388915804e+01
-6.968211450836466270e+01
-7.926800371598925210e+01
-5.012205234643303697e+01
-3.010190488225352823e+01
-3.969424823375299383e+01
-6.871954736723675516e+00
-5.222694614970662563e+00
-4.854003004310202130e+01
6.607698020295326842e+02
-1.025010207104130444e+02
-1.810752352357676065e+00
-2.950230545763927736e+01
4.203051815000188185e+01
-1.517201694847520344e+01
3.628518542232638566e+01
-7.015995111644848237e-01
-1.578494838990565974e+00
4.214878908048042550e-01
-8.829247667294469748e-01
4.206263682485897326e-01
6.891469299408135019e-01
-7.811639175256809287e-01
4.427821561478392232e-01
3.030098072540098997e+00
5.407592137792478049e+00
4.950750336393126005e-01
-1.333233209561279775e+00
4.441945207241702498e+00
1.119467904525446977e+00
2.245358321627228815e+00
8.147205662791703773e+00
1.610769892374379397e+00
-8.511405799347668832e+00
-8.130586620547472165e+00
3.924755955389219952e+00
-4.062705815147973354e+00
3.654943612325456392e+00
3.867365921719785327e-01
3.104335634746775430e+00
-1.344724053349589177e+01
-2.849964652784679142e+00
-5.128964324173643341e+00
-8.832292944583466365e+00
-7.702147953213837717e+00
-2.957358252454292469e+01
-3.766887502764005546e+01
-2.602843995056110060e+01
-6.445533599118392409e+00
2.690480799622997132e+00
6.751222316053392625e+00
6.338098088837089250e+00
4.320017076042233839e+00
5.985898126480346804e+00
6.057802382164138244e+00
1.319650152694059608e+00
2.661316345607465905e+01
2.577012594014329849e+01
8.621312122085821983e+00
2.767387973560106573e+01
2.554753507458424266e+01
-2.515090050980048897e+00
1.549708837762673319e+01
2.317152540415077056e+01
1.489594543581453934e+00
3.049006966497956217e+00
1.144695323160864753e+00
3.224607338624578379e+00
3.431140202212655144e+00
3.151703813101625506e+00
1.382587911215975351e+00
1.482094938705777354e+00
-2.589289985234686853e+01
2.458151508514453383e+02
2.344649813769568159e+00
2.255322665802675886e+01
-1.893270066491119508e+01
-1.464618301757052654e+00
-5.356063181313478694e+00
-2.038216207143064906e+01
-1.394056045662161125e+01
-1.846410798085216909e+00
2.335063851936797974e+01
5.710250485503525653e+01
1.534143581578128357e+00
1.568061515057280086e+00
1.390767261380307485e+00
4.668547740003253566e+00
-1.885445666245505336e+01
1.142962057341071969e+01
-1.711021019661602693e+00
7.498531978050338331e+00
-1.716794149728015739e+01
-1.180329942735886135e+02
3.937412107113914317e+00
6.598270487451982191e+00
-1.472249907503486810e+01
-5.196940363686557163e+01
5.349265077364409393e+01
9.228532131084097756e+00
-4.359972607569115866e+01
-3.491904936035827944e+01
-1.919320974603130310e+02
-1.274961794118463132e+01
-3.970974511009511332e+01
9.522614136643539950e+00
1.315635053316023217e+01
-3.577433311118090842e+01
-1.635503526528094298e+01
-1.841655996038384302e+01
4.557342850136572920e+00
-1.406516597166129259e+02
-3.172079290647299032e+01
-5.801434572274111190e+00
-5.645685926123274356e+00
-8.391587559448955957e+00
1.392938646739498942e+01
-5.855080984825607793e+00
-4.174205398802569356e+00
-4.142581522294026541e+01
-5.496720245946834638e+01
-2.158692897923841514e+01
2.871427921823018203e-01
-3.242976234383029777e+01
3.383233958349784132e+01
-4.992044172659770851e+01
3.789706011127306429e+00
-8.817394511704652871e+01
-2.259649876225719822e+01
-1.780280321414539557e+01
1.413395488338893280e+01
2.667850201342019645e+01
1.577588649797303066e+00
-4.098045649701466786e+00
-1.033549366166838235e+00
1.673248936026584088e+00
8.284916771923521495e+00
3.795000556803403313e+00
5.375573814377402115e+00
1.218280375886197042e+01
1.096892971588835142e+00
-2.754528255244946267e-01
-1.973336153058000142e-01
1.190730605010758669e+00
1.275121264206254246e+01
-2.228493046774229924e+01
4.627127727392402967e+00
-1.415689771808629871e+00
4.386918149487279095e+00
-2.709436098468268383e+01
-4.092065886061737601e+00
7.396210711352957379e-01
1.283204505781204485e+00
-3.613762860912780894e+01
2.016715290020217211e+01
-1.486004865481049286e+01
-7.473050610099392976e+00
-1.924370539999765928e+00
-5.373250074309471325e-01
-5.155849137246666380e+00
-2.824623064485801027e+00
3.838963946083932544e-01
-1.189239825093487246e+00
-4.721372748088629834e+00
1.984268704990286514e+00
4.062429110527408516e-01
-6.747561661805862698e+00
-4.908345724648770947e+00
-1.198002982047979827e+02
1.659408071677668772e+02
1.654110164297737811e+02
9.513915670131335389e+01
1.215719469116014437e+02
1.918021315368768569e+02
1.921313679290530558e+02
-7.334074053134575877e+01
-5.798069067844047630e+00
2.362554739466357301e+00
1.502985883569899261e+00
-1.186984928885469692e+00
7.794827040029314036e-01
2.634461199149092714e+00
2.908131537509734077e+00
-3.255375271533078596e+00
9.433836084533804467e+01
1.060200362829115619e+02
-3.443917569868785389e+00
2.992287824633359250e+01
7.754985194594861753e+01
1.778304349998139955e+01
1.948007602782257308e+01
6.555151851111800454e+01
2.757902173869152485e+00
1.302077177562031673e+00
8.110928721014047937e+00
8.915109243823483853e-02
2.400809804717821461e+00
5.636355909689118704e+00
-1.409965851594971786e+00
7.665152401232436574e+00
1.938273771255711875e+00
3.633675083053326538e-01
-2.366542827293144913e-01
2.016425110495683626e+00
-1.695329879357831615e+01
-3.121119979123684995e+00
1.740670549189298910e+01
1.489614468239055256e+01
-2.226986773772056338e+01
-1.020580167878221545e+01
9.078449244868293633e+00
1.688025105028794570e+01
4.324894972938968607e+01
7.358061918680272129e+01
-7.266949077676320030e+02
2.161935595805931598e+02
-2.895080355033854413e-01
5.180212314017190955e+00
1.795835657903236537e+01
4.546084004804367140e+00
1.359258361282198635e+01
2.755779979716503902e-01
2.975954233665568938e-03
1.410038749714266793e+01
6.462226560614783288e-01
4.307686032131667453e+00
4.292840983137498512e+00
7.532054426984035045e-01
-6.210000734796605570e+01
-1.109529212209791211e+02
-1.104682574726884496e+02
9.148081379768659360e+01
6.042484580867875366e+01
-1.271488853598831099e+02
-1.274391448489905088e+02
-7.903498064589226146e+01
-3.861899321806336882e+00
-1.773954034722870077e+01
-1.752239768235798323e+01
3.930606262737783396e+01
2.820217865183559169e+01
-2.310451181821086308e+01
-2.319586219327597831e+01
-9.862047823198601293e+00
-7.555405844718694475e-01
-2.963950164017283839e-01
2.445682794841814722e-01
-1.004226140151933899e+00
9.022875669642008711e-01
-1.913631671126552469e-01
1.298204605736799966e+00
1.319503774304958466e+00
1.828291896151129414e+00
5.952835087984602591e-01
8.840193438514271085e-01
1.511576090281878892e+00
-8.927924362387697599e+00
-2.938202469769357617e+00
-7.056966599697029885e+00
-1.508894700956325785e+01
1.135907231924835781e+00
3.448801767515223382e+00
7.798785355756844062e+00
-1.487985939319153950e+01
-6.868451023612434647e-02
2.343823911012787864e+00
-1.793290331835170059e+00
-8.723691508569707764e+00
-2.470002614412488029e+01
-7.855759442518014168e+00
-1.071880597937092006e+01
-3.859529241022451629e+01
-3.478950486898075400e+00
-2.636804721922898054e+00
-2.334697604713838803e+00
-3.644842817457304651e+00
-4.175928889313730252e+01
-3.486813392068978601e+01
-4.156612233000244032e+02
-4.808373742499964720e+01
-5.428333371166811361e+01
-2.075515321392347445e+01
-5.793529198750862719e+01
-6.707354266514664154e+00
1.534356288053351491e+01
1.570048057322362389e+01
3.443872380237698394e+01
7.619967118324525757e+01
-4.158924546262700694e+00
3.466077140727799133e+01
3.134503892383343171e+01
1.857209692559447092e+02
9.827454247073919902e+00
4.425505931288524764e+00
-3.895761001287042280e+00
1.430420272157467387e+01
3.214184851896077078e+01
7.478840844284501133e-01
-4.620463721146255409e+01
4.088548880110277395e+01
9.300003644201332520e+00
1.901133014527717080e+01
9.716069329358617779e+00
2.087780462283073035e+01
9.095783147322076445e+01
2.182138183005152143e+01
-1.209520094583588161e+02
8.147930095086050528e+01
4.346279666324936564e+00
3.064950580717137107e+00
-3.548783332784214206e+00
-3.614879158536543624e+00
1.472773473172168224e+01
2.820584479235857955e+01
-1.742364854325920831e+01
-4.678528711028000231e+01
-3.403547007436879657e+00
-6.488837289829512134e-01
-3.395617503569328122e+00
-3.565195841941505517e+00
-4.289060034869631721e+00
-3.820361700831558682e+00
-3.902747866174839153e+00
-1.344406695511054117e+01
-4.299865788644966713e+00
5.765209890494216172e-01
-1.139345105019407534e+01
2.458468370458179209e+01
5.287815576684334884e-01
2.761599731854636364e+00
-4.213656935097660483e-01
5.366166706937416819e+01
2.905942411851376050e+01
2.328016875076066938e+01
1.418322245506614898e+01
2.203417184057025580e+01
6.502861815945284718e+01
5.676160064241694414e+01
3.184312583509840522e+01
2.883985296286393663e+00
-8.264983497616587016e+00
-2.031183837308295104e+00
1.146328925086618211e+00
-1.698399180728753510e-01
-9.088608792048683327e+00
-2.169391738162899583e-02
-6.843364091785028580e-02
-9.153665476502727216e+00
-6.438210401192440147e-01
-2.787369050033600804e+00
-2.806709645680995457e+00
-4.567699389087914730e-01
-9.297442971987743832e+00
1.725988863393484962e+01
1.730124683361791682e+01
1.044448772719123220e+01
8.021031480987593554e+00
1.493545251955438147e+01
1.486022075429230505e+01
-1.375726042543485583e+01
1.018585615949049661e+01
-2.165952719211847466e+01
-2.170769616899502097e+01
-1.349552375623936129e+01
-1.075623489462548577e+01
-1.897408642505072862e+01
-1.888976406404334440e+01
1.522776424641908122e+01
-2.116259006966785705e+00
3.841978428723276731e-03
-9.845640508686080983e-01
-1.649140985875102494e+00
1.553421502193648385e+00
3.409408522613611048e+00
1.103063275432749624e+00
1.568244703184727085e+00
1.312817408109669959e-01
1.181507333768705204e+00
8.576845166616065441e+00
5.916540697875014132e+00
-8.745201097569096360e-01
8.021803085534479072e-02
-3.477191032535801529e+00
8.309962822235279489e+00
-8.307156399834703109e+00
-2.025819357471437154e+00
2.628474686749575628e+00
-6.054429602991275416e+00
-6.596168340456436407e-01
-1.243535232029224641e-01
5.488540774692485941e-02
-7.983058713756638891e-01
-5.731519217725036253e-01
-6.625398218618547830e-01
-7.500823462789165674e-01
-1.396432694913579686e+00
2.759044596870032962e+01
-8.000913259327742111e+00
-6.150280649530300847e-01
2.622342537786424899e+01
1.602996016822212655e-01
-4.201249449940169245e-01
-2.167368348754688867e+00
-4.839353595329515256e-01
-2.208158048285572411e-02
-2.529717606787886819e+00
-2.737946160720821975e+00
-1.022754147444577752e-02
-1.048964340387914307e+00
-2.157186668794427997e-01
-4.102782700964381912e-01
-1.031447383214590063e+00
-3.840450290830179370e+01
-2.412776492761113900e+01
2.146207735174908393e+01
-3.828059047086946265e+01
-4.272625485873185625e+01
1.385528001566238743e+01
-2.825817680169521395e+01
-4.280554677454391310e+01
-1.834576724169194861e+01
-1.650093272571348635e+01
-9.305785652567728050e+00
-1.837864496106746159e+01
-1.802743473972829236e+01
-7.264334928077386344e+00
-1.536880643311566708e+01
-1.802621666916677157e+01
3.325679739899567977e+01
3.376401322209319655e+00
9.507021027619147802e+00
3.999107379599718826e+01
-2.190873913274155260e+00
-1.745890249147230788e+00
-2.726048925703368209e+00
-7.005287027144905920e+00
4.246152772156973398e+00
-1.450318259656791753e+01
-9.111251913092260679e+00
-1.625138396939910379e+01
2.906475517879432502e+01
1.426611476127528366e-01
8.473554066393536033e+00
4.415156274815989690e+01
-4.762020374026802116e+00
-3.973173457485621896e+00
-3.527670759300236103e+00
-6.916956856300931378e+00
-1.750933327691594155e+00
-9.620956998315058906e-01
-5.968276033208255171e-01
-6.192826639154680457e+00
-3.764901147667002457e-01
-8.923326266888985669e-01
4.197635897798907556e-01
-7.977866120855456877e-01
-1.434292531937478410e+00
2.062932994110548091e+00
-1.939747439301178433e+00
9.965859899187384130e+00
-4.416300503117860932e-01
1.570999175815374072e+00
-5.680636240850293062e-01
-1.948648782003203461e+00
-2.712642463266877080e+00
-1.340021053105401538e+00
-1.230128956272374285e+00
-1.724628222262102328e+00
-5.278521284201092012e-01
-2.179164530222704510e+00
4.349968085587233579e-01
4.935331255307660037e-01
-2.868892592169687727e+00
-6.286589718127147570e-03
-1.898789047638189259e-02
-2.901925452905908642e+00
-1.290063533315992106e-01
-8.371967158590701841e-01
-8.326768393036387828e-01
-1.713198108649790219e-01
-1.709431750390770333e+01
-2.716416066356708470e+01
-2.710583197922826315e+01
1.196412081413573425e+01
1.798472708917902096e+01
-2.376622539975259585e+01
-2.386637139246176886e+01
-1.382336966958501812e+01
-9.577582487272628953e-01
-4.265791802137224309e-01
-4.323375757791312335e-01
-2.418909798488884988e+00
-3.323959787000648092e+00
-8.108619623556700962e-01
-7.949784668666898257e-01
-1.451615439494144510e+00
9.010000037152308128e-01
2.866998842532205494e+00
-7.986172954287040771e-01
1.443821521449785594e+00
-4.604144602603113867e+00
-7.652914932775131795e+00
-2.330770541014764774e+00
1.628555532428836550e+00
-6.453394631540415816e+00
1.368900198128901557e+01
5.525256434750672518e+00
-1.178519478440793478e+01
3.629176568002588699e+00
2.153752371301389523e+00
-7.051982228240114559e-01
2.137430720492262903e+00
2.278942919292845648e+00
5.071082276477330453e+00
-8.366986935886091103e+00
3.958016163447330094e+00
-2.788748226710887401e+00
1.722582276952856484e+00
6.830076082832287732e+00
-2.629314416330206683e+00
-1.984551008352261059e+00
3.288893588426972103e-01
4.590880425415375665e-01
-1.828154952648365139e+00
2.359482953021358576e+00
-7.711879545654313439e+00
-1.232701785222913182e+00
6.820109810106868231e+00
1.019336443023336036e+00
5.807464568585183340e-01
-1.663389995704523727e+00
2.449239895496601704e+00
1.011078713048211425e-01
2.268547411583303475e-01
-3.040068518988913726e-01
-1.264429372104941329e+00
-1.113808046013324386e-02
-1.573693927626993228e+00
-1.577805257964338903e+00
-3.896649640764067966e-03
-4.846856646499985710e-01
-1.197412038526776135e-01
-8.096148634863470361e-02
-4.885202938316210441e-01
7.595645877767265297e-01
-5.489655507519943800e-01
4.482195194982920294e-01
7.626386618839307019e-01
8.648815288157850611e-01
5.487877675581814829e-01
-3.638306069659470454e-01
8.630681697574588140e-01
-1.031580906897283612e+01
7.554585980315115634e+00
-6.062733991253662857e+00
-1.035804382364081988e+01
-1.175871343358111254e+01
-7.443790506431765763e+00
5.012318177157137455e+00
-1.173389106522379777e+01
1.525316284349149121e-01
2.959341889031416040e-01
-3.837658049419315209e-01
-1.594601084575571370e+00
-2.002832270216033272e+00
-1.402654035162593724e-02
-4.872982135869828070e-03
-2.004167211938414628e+00
-1.476451640106274110e-01
-6.109941304307453525e-01
-6.156296127914013816e-01
-1.010923083240042319e-01
2.452005044578034543e+01
-3.312805044487738826e+01
-3.326495381549559482e+01
-1.940523387234647501e+01
-2.388021960345660233e+01
-3.779472159286761723e+01
-3.771449700685035822e+01
1.628270329293865260e+01
-8.947113651590260508e-01
1.074589389477505597e+00
1.079517125583234094e+00
6.047315193533243649e-01
7.651640934056225252e-01
1.238584532695117257e+00
1.235786760621028657e+00
-5.994962477208850560e-01
-5.164685200565269710e-03
-1.183737335417701236e-01
1.881865028639607418e-01
7.863122701627502931e-01
6.972465269898899844e-03
9.366340689296852595e-01
9.480703608622628176e-01
2.518175616346414545e-03
3.019982660684961684e-01
8.222061304772938783e-02
5.267730839247299762e-02
3.048452481976053341e-01
4.877371521325618020e-01
-3.543019053842811905e-01
2.873669603682409979e-01
4.897199029528329084e-01
5.555922098324965752e-01
3.522207593320993979e-01
-2.349151616883746463e-01
5.544242679835319487e-01
-2.870505193640252584e-01
2.090786046960933786e-01
-1.689863604322155710e-01
-2.882201802808591617e-01
-3.270566830861642571e-01
-2.072411298873487462e-01
1.386575241261078228e-01
-3.263682072342242724e-01
-4.644909097509122842e-01
-1.928483778109916447e+00
2.091747667160572255e-01
3.676157481186793086e-01
-2.437985045951480245e+00
-5.852650971302250475e-03
-1.694376464003465033e-02
-2.440171832161900145e+00
-1.212620280140142004e-01
-7.440832562804819972e-01
-7.386751026247562191e-01
-1.752389002918202099e-01
3.721408596505359867e+01
5.889326108630497458e+01
5.876828059343697674e+01
-2.536115794385402467e+01
-3.819262715431942468e+01
5.162334730980640529e+01
5.183660061761739968e+01
3.024332667770280025e+01
6.737859543319951072e+00
1.066375651588922757e+01
1.064112188639557210e+01
-4.593886339374766870e+00
-6.917945810212686730e+00
9.347103226771414697e+00
9.385728630714023524e+00
5.475301231126114665e+00
1.257215255084189150e-12
-4.682931097090649930e-14
-2.032707854279313509e+01
1.465738809046947111e+01
-4.819874325326278353e+00
3.003672566176448733e+00
-1.635257965318103857e+01
2.065210232778152033e+01
-5.847940696256371496e+01
2.406900052069075713e+01
5.957439807148221966e+00
8.536066084400854237e+00
-7.389744836087179181e+01
2.818200057186639285e+01
-3.765648477998658450e+01
6.458895660058409476e+02
-8.478121747757066373e+01
3.217874256631952923e-01
-5.948671827506288423e+00
5.884247111268193464e+01
-9.016378505373670578e+02
4.391948720988452948e+01
-6.265239267833873527e+01
2.945851364750070189e+01
-1.160188788559162809e+01
-3.701234809316471974e+00
8.291539062486402045e+00
-1.987327187304443328e+02
2.960595846434741318e+01
-1.654286914875390480e+01
2.667819127017557435e+02
4.124342974063046086e+01
9.983899009061808272e+01
-1.493022966403399110e+01
1.078299872901463772e+02
-6.645222598412719890e+02
8.310942687988189448e+01
-7.823544220109138791e+01
8.283985349618521923e+02
-8.599409551552527375e+01
5.862778880311837054e-02
-6.222424488718088398e+00
7.375602524767650436e+00
-1.033312078244599919e+00
5.144099060283335234e+01
-2.726086186500579345e+01
1.447391105560722302e+01
-8.650100755928529850e+01
3.148213031706455567e+01
-7.399822756062970797e+00
8.278768727026360352e+00
1.490568137959554118e+00
4.941258372305854607e+01
-1.356477407011500347e+01
1.273539511873366159e+01
-1.028741842611415080e+02
3.406667182335433278e-12
2.439319128075807242e-13
-2.565152925693633534e+01
-2.110208334215143200e+00
2.855030826877608119e-01
-4.767510316351603605e-01
1.177484687378936989e+01
5.327597411544722661e+01
4.153226193661393617e-12
2.126588819791651878e-12
1.053010339392240624e+01
1.244562970396007984e+02
-4.013419523953408685e+01
-2.661521695771862639e+01
-1.211350282067108566e+02
3.816793847054136535e+01
4.454986311428976720e+00
-7.370516973827857532e-01
-1.994917968500436789e+00
7.598952239305175382e+00
-2.973801650127982477e+00
8.182758761184806273e-01
-2.828741020343355839e+00
3.092974939765067988e-01
5.382513877221874132e+00
1.733818248925713235e+00
-3.371529819169912567e+00
-7.188602264338929793e+00
-8.792270333096563917e+00
4.897812142405088665e+00
-1.983198133750840642e+00
1.456598861401169032e+01
-9.877652769598423976e-01
8.391336098672516064e-01
5.260489042622379152e+00
-4.099331866414959724e-01
-1.987607653558887577e+00
-2.060398519205463330e+01
-7.166672177134835842e+00
4.497422801183761720e+01
-6.146790586113864308e+00
1.520941062482223494e+00
1.693561883535796397e+01
2.841477343137297495e+00
3.079641966140803877e+00
-7.106991549510689765e+01
-3.928640089116973400e+01
-1.490358841673105728e+00
-9.190718372052784080e-01
-1.084916794027512488e+01
-1.329776711563509295e+01
9.735208850662037605e+01
-3.709344806750213763e+01
3.470295117075053337e+00
-1.524758257114789073e+00
3.008320978489327224e-01
-6.169706954596446913e+00
-2.523904905055504244e+00
5.692054313437796553e-01
-1.839969116990975428e-01
3.061824074272514018e+00
-1.161510838539784096e+01
2.056693412969343715e+00
-1.974080586059226983e-01
1.557824393816362374e+01
3.656939663019588505e+00
-1.066625795049404246e+00
1.804010792711435163e-01
-7.775734516469928082e+00
-4.353861080495787128e+00
7.225618472675126025e-01
-7.785757123570707927e-02
2.419411303587587270e+00
1.951761180115968441e+00
-7.506934477669762629e+00
-8.658513573382190520e-01
1.582538022336781036e-01
1.218427675895650125e-01
-7.395487336242910492e-02
-6.012279711253519787e-01
-1.133984707981847140e-02
-5.554911576976866439e-01
-3.144049305873236611e-01
2.918507748111922151e+00
7.029138465080202458e-01
3.691313227332837510e+00
2.564388688453414153e-02
8.860764899599825328e-03
3.688335184118387122e+00
1.836011456915270790e-01
1.126111732665979526e+00
1.117909946411384192e+00
2.654906146182637872e-01
-1.042715519101598609e+01
-1.787209729830125937e+01
-1.779857106960709956e+01
1.316822069516675242e+01
8.744144780815174656e+00
-2.026201620814219240e+01
-2.030510718831799011e+01
-1.283055651801453401e+01
-1.760603878589377302e+01
-3.017657200352466162e+01
-3.005242600352186599e+01
2.223396850125913815e+01
1.476409608416886421e+01
-3.421186040302617215e+01
-3.428461795200350792e+01
-2.166408414015426942e+01
-6.158938951243294602e-01
-2.557215322149305692e+00
2.752336943127822178e-01
4.866266254535501767e-01
-3.231599648323968399e+00
-7.764270639390372444e-03
-2.246953844223086375e-02
-3.234170573619020050e+00
-1.608825979822044727e-01
-9.867109079242369907e-01
-9.795224476084299914e-01
-2.326581835347489025e-01
-2.242841327618633329e+01
-3.549423266801465360e+01
-3.541890798875883917e+01
1.528504741033864178e+01
2.301848812496288943e+01
-3.111271383039769489e+01
-3.124124023629456204e+01
-1.822718309017925975e+01
4.474349741942993952e-01
7.080973850896569166e-01
7.065946462724385091e-01
-3.049461743739295683e-01
-4.592312889143969068e-01
6.206851351859364874e-01
6.232492911974063521e-01
3.636188047821813374e-01
-5.097440173897632833e-13
-4.279953265957155345e-13
-7.766355770772372001e-12
7.760942936503915131e-13
-5.771197981743205929e+01
1.092191449403678831e+02
-4.401550552412470729e+00
-1.263152655556440607e+01
9.690560108458364796e-01
1.412448048594305838e+01
4.723018546405632456e+00
1.107226781888339318e+01
2.100421577288922492e+01
-1.347423403344605219e+01
-2.270551544739366250e+02
8.062889379425901382e+01
-1.611826367968647822e-13
-1.011508752953176033e-12
-5.998776848739873550e-13
1.478220462802905334e-15
-2.292429611327391115e+01
1.148998651521624303e+01
-1.489422549121371908e+01
-1.563450824494954094e+00
5.167763844264552375e-01
3.797456463851803132e+00
6.086273214999581072e+00
5.013934854678348430e+00
7.407266020909599735e-01
1.540505906071109621e+01
-5.083513958571330704e+01
3.157180257468307616e+01
-3.752734176181580783e-01
8.384036452270756001e+00
-1.485796498673553572e+02
-1.514308036926425238e+01
1.063624354383419579e+01
2.094724159637810601e+01
6.846029519438449285e+00
2.211484467275930967e+02
1.044706931310641096e+01
1.769289097921750553e+01
-1.615953365519531104e+01
4.259645870520300193e+00
1.159422292188355996e+01
4.406424556304376949e+01
-9.717134061277948831e+01
6.910319284591869859e+01
6.518007473041863125e-13
2.482874826623441169e-12
7.246756606399226364e+00
-2.903988952170139015e+01
1.023215788778046687e+01
-1.412144089670866620e+01
5.511618288987245506e+01
7.903507632458925514e+01
2.471815362344061320e-13
2.335120577427710150e-13
1.203276863368170524e+01
-6.746286536507855658e+01
2.580001339483885658e+01
-1.633133772471974154e+01
4.705016486844311885e+01
2.679665732126337474e+01
-1.046561043848739367e-12
-1.821962243239057519e-13
5.201590419977388826e-14
-4.093762255350707056e-13
-7.175440689809441608e+00
1.494069729018627335e+00
-1.220570958514566873e-01
-3.005357558835362397e+01
9.481493272604103240e+00
2.575417954552950306e+00
-6.371685546368148767e-01
3.234606575088414093e+00
2.838968773972001358e+01
-7.339186573197255647e+00
-9.686473670243948009e-01
4.375627693201514790e-01
5.039635840481749568e-13
3.396019597833376862e-14
3.116309693923940305e+00
1.204462609091898706e+01
-2.900450675025135538e+00
-1.299321539019909488e-01
-1.635260735602361848e+01
-5.048336055784603538e+00
5.916022150014363678e-13
3.459528437266235961e-13
8.623438230383833059e+00
1.315169701884317099e+01
-6.790098714797264456e+00
-5.613614658763873777e+00
2.326800937316931162e+00
9.078195751784448930e+00
5.736790700501817150e-13
4.880727710574941735e-13
-6.211356741675956331e-13
-4.766163391999074021e-12
-1.333976657253504428e+01
8.775201382119847793e+00
-9.033928102943002969e+00
-6.213859281359250986e+01
2.664994190723249901e+01
4.939994337712712458e+00
-1.927213236279859521e+00
6.006408324114691055e+00
3.339088011048782079e+01
1.542055017012069706e+00
-8.608825274050760257e+00
2.285679367740092616e+00
-4.428536746017253357e-13
1.592937785007694122e-12
5.448526282833392465e+00
2.581092470867543121e+00
5.969544079308135576e-01
-1.270713168765856160e+00
-1.226347086918778650e+01
-3.067456133774366656e+00
-6.754753203443575003e-13
4.011628521477813151e-12
1.381505107330635163e+01
9.097989211970025281e+01
-3.782035357913603235e+01
-7.353087064116471394e-01
-3.380004470959042351e+01
1.320341909532213620e+01
4.762829066202993643e-12
2.184136036402812525e-13
-2.135934262296594710e+01
-2.016781200245203465e+01
6.709742133570424372e+00
8.818008645896480147e+00
3.456825175015639928e+01
1.854204489102600917e+01
-1.192601951081837032e-12
3.202496072486289869e+00
-2.457533354052523933e+00
-3.927198361648207126e+00
-4.815887229109209528e-12
4.729707514382779010e+01
-1.408706969638394568e+01
-6.231848692653934307e+01
3.683235336785331526e+01
6.600880619988696019e+00
6.279767109470073549e+00
4.266907445887763828e+01
-1.427396990685853595e+01
-2.170898953293849942e+01
-2.348675011013301983e+01
-2.003159898181800358e+01
4.001651492623059170e+01
1.800050463066084205e+01
2.275592490521439082e+00
9.897667004611308528e+01
-2.745851896491571509e+01
-2.280299508866210800e+01
-5.011396519403639616e+01
-5.732788871475661807e+01
1.480752721328648117e-11
-1.031632952485956030e-12
3.205764862605112597e+01
-4.609456688618351450e+02
6.670986959979840947e+01
-2.445471027836972411e+01
7.542171866727323959e+02
1.783609391439537362e+01
1.529089566004980189e-12
-6.104951288777816017e-13
-3.318019178941614200e+01
-3.328326831166705091e+01
-1.556908188989502584e+01
9.357731398254834687e+00
1.410885438802676504e+02
3.038490557107716938e+01
-1.873416191570882273e-12
7.616419528226412427e-13
-4.403304428725811626e+00
-3.657116026556645494e+01
3.632415937020674779e+00
-3.654289453136442933e+00
4.055029696166072029e+01
9.347183241389393160e+00
7.599486044729370437e-12
-6.523599148146300874e-13
2.795364553018121256e+01
-2.310105316620769713e+02
3.027955150622021030e+00
-7.538234058343010524e+00
4.541970934812144947e+02
-1.438258452772694085e+01
-8.102829887808396655e-13
6.699696183346616323e-13
4.630833403517448765e+00
-1.472898592285711850e+01
1.250997878971666089e-01
-1.741509152480220646e+00
1.725942530211647963e+01
-4.338375021896826667e+00
1.383037384356821551e-12
7.082113946864475568e-14
1.330548395264995598e+01
-3.198821827456163547e+01
-5.433956281079249884e+00
-3.141656042660303960e+00
9.915658176308622274e+01
-8.527133445158934677e+00
4.606245777424608612e+00
3.811124348387104277e+01
-5.757881367330929478e+00
-5.001378836005622475e+01
-1.360396623418005646e+01
2.056459533380517257e+02
-3.117685310477383354e+01
-2.862014071909544555e+02
3.369269721073836710e+00
-9.722825735068600039e+00
6.964835593356713161e+01
1.433058544509940635e+00
-1.896507522420083802e+01
-3.408390562661718093e+01
2.639716860573936970e+02
-1.367451896794034027e+01
-1.305822414794302925e-12
-1.937492615744469351e-14
8.184650526083535382e+00
2.638131738474648991e+00
-2.428942762099759900e+00
-4.954437058871619670e-01
8.482866604575104219e+00
-1.280798193278677388e+01
-9.028825823992161630e-14
9.022071910518537149e-14
3.647652722100805933e-01
-1.227674413653394403e+01
1.279132872815941679e+00
3.834349024093015035e-01
2.037055626216976734e+01
-1.140085932786059963e+00
-6.472875508391086896e+01
3.132053608095495534e+01
-1.089690185721450710e+00
-9.968233340001567910e+00
-6.067874742519571640e+01
5.056134612039784315e+00
-1.119502456073816887e+02
6.835764682019457723e+02
-9.093017126628038227e+01
2.696850919967693017e+01
-8.330970748087296318e-01
9.832754679657909946e+00
-9.327956156248259276e+02
1.133823409759402807e+02
-2.026137644326105214e+00
7.028876565802625009e+01
-1.809282968363092603e-01
-2.438161040183532968e+00
8.834746276584850122e+00
-1.482976415196970166e+01
-1.791917206311586952e+01
-2.434035914426685709e-01
9.680944353772027000e+01
-2.190496353480389402e+01
1.262077753097462391e+02
-5.297469937925106365e+01
1.017021224989105832e+02
-9.398233051337895176e+02
1.509061316061421962e+02
-2.863025464825703637e+01
1.152781742236308219e+03
-7.196432514837042049e+01
-1.062781925780308493e-11
-5.547091751002766808e-12
9.141605196185474292e-13
1.271211350848557420e-12
-1.315695953992771372e+01
-1.957392325533940047e+00
2.838472243194845746e+01
-3.836614082378697077e+01
4.100355195540860365e+01
-7.920148675164193186e+00
8.442971202821476506e-01
6.248473678092960615e-01
3.598274259834784061e+01
-4.331902147021650507e+01
1.918090248463997671e+00
1.038823494765884803e+01
2.765541874612876060e-12
5.573054168453161260e-13
5.292223230717809201e+00
-1.801221325066726919e+01
-3.137962556237717582e+00
6.128060742140022388e-01
3.611507587591207624e+01
-9.773090117842375690e+00
9.598742842662963686e-12
6.930152181626733268e-12
-5.170325974228670418e+01
5.187305797099705273e+01
-5.771984381776784545e+01
1.221353939985244885e+01
-6.321644895458275926e+01
7.794399093955949809e+01
3.239318949259079705e+00
1.455327513094386349e+00
3.387360299293307175e-02
-1.091035347004932099e+00
-1.997252381484946326e+00
6.296565336120556466e-01
2.924331117704883076e-01
-2.983093215017829980e+00
-1.299348356627902845e+01
-2.980746929204791673e+00
-9.019607505604630759e+00
-1.023527831023725376e+01
-2.385298870940623317e+00
1.919208275935136765e+00
2.787221692771222337e+01
3.577128675220690113e+00
-1.029915421190601344e-12
4.797073377687571965e-14
-1.256026428427385717e-13
4.493738850572908743e-13
-7.365773971175076262e+00
2.031111417009414222e+00
1.388616673128924894e+00
-3.035431047809267646e+00
1.839238149088072150e-01
-8.584873425291231208e-02
-6.818439291312630712e-02
1.861255959896418233e+00
8.598335972186816889e+00
-2.681277802598852844e+00
-3.416205144870718691e+00
9.975150908839696129e+00
1.136358724035706944e-13
7.679186738873254670e-14
-2.482622600713962381e-03
4.981149859604194763e-01
-2.991117327088061995e-01
5.144958167773695523e-01
-1.126398734251305322e+00
-1.082273271468942033e+00
1.544840915894821562e-12
-7.187209250140084732e-13
1.005742294115919222e+01
5.656174447251308024e+00
-6.345090239986045377e-01
-3.280361815776956291e+00
-1.504202805638835727e+01
-1.203727042439551020e+01
-9.044553966832483700e-14
1.347152387167544998e-15
4.350391809864763746e-15
-3.268812522254998842e-13
-4.925362581149662411e+00
7.853226252198906021e-01
1.450721863076307461e+00
-1.619277883606506308e+01
1.406998545552493374e+00
-3.360424487620987666e-01
-8.974574059303992712e-02
7.283257676866714547e-01
2.780529582681858614e+01
-1.786692203699566495e+00
-1.444630424342728814e+00
7.162342822335612702e+00
9.726415689074408649e-14
7.404538600507768455e-14
-4.539529423382445472e+00
-6.895725008934579237e-02
7.318176857556085713e-02
3.187281179484651172e-01
-5.117019449455271207e-01
7.008758257653569856e+00
-1.756791723708557608e-14
3.077177567292885031e-13
1.072568350725356368e+01
2.622334359706617946e+01
-2.251494941431735342e+00
-1.451147068371177351e+00
-4.453908280744695958e+01
-1.577184076867575513e+01
2.867762471318228086e-12
4.246713877094403011e-14
-5.613802562330748813e+00
2.588396680609000455e+01
-9.090805330571763321e+00
-4.023793158752485333e+00
-3.986633526891590407e+01
4.620044812935597101e+00
6.634950395442477511e-13
1.750144991283764040e-13
1.980723885295545106e+00
3.000059856309422290e+00
-1.985361472034206543e+00
3.457210640943172986e-01
-1.307697846313247148e+00
-7.538633678881612177e+00
4.043278993821583877e-13
6.451190191658597979e-14
-8.269874607564955404e-01
-1.399707315881880021e+01
1.086770815558709025e+00
7.180454016874820988e-01
2.485544978740441024e+01
4.794787699522581326e-01
-1.660778066939179878e-13
-1.354113088826482292e+00
-2.136814166446652230e-01
2.533209847304312756e+00
-1.620048146759823772e-13
2.752382919260286087e+01
-2.598450381361776529e+00
-4.816053893784432205e+01
8.964749330997976884e+00
-7.973803561232880588e-01
1.826577690867274006e-01
8.761227079468486556e-01
-8.097623389224196666e-01
1.147571649006227990e+00
-1.608646202440490924e+01
-3.157082129696720862e+00
4.985368505621151058e+01
2.901184009867199975e+01
-3.349523738534165318e+01
-1.341377686874200847e+01
-6.998245854206230021e+00
1.075474593758672093e+01
-7.889948507802530742e+01
1.942035395506403361e+01
6.084828401020969702e-14
2.670853918868984473e-12
8.159211343266905558e+00
6.822901566658888584e+00
-5.874289520966533118e+00
-9.457807290320797478e+00
-1.251539082254079283e+01
-1.680481621709017048e+01
-1.656689977935928589e-14
5.069058764896317701e-13
-1.183635233985700275e+01
-2.905838626054828211e+01
3.619985901595838662e+00
-4.609343175678159099e+00
4.426923167610687671e+01
1.641142909035852426e+01
-4.410409226673179930e-13
6.836899384419827471e-14
-8.764108038033815365e-14
4.823410372517925379e-13
7.848938028591005533e+00
-1.640938765372051300e+00
2.696917214475679447e+00
9.582950028721644031e+00
-2.379962481310115840e-01
3.594664607723412342e-01
-1.050856705150896853e-01
-9.340195808894307117e-01
-1.339268279499629699e+01
-3.940007462404178540e+00
2.819765909357028200e+00
-9.012431053834665917e+00
3.649006073265594737e-14
3.383856577865545947e-14
2.133334899218104930e+00
-2.257844372015387790e+00
-1.148388774907813104e-01
-4.354419452257760059e-01
2.930455937563475111e+00
-3.531741711458565192e+00
7.346076169780350132e-13
-7.070973682866511063e-13
-1.323051825150081839e+01
-1.597397995258477543e+01
4.302480660811845437e-01
1.586998706439466389e+00
2.205833057197725466e+01
1.521417257515935439e+01
-3.217356985629052470e-13
4.955452180615747048e-13
-5.280358072408770932e-13
-9.569411649522369292e-13
1.569143267187512336e+01
-4.697720663628507154e+00
-7.572965997253212622e-01
3.015352164084678321e+01
1.723145632843973374e+00
7.739654556740616087e-01
1.415825215739638376e-01
-3.296959208919791884e+00
-4.244214846646985961e+01
1.676750126118724316e+00
6.287809703889823076e+00
-9.267554912272922607e+00
-2.139309169059964906e-13
9.624905459427859118e-13
3.588901503047584374e+00
-1.135014392119983562e+01
3.725144273709504739e-01
-2.618305009840252495e+00
1.501951209928165731e+01
-4.325320619308480552e+00
8.758444808494713057e-13
2.814371485509443880e-13
-2.582220619446900045e+01
-4.292287483899249878e+01
-4.438628422019832875e+00
5.442871498775534889e+00
6.052370130278572447e+01
1.494853977127065647e+01
4.645652864298880076e-13
-5.394804169113436678e-14
-4.482422570398768791e+00
-2.980268835474770839e+00
-7.781584845914291115e-01
8.562790321655565640e-01
1.503032184765697821e+01
4.708970409799724699e+00
-1.141228416169008496e-13
-7.236232700480085711e+00
1.267518290474954623e-01
1.208034315312153595e+01
-6.063675633150909485e-13
7.910762223684399075e+00
1.010272482906502178e+00
-3.047403605980599295e+01
1.581099131429780691e+01
4.715805073682671211e-01
-2.713346955469065347e-01
1.952017712471707256e+01
-3.476653746681952040e+00
-6.687788027967963345e+00
-2.743684547241559102e+01
-3.257747238291484848e+01
7.000513525742738352e+01
1.521087415872908544e+01
-3.259614147281451046e+00
1.641771083823656951e+01
9.697282577075641896e+00
-8.499603696701074185e+00
-1.176132917450772055e+02
-2.754951126721496024e+01
-2.627752817919955408e+00
-1.259629496963391365e-12
4.533544692315104641e+01
-2.598341248144404804e-12
4.116298691134709031e+00
8.063798121200522116e-13
-2.811184544893598147e+00
1.236473045162062355e-12
4.255699954614982516e+00
1.253294988473312342e-13
1.936253623508497768e+01
1.565166708438516527e-14
-2.052674060635406761e+02
1.470462006035443192e+00
-1.626093761978542718e+00
-1.683020288890581995e+01
2.839116491515961016e+01
4.759749893562624123e+00
2.601678550705191810e+02
2.100626920012762611e+01
-6.828260895909053261e+02
9.248898347793614505e+01
1.677033782591236388e+01
1.103150813067740614e+02
3.990945356466373539e+01
-5.545556955491541817e-01
7.982441336916011778e+02
-2.139530611262194668e+02
-1.851083432941408802e+01
9.077863029048085508e-01
-7.658157945620536255e-13
4.952067432653936993e-12
1.558440338377458101e+00
-7.192895593431236639e-13
2.029919311201132714e+01
-5.186192864337328259e-12
6.000674662312233210e+01
2.155349489782028627e+01
-8.780709571521833974e-13
1.358796304082711341e-11
2.829514586869158066e+01
-4.280043644457082600e-12
-7.596909539321690374e+01
-1.292057268049731722e-11
1.108798404930423764e+01
-2.036148196739928640e+00
-2.117670998871605548e+01
-1.103283191759765884e+02
5.405977387853186400e+01
-4.703241194728299490e+01
1.729785522698876221e+01
8.472035085072450400e+00
-3.215997492682327596e-01
7.989190949920585538e+00
1.325930447815032220e+00
-1.784498283067571522e+00
-2.826114243296084894e+01
-1.317659858108556392e+01
1.630369464446161487e+01
1.552690490103083043e+01
4.403490587674497192e+00
4.414176856485745759e+00
6.151695540937078821e-01
-5.854991624210142298e+00
2.064635295506550960e+01
1.937895996154725964e+01
4.278538856627092990e+00
-3.008072112562626188e+01
-1.447418007290700714e+01
-7.433652924448133525e+00
-4.064498982821455719e+00
-3.377468629076833651e+00
-7.645301615699781728e+00
-1.063812706634630345e+00
-2.664002869542364316e+00
-8.845756613923551726e+00
2.109155781918021777e+00
1.348696926333752710e+00
5.633566204731854654e-01
-4.938733864718482636e+00
4.540508844777803255e+00
6.868450590176850667e+00
1.943813820253926350e+00
1.102975217009658415e+01
2.709681205583391428e+00
1.428905377222655870e+00
4.937020741948396768e-02
1.332445244731663259e+00
-4.510622680905297943e-01
-3.316210506388729828e-01
-2.238076721135137337e+00
1.404552641773497701e-01
2.056120298157832949e+01
3.837552757637423984e+00
1.275697309107095379e+01
1.479869446819556345e+01
-3.074863951952516050e+00
8.232777482998297813e+00
-4.434276292983631684e+00
-1.842871065366735195e+01
-3.622108298778768187e+01
-6.350036636652450994e+00
-9.156797782619703341e+00
-1.868429665959861552e+01
-2.130145948888291230e+01
8.965676867768317848e+00
6.247761379265042159e+00
-9.955022667435482475e+00
1.171302020873632976e+01
2.454679697236340274e+00
1.423040755426784598e-01
-8.753379497083399130e+00
2.423380028983392620e+01
1.585479611537609479e+01
-1.453917050778099096e+01
3.424714485511977813e+01
5.472129373732463442e+00
-1.080601645223407514e+00
-7.850736584178990007e-01
-2.713517075957494473e+00
1.231718683103783851e+00
-1.665176665666022737e-01
1.729059180719872746e+00
1.791995168399271199e+00
5.125522814319862164e+01
3.241642680470842208e+01
3.627868183716373807e+01
1.744760252917220100e+01
-1.855267329514478902e+01
1.438475922219694070e+01
-4.114947882385202149e+01
-5.817543418417449175e+01
-7.077217873429032953e-13
3.278099362758541624e-14
-5.654489717614676891e+00
2.776210933004287451e+00
-1.463623979385244023e-01
5.022935831442741916e-01
-4.728309162535349941e+00
8.151012705354776955e+00
-6.493653533802097477e-12
4.017188980796700368e-12
-3.594489989605103375e+01
1.806968730967178161e+01
-2.627162697839362071e+00
8.926540799848327268e+00
-4.081895566150748778e+01
4.171326683904767663e+01
-1.544940982183441277e-14
-3.164152942196452846e-15
-3.092154611087229110e+00
-5.426035183398560946e-01
1.087719434706396066e-01
1.019631298416421528e+00
1.991347196919432058e-02
2.261198471331018478e+00
3.631433517001807613e-13
-4.808463977594424287e-13
-1.080912771227587221e+01
-8.334776576921559155e+00
1.286735709939935912e+00
6.147111658736704953e+00
1.049981214588949818e+01
1.044655356217164943e+01
1.513121017461251749e-13
2.036060152576187976e-12
-2.890718460546144897e+01
4.597669086041646835e+01
-1.093056380642166836e+01
-1.379217230477081735e+01
-7.147107402974829427e+01
4.473125912911586965e+01
1.007593139384634363e-13
1.283519016671898751e-12
1.106503188801629101e+01
1.026911958665818148e+01
-4.238860465366150798e+00
-2.837633237186764301e+00
-1.138376875212659556e+01
-1.782701656846986893e+01
2.914486562007754383e-02
4.136183009401348087e+00
-3.879227025327216083e+00
-8.861236026149470035e+01
-3.206210086649410318e+00
-2.116807262273685541e+00
-4.329296484287100100e+01
-3.190923498638260369e+01
-9.418180384059681387e+01
-6.533798207428736760e+01
1.510112871243211607e+01
-5.074169443439942739e+01
1.251702123900383760e-12
-9.383254283682060318e-13
-8.157709217229912824e+00
-1.437220142843985116e+01
-4.104337828393431939e-14
1.072968354006229454e-12
2.949449378383781184e+00
3.478234756218534329e+01
7.014213702123651900e-13
7.858205605258603623e-13
-1.382480771018394172e+01
-9.114374979695958976e-13
1.903806098196617569e+01
2.010185498686857031e+00
-3.746210133937247555e+00
1.761512066246309516e+01
3.618278149224711360e+00
-1.125972196369225742e+00
-3.149271569854544239e+01
-2.470296582757721637e+01
1.169456192818403473e+01
4.810908227945902560e-01
1.582573130059687250e+00
7.286427201048356395e+00
4.540383594992532856e+00
-1.936429437336769643e+00
-1.921472439926307985e+01
-1.033892501816099063e+01
-8.115254994365580288e+00
-4.540229229169760572e+01
1.991948500881000683e+01
3.552942409949717550e+00
1.181876686820449152e+01
2.092786295942922692e+01
-1.493652788669451725e+00
-3.570736190938478938e+00
-3.329525914884576565e+01
-2.900610203711318746e+01
2.776171554435292066e+01
-1.361935137193175294e+01
1.022030414453840130e+01
5.435663061151409892e+01
6.431108918631177396e+00
-8.864299107480873019e+00
-4.755728099244534235e+01
-7.721804952738315819e+01
-2.572046740208115967e+00
-5.666709213987246585e+00
3.668501941191470550e+00
-1.600014208388061832e+01
-1.612417934655629992e+00
-4.698544103971035391e+00
-1.913678511777646252e+00
-3.230984861167772237e+01
2.450468609851767710e+01
1.418686335965017919e+00
2.880689999796953771e+02
-5.043293573040825706e+00
-2.875865876253256737e+00
-3.459593496673457480e+01
-3.311460102607144762e+01
-3.808153673548026177e+02
8.017781655746770753e+01
-2.280805429363721970e+01
8.670490904324598205e+02
-8.987993604907093470e+01
2.671419728273524896e+01
-1.730543854353220183e+02
-1.341014932209190249e+02
-7.661566245519919676e+02
-2.775067264175843373e+00
9.499813137507868988e-02
4.235956524881770946e+01
4.213667908259639550e-01
-7.930424300633904799e-01
-2.158819000718046777e+00
6.902794146220227134e+00
-5.681784696257138023e+01
-6.753807850530711221e+01
-1.409501237386548977e+00
-5.413869205791657890e+01
-1.703858731145995264e+01
6.001162535061520309e+00
-5.843829410532607938e+01
9.423572652105085012e+01
8.947911386768608111e+01
2.730309575665172517e+00
6.058220990145930518e-01
-6.158113009386676495e-01
-4.165184630166063329e+00
-5.445331607618957293e+00
2.055432133967648678e+00
3.407786380967524398e+00
-3.422796639901533600e-01
9.199797548719110818e-01
9.158879512781785692e+00
-4.173493961559374554e+01
5.957495688002498468e+01
4.673513947104551036e+00
4.501015993438153728e+00
3.559175354868083119e+00
1.704977781894972466e+01
3.572188147515633072e-01
-8.593519571410656255e+00
-9.573299150355140341e+00
-4.723103120584555370e+01
3.061635508678204332e+00
5.565894687081616610e+00
-5.241856783904552231e+01
-3.868361101955956372e+01
1.933647980932724764e+01
6.168724682203184706e+00
-1.663983168177175287e+02
2.488371610675138257e+01
1.705010720514049689e-11
2.688204260881209392e-12
6.655700950491226564e+00
-4.872004610037815837e+02
7.738246642917037832e+01
7.087253392097785820e+00
-3.157460760326914735e-12
-1.311027533132681633e+01
3.024823585015441019e+00
-2.069169717157977938e-11
8.108074200935427598e+02
-1.261361819169720633e+02
5.914276361678713492e-13
-2.002759632577354555e-13
1.981390662492631449e+01
-6.690392715763609033e+01
4.570394441999608759e+00
-2.580843225094828775e-01
-8.536662552588560456e-14
-1.072283710033196513e+01
-2.375681030842911490e+00
1.537351481784637621e-13
1.201838872752917524e+02
-9.602462555859347049e+00
1.531939476852456738e-11
-6.608462447250102773e-13
9.484589099227768827e+01
-2.476849977600621457e+02
1.613980596894335662e+01
-1.600835260946386995e+01
6.262237716252420055e-14
6.737688253203955924e+01
-4.857989192017802438e+00
-1.461613131302512498e-11
4.182122784552474286e+02
-2.697595927629421908e+01
1.660342304859548659e-12
1.091847421440692377e-13
3.679951050884481845e+01
-3.697804815871036510e+01
1.597709990555596926e-01
-7.867925400700886307e+00
7.487503271601377422e-13
2.054269207458754209e+01
1.620740431208566035e+00
-2.998826240858370559e-12
6.549036198301519107e+01
-1.002612451708135621e+00
8.117069293353282342e-13
3.387050672751817585e-13
-2.366541862462617228e-13
-1.348360479021233528e-12
-1.685079349314450070e+01
4.400614274364002654e+00
4.327991491696980830e+00
2.081314507242410912e+02
-2.718694714077987129e+01
-8.942385554994334740e+00
-9.349604760962286765e-01
-5.522810821762804245e+00
2.505822925317381276e-12
7.713189097898919046e-15
-2.091271046519813215e+00
1.148245807441775668e+01
-9.359602308109457036e-01
5.257354469313971906e-03
-3.853845776245053201e-12
1.609677612629345217e-13
6.735570129689879337e+00
-3.460438065012268112e+02
5.099362841215133102e+01
1.232190307933988649e+01
6.112370323965376910e-13
6.599919742425829915e-13
8.902411339442819482e-01
-2.365079415097296334e+01
1.840421949833681126e+00
1.603018430891560042e+00
-2.262634576973289726e-13
-6.582946930593721824e+00
-4.996744184183319337e-01
-1.564409310355896156e-12
4.732821774114966473e+01
-3.807076483484515439e+00
-2.579775727400127652e-12
9.660394754282898180e-13
2.672675875609717266e+01
-3.554741060317801953e+02
4.694283750652901688e+01
9.521676626711984781e+00
-3.253517983069488670e-12
-1.885252658995495167e+01
1.393689611220273905e+00
9.781116101699861408e-12
5.905574423730409990e+02
-8.746068071762351792e+01
-1.450112835737673721e-12
-8.042257993977957484e-13
8.416015405539992361e-14
-4.063796170581077398e-13
-5.325266527282425777e+00
7.513461915342106723e-01
-4.784284277381964046e+00
3.917639292139017471e+01
-2.261270203096487741e+00
6.421474871110761928e-02
-3.023028305224127396e-02
-1.537561165043824563e+00
1.519148564249744704e-12
8.487984059318115953e-14
-2.539603556190938027e-01
5.040946470932490264e+00
7.751269488205848601e-01
2.358982867863038402e-01
-2.368562372979843205e-13
1.089472599648355028e-12
9.390731683122870876e+00
-8.017668937939723151e+01
7.053382444315425381e+00
-1.184529784751403358e+00
7.293627999717626014e-13
2.441180183202403334e-14
5.548833522884779601e-01
-9.421092577116019218e-01
-3.162477149174642399e+00
4.903841284460763172e-01
-2.231271105318516704e-13
-2.094071481341424956e+00
-2.096957062003136085e-01
-6.640166755371260058e-13
4.922294728711903211e+00
5.171026760132335198e+00
2.549327046470321287e-12
6.722690079069264281e-13
8.727645435839900045e+00
-6.968237996682226765e+01
4.798038284116436181e+00
2.591297305580226418e+00
-2.306918356008010987e-12
-8.816767123602700096e+00
-1.255848459030887598e+00
-2.763022523446586735e-13
1.409802642578484040e+02
-1.338170939945714188e+01
1.078812584731358726e+02
-5.220089346825759691e+01
1.816150309534237728e+00
1.661372223332776343e+01
3.015471614104023867e-01
4.063601733639763403e+00
-1.397339408711335551e+01
6.254556960311267177e-01
-2.103462921828673302e+02
8.829116563208518187e+01
2.805033814819202931e+01
2.710156269968780673e+00
-2.889697081543589618e+00
-7.932916489275918082e+00
-7.677076295710135057e+00
-3.501044866689968416e+01
-1.838584688445997699e+02
-2.795056304318198315e+01
1.198100377389555860e+01
9.242594925711221654e-01
2.267327705696660800e+01
3.565884352103549304e+02
-3.099524201729824995e+02
1.529852105868716095e+01
-4.778347560283727091e+00
3.003161435683518832e+01
-5.961138139394113722e+01
7.731680586041282943e+00
-1.026710753436867574e+00
7.081529172643151959e+00
-4.861161594509950135e+01
3.910603073670755769e+00
-3.005018580314672061e+00
4.645730199980702579e+00
-1.752951738839073528e+02
8.050779298288111363e+01
-6.122514458993722819e+00
4.105772967925798156e+01
7.232206366229097512e+02
-2.632663839402816208e+01
1.045036916532399118e+01
-1.205667430673089939e+03
1.239238411526449539e+02
-2.973607474874206247e+01
1.572985781628548807e+01
-2.093615306606615718e+02
4.430160089575512075e+02
-1.419615128947042422e+02
-8.084843984718369825e+01
-7.469259362880425215e+02
8.257631452893753021e+01
-5.232487460945502988e+01
-2.864160727300652454e+01
-1.423811702994245536e+02
-2.320779242904091078e+01
2.052241333725289163e+00
5.121483607492036754e+02
-4.526724557951884265e+01
2.343493986741707147e+01
-1.985380057318484326e+00
1.311486733716944109e+01
-5.121499444022502701e+01
5.280741764373484557e+02
-4.812621988043167676e+01
3.829953075912662541e+01
-8.718649513327129625e+02
-9.643728712227844113e+00
-1.085581147975892558e-01
1.198051586768657586e+02
-1.427787576022480387e+01
7.870778517982324196e+00
-5.969086842805129134e-01
3.590033699071261797e+00
-1.826906527509738964e+01
1.043410437197565699e+02
-1.159040156797081877e+01
1.673785566781886303e+01
-2.082759705919842190e+02
-9.033576697756261709e+00
1.734271685857669221e+00
7.263703160108306633e+01
-1.473208307923587479e-01
1.236201482763216575e+01
3.008167371426347270e+00
-2.842465243619860527e+00
-1.762700152903757100e+01
8.229773961990503039e+01
-7.292770328415902448e+00
1.418413535139885262e+01
-1.219955150247906204e+02
-5.472175993266667149e+01
7.477077934511421553e+00
3.223072785059150647e+02
-1.231567180787571232e+02
-1.774698737978359020e+01
-2.948171970345802695e+00
-3.457505336582975097e+00
2.896583294533161634e+01
3.052809480911881224e+02
-6.692519839229656498e+01
8.811103865289564396e+01
-5.540119600661773802e+02
