2.084889282946107356e-02
3.203985099641066259e-01
-3.047358515869108206e-02
-3.798690166707589799e-02
-7.679586736424588375e-03
-1.427384615385266908e-04
-2.357692307690077834e-04
-4.411692307687823831e-04
-1.575384615364021769e-04
1.570313739170771730e-02
-1.081438229045828415e-03
1.738895299401160182e-03
1.165238914012221459e-03
-3.586536668957960835e-04
-6.357105291760256410e-04
-5.868209458611300158e-05
-1.831185410960033295e-03
1.169580710677733532e-01
-1.570430063986527625e-02
1.053201938818212197e-02
1.138152283878956887e-02
-1.615569230769681706e-04
-1.069184615385760566e-04
-1.275984615388005392e-04
-2.333169230770877893e-04
4.605766613978539148e-01
-2.531469767945323038e-02
-1.682734462012689183e-02
-3.428429564416905773e-02
1.265169230770446605e-03
1.258744615384711297e-03
9.619846153848704865e-04
2.022849230771793776e-03
-1.855555514893459379e-01
2.143904876261761711e-02
-2.702294291214510369e-02
1.291152517284487738e-02
8.629323076925953179e-04
6.696961538465832659e-04
5.101761538460699869e-04
9.602923076907983642e-04
3.603379283073591347e-03
5.011123329418888574e-04
-9.418257911000828785e-04
2.057647356608821641e-04
-4.642934868724672096e-04
-2.133077543238649635e-04
-5.051013957115357378e-05
6.369446686922394850e-05
-2.073446091320315099e-01
3.589299668473928256e-02
-5.901888888895032333e-03
-8.913000000012150786e-03
-5.957158597897409258e-03
5.288835606503539642e-03
5.719142315908095665e-03
4.053428207562365278e-03
4.418222422220734191e-02
3.283157133354652063e-02
8.424777777778754209e-03
6.258111111099051195e-03
-4.895321958660901751e-03
3.380812352256341684e-04
5.555939137161116856e-03
-1.679075333689577718e-02
-8.495261538469634595e-04
-1.318692307691938983e-03
-2.340785201096487467e-02
-1.605577988519055546e-02
9.086169230767090392e-04
3.378038461541471474e-04
-1.113920225362749093e-03
2.914476335214103049e-03
6.032169230769525003e-04
5.684038461541741655e-04
-9.266266422019673113e-03
-1.113088520397462894e-02
1.119673846155046920e-03
-3.749230769275523967e-05
-2.590133779795994462e-02
-3.513860774665247821e-02
1.797296982640160870e-02
1.447135972856709689e-02
-4.803209693124332793e-04
3.120004234076829974e-03
-4.044553846149710188e-04
-5.088769230768157607e-05
-1.274876923080566610e-04
-3.816553846159355130e-04
3.606444452669040901e-01
3.279445373119439788e-02
2.444133621086374848e-03
1.629632051288771796e-02
6.844123076924765519e-04
1.110446153845984522e-03
6.108615384625014258e-05
5.128923076939373134e-04
1.430817691508133073e-02
-3.133543725521718143e-03
-2.706248839694020206e-02
-4.843655840510500271e-02
2.020243076922227394e-03
-3.925884615387300073e-04
2.911515384618645788e-04
1.456923076923062913e-03
-2.674354320380896086e-02
-2.513634402795711029e-02
-1.199845679014514919e-03
-2.060709876541423190e-03
-2.669976271307426818e-02
-5.153036488395098397e-02
3.872623456784201560e-03
7.517932098768221640e-03
-1.089550769230402793e-03
2.866246153843804694e-04
-3.813553846153516086e-04
2.580023076920814635e-04
9.542446153845963964e-04
8.382230769213485776e-05
1.405649230770153555e-03
3.858646153833888092e-04
6.781728199416897640e-02
-1.614950004680955689e-02
1.925781065207417611e-02
1.430809265476963230e-02
-3.648492307700483507e-04
-1.439846153847233452e-04
-1.507446153844915933e-04
-4.031692307692876735e-04
-3.025332549072723767e-02
-1.352257956820573015e-03
-1.263776930750412988e-02
9.288176239867349708e-04
7.270153846218085686e-05
1.896076923100812611e-05
3.496076923109152763e-05
1.027015384622727404e-04
-3.609551425376990481e-03
-4.705348821123988418e-02
-1.971703703697008647e-03
-2.788740740737043807e-03
6.327156448285577942e-04
9.221251330781426309e-03
-3.342074074066346372e-03
-3.729481481473527482e-03
-1.503876923078945331e-04
7.037230769272979848e-05
-7.673846153902501890e-06
6.231615384636318429e-05
-4.611384615383110167e-05
5.756153846507085292e-06
-2.384676923077457098e-04
-1.995476923063820138e-04
5.206266842285047769e-01
-2.369378811247529679e-02
-1.537667139934355623e-02
-6.204333487168879266e-03
2.137895384616557252e-03
6.396876923077668897e-04
5.729676923074156778e-04
1.950855384613528129e-03
6.156032171581265989e-04
5.260865327403614622e-03
2.630551422953282537e-02
-2.713977951054297611e-03
2.059424615383189956e-03
7.855623076916666992e-04
3.087223076920362274e-04
-6.454553846158289513e-04
2.209645958479235228e-02
-8.438728083270127800e-02
-5.538950617278560681e-03
-2.184438271604396270e-02
-4.939086717050537520e-03
1.313090664905152034e-02
6.313395061726838342e-03
1.049938271602397300e-03
-9.596184615374851777e-04
-4.484953846155527446e-03
1.199307692307345689e-04
-1.506266923077242493e-03
2.083707692303312460e-04
-4.162692307731645161e-05
9.444615384597606755e-04
-8.244738461534434739e-04
-8.746641151409641213e-02
8.528266289683839041e-03
-2.731059721185205395e-03
-4.339895577441898328e-02
2.169101538460443002e-03
8.641607692305545724e-04
8.292607692304846062e-04
2.119301538462317787e-03
-5.598454788566332128e-03
1.288463554015059354e-01
-9.866437706321052464e-03
1.411343143009395444e-02
-8.377877050139651699e-03
-2.162560856755122579e-03
1.533003466571585417e-03
1.363432201733639527e-02
5.072996754515103797e-04
5.457441313947515495e-04
4.395369652953099166e-06
-3.879298302981922528e-04
5.998848950864272504e-04
4.742387017786383837e-04
8.662924627168905800e-04
1.976554958671522966e-03
-5.162073047403708398e-02
1.904739851937329795e-02
3.801925708247847618e-02
6.360678358607754768e-02
-1.947189399597376927e-02
-2.433490323757278324e-03
-1.023204269602979695e-03
-5.284450271490011460e-03
-4.309722125257875458e-02
-1.245254479432503572e-02
-9.567502194163064397e-03
6.160128711832749127e-02
-7.630364594094649067e-03
-3.970689497660864244e-03
-2.346848542262594973e-03
-8.022310728576127759e-03
3.494916923076786270e-03
-4.881008486457377032e-03
6.741452346252596248e-03
3.905830483612451410e-05
1.179468461538434130e-03
2.626658027385779005e-03
-7.605133455744343338e-03
-1.112456066747630548e-02
1.140468461538567081e-03
-5.079308430568306963e-04
-8.483205995600185583e-04
-3.596810017662762510e-03
2.906916923078676704e-03
2.178181891280314263e-03
-1.125743575424559577e-03
3.555952129066535156e-04
-1.174474410841946648e-01
2.877284965499574826e-02
-3.452709876541559808e-03
-3.702956790124883792e-03
5.314835266654187318e-02
-1.673707870199820855e-02
6.042436563049231359e-03
-1.121799031915095973e-02
-1.793197377316348498e-02
-5.291368425477775694e-03
5.335034768055643174e-03
-2.687375431420106764e-03
5.660135802474315463e-03
7.959816577766487544e-02
-2.227689744343156752e-01
-4.291024990382599075e-02
4.099641975315398111e-03
-1.083102020071159688e-02
-3.325633419764283116e-02
1.331863176415902239e-01
6.003657507741710919e-02
2.112136367777667917e-02
7.681487654311170213e-03
6.836179012334504465e-03
1.434018001816357579e-02
-2.821249519498134420e-02
-2.346623229467961064e-02
1.319513258688857250e-02
1.149435953425006780e-03
2.215608993892290070e-03
3.033009355056795302e-03
-1.939069765405044415e-02
6.150753086423496954e-03
1.475280476384820127e-01
-1.957220843168552271e-01
-1.186138308158625754e-01
8.333469135811557779e-03
1.241920664493121988e-02
-5.683388126858957695e-02
-1.392632480533505419e-02
-1.312153846152958395e-03
-1.331784615388364101e-04
2.198298461537466671e-03
1.613183982055206231e-02
-1.311348920306761512e-03
-8.545001204325662278e-03
5.119630769231991920e-04
-1.486392307692060424e-04
9.556192307689042025e-04
-1.180999985528278411e-03
5.735618590721069769e-03
1.772412962938015252e-03
2.941230769230888053e-04
-4.949923076928492203e-05
-1.600607692308858121e-04
5.379710240284237173e-03
-1.199391385486101025e-02
-9.980007616803395626e-03
4.849661538461867987e-04
-3.836984615405557449e-04
-1.149461538461551014e-03
2.068775247267084713e-02
-2.820302149300545069e-02
-2.418710934772899321e-02
-9.627785738320670042e-03
1.668908948827595856e-02
-3.757916783453794235e-02
1.935028774792934550e-03
-4.076380815009501835e-04
4.096886863124216734e-04
-1.800952117133196892e-04
-9.946879177269280468e-04
7.925488556047209643e-02
-3.660443607380996223e-02
-2.104346907982432291e-01
4.234279713882152692e-03
-7.010242976943770188e-02
9.966140102508026441e-03
3.397089046411939234e-03
6.643080827927196411e-03
2.297359126461689938e-02
9.431549421857881319e-04
3.488121181912267471e-02
-2.762081606807800793e-02
1.638207756577683347e-02
-3.309039945065363805e-04
1.104634066024185422e-03
6.668158861655145223e-04
1.149774300368474299e-02
-3.160192984156346557e-02
6.970083468730053911e-02
-2.865169962932032164e-04
-4.019585752738708689e-02
-7.342935318253582255e-02
-3.354309378597127478e-04
3.199181020067631137e-02
1.885931902631616738e-02
6.313970834866825324e-03
-1.032630310729550473e-03
-1.497824731956404806e-03
-5.932171402030816162e-04
1.578390621935381061e-03
-3.250886351681487457e-03
1.718309208757198923e-03
-2.342134813891395551e-01
-1.448815197193135118e-01
-1.980383352668003416e-01
7.926280444648793611e-02
-3.271405995604062967e-03
-1.327177694338082387e-03
-2.364453520366980709e-03
-8.058277763985577033e-03
8.186076460453901166e-03
5.510233141037448011e-03
1.367318018432289208e-02
-2.084493562027919106e-02
1.540123896332071295e-03
4.846706574245578602e-04
1.090153470741445129e-03
2.632475107549207827e-03
-2.484724463817452808e-02
-8.059199596576403779e-02
-9.865566026837710098e-03
-6.809987787015994894e-03
-1.239858456508193679e-02
-1.174203631204245347e-02
-7.065158197598587000e-03
-1.336338479179212911e-02
-5.934780732881559517e-05
-7.877759050567809292e-04
-2.550074337005118303e-04
-4.583034582909624741e-06
-2.759581562789026636e-04
-3.105738782166843343e-05
-6.526699033342773159e-04
-1.402916830204362867e-03
1.886605074563721673e-01
-5.138030796327670152e-02
-2.049739031269648681e-01
2.911431543086311080e-02
-6.563681471117503718e-02
9.850105645097476798e-03
-1.914138915228871330e-03
-2.959058852927043317e-03
-5.796667688944538016e-02
-3.942508662752682545e-03
3.483775559093043456e-02
4.595126433092627111e-02
-4.206703501630157556e-03
-1.031192198133297532e-03
1.241913561719138522e-03
4.689886370917511864e-03
-2.925346247517177437e-02
-6.861042658225934010e-02
2.234103495566445996e-02
1.455142383090152550e-02
-7.273370436427978314e-03
-3.330267984474644116e-02
4.513190394637538183e-02
2.459284098815775477e-02
-7.092539684528400244e-04
-1.543841027885798712e-03
-4.171878472793268198e-05
-1.995796908416854962e-03
-1.120489649781645277e-03
3.195286265839865402e-04
2.555120130619504496e-04
3.111524134652513592e-03
1.128246841535791301e-01
9.885482147157692578e-02
2.507009018192931649e-01
-3.865291435219963406e-02
6.374285723867199882e-02
-7.343275715665489346e-03
2.539712121900043838e-03
5.243354273754193343e-03
-2.011661135883138080e-02
2.857061889164479607e-03
-2.065108498517110105e-02
2.478843171038942056e-02
-1.297655258999902417e-02
-2.745944365348088750e-03
-1.932923270070624954e-03
7.118635309664477114e-03
2.234713223142943076e-03
3.775652736015167737e-02
3.761118358102726045e-02
2.772798334149297397e-02
3.531935670459994403e-02
9.391125056529574591e-03
-3.457954717791010546e-02
-3.049591059032126864e-02
2.223864424627994968e-03
-1.252164543787589231e-03
1.449034353491678723e-03
4.539482299688812894e-03
-3.574781201696585614e-05
7.996331727130055788e-04
-3.498601929728129825e-04
1.467221642420194622e-03
3.236989967309952254e-01
1.944655510947273513e-01
3.583361382020181507e-01
-8.722018555895523495e-02
-3.072991006937874064e-03
-1.177090087782925454e-02
-3.893927320201341635e-02
1.867543235803697035e-02
2.991988671407165915e-02
1.298889334295872666e-01
1.349758516423622302e-02
1.637812741385212545e-02
-3.858965445928283500e-02
-7.059017571087493337e-02
-8.368574454885763236e-02
6.225743820409733800e-03
4.680195032698983293e-02
-7.478718839757250367e-03
-3.790961366608918554e-02
-4.167778580176461495e-02
2.657148160886157063e-03
1.291126605783152193e-01
-2.223587344510597960e-02
6.057635531181918692e-02
1.134078980856801921e-01
5.579266701617193597e-02
-1.263306964338241876e-02
-5.496142658281171628e-03
-4.240259006151029901e-03
-4.240475403290669583e-03
3.602529291462615909e-04
-2.981881680900815360e-03
2.662427421777736197e-03
-6.073752001006162572e-04
6.300211726966640753e-05
7.181414052593726796e-03
-2.933555471509933111e-03
-4.417495428129790424e-04
1.541455045596683499e-03
1.571554367860530238e-02
-3.516704179680381088e-03
-1.023031485129408126e-05
-2.445036679174376545e-02
-1.353449373620445664e-02
-4.868803063468620223e-04
1.306684963322820399e-04
9.437642342731375228e-05
-5.963663630857901415e-04
2.570718915920418984e-02
-2.895190985219056601e-02
-2.756497366306183763e-02
-7.153595480308806709e-02
-2.156866973677534229e-04
-3.506967185023877995e-04
-7.424979792211751231e-05
4.969928729965379351e-04
-3.850848528042893903e-02
-7.598797735754181382e-02
3.746382527196541554e-03
7.770299921841142092e-03
-2.484585099153370502e-02
-1.728207178134441926e-02
-2.834187377108949918e-04
2.298078375217758613e-03
-1.050440207504006848e-04
-1.039326719214775575e-04
-3.006441367069846845e-04
1.463644604718936440e-04
9.553079518569315926e-05
3.992623738636750445e-05
3.105674737306070798e-04
1.508729222171036012e-04
1.509973935881650693e-02
-7.582422442884755032e-02
-2.573851724431722721e-01
5.073017820603439171e-02
-1.015269739299250601e-01
8.823006590067300134e-03
1.768521055622646575e-03
9.561000628403914028e-03
5.578163887287816702e-02
-2.763237167472970893e-02
-5.569627754962440391e-02
-9.778568589495748031e-02
-3.372083847113466724e-03
-1.266574433358020604e-03
-1.064057507217227834e-03
-5.104252762392828650e-03
-4.252121679651296726e-02
-5.115838763919868665e-02
-3.577363727451697908e-03
1.563576545903427872e-02
-3.962342212963697666e-03
-3.788761221303401511e-02
-1.114456410268131574e-02
-2.130851196365520644e-02
2.379391511153054143e-03
-4.725008112123608300e-03
1.469590165103786764e-03
-2.052935774203185591e-03
-5.037305440854386801e-04
-4.148039230824688531e-04
-1.248611508553174780e-03
-2.676201915908220808e-03
1.726534039950929772e-02
2.121631192742426310e-03
-1.505158757052806572e-02
-2.081601984534947949e-02
4.721629719954613912e-03
-2.008370692731907201e-03
-1.141183393694687352e-03
-2.053382694646368068e-03
-3.120099226180257646e-02
1.657067785452457157e-02
1.829398565255853371e-02
4.692907421320408057e-02
-1.143886750071525064e-02
-1.529895610843021430e-03
-2.093479669827265572e-04
1.235493520937456895e-02
1.911602885608424578e-03
1.899097092297124742e-02
3.601061361503878760e-02
3.281117030428845616e-02
1.503805854565800140e-02
3.209347728618383491e-03
4.975853276444102552e-02
1.775838842316883673e-02
-6.809669968960380213e-04
1.462267872858477764e-02
-1.656488912806503412e-04
1.677308065409831165e-03
-2.982569293964605064e-04
9.572280747352085450e-04
-1.094707717560178695e-03
3.936069619053724454e-03
8.850534302364413200e-03
-4.299623342911445580e-03
3.768905111365368488e-02
1.684932464462522012e-02
-5.566217336940219168e-02
3.657789484611161102e-02
4.711479750148409029e-02
1.271019024169306455e-01
4.022138395037842123e-02
1.232499218343006547e-01
2.782639526738697050e-02
2.709525054511243564e-02
-8.043428960296599220e-03
-2.463804925334961080e-02
2.735521943156946773e-02
2.675937507540872978e-02
-8.687177119552504101e-02
2.585183782987586151e-02
9.947959769357027360e-02
1.541307909710533663e-01
1.488453456336556735e-02
1.004499257720771477e-01
-4.716257962470428618e-03
6.098619359687763170e-02
6.785688739107353235e-03
2.187086686933074203e-03
1.943623208549369622e-03
1.445187741896331729e-02
-1.983074535250558049e-04
-1.416567619064452999e-03
1.202346565263842702e-04
2.340220939471156746e-03
1.203198048408345334e-04
-3.033633987937650080e-04
-1.002600957355922811e-03
4.257072500731527188e-03
-1.165396734985624629e-03
2.848810707125783831e-04
-7.855339502305422978e-04
1.185065862188528114e-02
-1.715407529144566401e-01
-1.352691475582560310e-01
-1.087229357613767461e-01
5.678007029644179665e-02
-2.662604877195364362e-03
-1.190453900157519658e-03
-1.594621437336491299e-03
-4.560686193543856716e-03
-5.693246415854671255e-02
1.383754773319882843e-02
3.007105125646264768e-02
6.953470330235561603e-02
-2.959843623039468846e-04
-2.379618647505078483e-04
-1.140032279242197125e-04
1.132834590215172407e-03
8.785768550680285449e-03
-1.325909939141946964e-02
-2.544818821880422133e-02
-3.734365347355286108e-02
1.295026019690265207e-02
4.396419975592446433e-02
-1.657196686526911378e-02
-2.786392385409404426e-02
-6.714748564263160052e-03
-1.330325950917054124e-03
-2.861122799231293357e-03
-1.038045299985981612e-04
-2.825996158376576067e-03
1.901458592209409680e-04
-6.118723774936188527e-03
2.357955316571294961e-04
-3.778921395702347641e-02
3.146940754230223569e-02
4.129040932450624840e-02
4.869461537522193351e-02
3.713072210213132045e-04
2.456308156576615209e-04
6.120660061260808481e-04
2.528756759786045770e-03
-1.015161579954311846e-02
-1.460756922224772103e-02
1.279063456967303178e-03
2.654779651921774369e-02
5.219313058885564557e-03
-4.753020196654178346e-03
-2.207585808871423590e-03
8.770134212352398428e-03
8.037339314574232230e-03
3.337103001176855172e-03
4.206572519911883079e-02
3.591799673237448115e-02
6.153634162479252462e-02
-1.208890442153206374e-02
5.682895128113726532e-03
-4.240477594170350556e-02
2.714839178734297577e-04
1.443125643040345241e-02
1.425587126491903184e-03
2.841151911122808803e-03
1.001457005892592489e-03
-3.457109397588327589e-03
3.572195664557453569e-03
1.292759101942876545e-03
7.654610000546603621e-03
-2.268543983268327471e-02
2.885203942571626032e-03
3.924220906824605823e-03
-5.569906388941692210e-02
5.099162002470158939e-02
8.163784549926451917e-02
1.237567783494230161e-01
1.621397557614047066e-02
1.388383745419983495e-01
9.156132037379948949e-03
2.906896957806809345e-02
-1.364751714318091294e-02
6.471818818524882611e-02
-1.571315248518073086e-03
-1.933981099106869231e-04
7.510886731677403338e-02
-1.294054993421137577e-02
-1.872039941644710465e-02
-9.152904851471198311e-02
9.525920440321791402e-03
2.136002203489944032e-02
-1.906035500864797705e-03
-7.980981363252363792e-02
-7.372583898337036964e-04
2.334045627896463426e-03
3.441082154337394249e-03
1.681153295659630143e-03
-4.772331771249393117e-05
3.711501770394708610e-04
2.396131064113538338e-04
-3.659205070818977428e-03
-3.264854020660058710e-04
-4.364565999236084547e-04
-5.519181662067477838e-04
-3.180461050421674093e-03
-3.393654295482600915e-03
6.979490464346228655e-04
3.501622911009225547e-04
-3.493856801333470544e-03
1.447269027140861697e-01
-1.110520305294481480e-01
-2.481429340890803081e-01
7.908621985416720845e-02
-1.244417315997309592e-01
1.000246713689771812e-02
-3.256909658282867558e-03
-3.461038754572795355e-03
-2.015159006070500400e-02
-1.694018114317894300e-02
4.152063482081320978e-02
1.568471804975929765e-02
-4.319141908592365707e-03
-1.789175451019161091e-03
-2.949596693796632091e-04
-7.703193985301102478e-05
-1.130992885643966259e-02
-1.358668989254023518e-02
1.190591339588339959e-02
2.979496350433656800e-03
-1.072700623762721552e-02
-8.893738284736276214e-03
2.614658850899228421e-03
3.335246350946974650e-03
-1.106281169927719954e-04
-6.628404840777365982e-04
-9.633898349572161479e-06
-2.089553019860095843e-04
5.993574978201865233e-05
-4.339345907390767653e-04
-1.068953328500444006e-04
-8.650565352347403241e-04
-5.948102108378870712e-02
-1.366249965581137031e-02
-4.141718174577503457e-03
4.064243456369153601e-02
-3.703649238851672212e-03
-1.512483984080587268e-04
6.966294591129603645e-04
3.357253472985914904e-03
4.999207877723930299e-03
2.282470774654222351e-02
-1.485111161953639979e-02
-7.701998639266970786e-03
9.154036371939308289e-03
-4.225143286870727474e-03
-2.948689060220434106e-03
1.521834674511849360e-02
4.765869957034382653e-02
1.514022273435930866e-03
-2.979110823631885702e-02
-3.713402133796441656e-02
2.728055378189892660e-02
1.571393155271410061e-02
1.519653922515657070e-02
-8.267640745569314331e-03
-5.604101543067220321e-04
-5.231608610617208928e-04
-9.624759714802842009e-04
-1.420433817719637904e-03
5.276771865226698643e-04
-2.322070061073524573e-03
4.220350267825564994e-03
1.121390797408913266e-02
5.428122729122872824e-03
-3.508712987688949320e-02
-2.048205752261674992e-02
-1.535352414675777988e-02
-1.044061907546358775e-01
4.551203751059663266e-02
1.480808759367414074e-01
1.907711878417237550e-01
3.559586308524391451e-02
1.064882659885957317e-01
3.200157798136040593e-02
6.986644195886705655e-02
-3.448758483017288638e-05
3.635482055758292724e-03
1.775813755135199705e-04
-1.058337904353158498e-02
6.660665488273822057e-03
2.707032887094657642e-02
-1.435422665629434817e-02
1.593959773140632072e-02
7.557995346679188473e-03
3.071412865320392177e-02
1.031223480637003670e-02
1.783031010666766975e-02
2.978612271846407637e-03
-5.130107157090645249e-03
-9.745617810882373656e-04
8.350674314819192187e-03
1.114693693411828324e-03
-1.708247246217781167e-03
-1.128392672687224480e-03
2.234771957421680545e-03
1.916113455918281843e-05
3.406059345350666919e-04
-1.133568449920620887e-03
-2.999085513095352522e-03
-8.454964374510296615e-04
3.571681103355893016e-03
-7.096752227820710547e-05
9.196539339221453113e-03
7.671463948999081295e-02
6.795806688963559883e-02
1.172911043203338360e-01
-2.451474481769494104e-02
3.816757822507849118e-02
-5.832648984149238838e-03
2.767793159098555240e-03
5.381269675072618622e-03
1.095493815605676213e-02
7.127794174692067032e-03
-8.083192872774090307e-03
-7.814281040449308144e-03
-9.359110127825868292e-03
-2.504272772141743651e-04
-1.656464472366978068e-03
3.070124710261949545e-03
1.620003548714621031e-02
6.148759706899169578e-03
-9.873340160796693216e-03
7.392417375003818014e-04
2.662340532705615576e-02
5.317531061739827133e-03
4.695673350817281683e-02
-1.758279464265444930e-02
4.511273633328952322e-03
4.756545273771613930e-03
1.754963672641905725e-03
2.514022992401246555e-03
1.844140775475110747e-03
1.476437708703381285e-03
4.646905372569888788e-03
3.827611520879292250e-03
-1.706865483611488127e-02
-4.895675958235356888e-03
1.898615284589648400e-02
3.188304300473278341e-02
-1.209594687940977742e-02
2.983607822867413630e-04
-3.360807889990407270e-03
-3.337230534404440896e-03
6.040842303198264499e-03
-3.806146014987781684e-02
-1.244553899021589582e-01
-1.789895527411897169e-02
-2.588112481262752271e-02
4.849824594019031855e-03
7.867285923665879579e-04
-2.614468264744530118e-03
-6.707170186641409071e-02
2.648214618268123627e-03
1.355635655823360462e-03
2.093277723581455762e-03
1.809978882723951724e-03
8.602108781626423544e-04
5.022529872424752852e-04
-6.520174587388375678e-04
1.901253247754345829e-02
-8.733663654132221496e-03
-2.203575061295334845e-03
-3.342356729038147706e-02
1.915949373786441853e-02
7.351143024890475185e-03
4.126386402827334106e-03
-1.369526263523344542e-02
1.649232123165228145e-02
-6.344475943655473668e-03
-3.179624641805833124e-02
-4.258547256377881451e-02
1.482567845509435815e-02
2.907085809613147581e-03
5.607782667737602582e-03
-3.673029766976905995e-03
2.147340695336844279e-03
-5.582699148588251073e-03
1.020608482715665288e-02
-4.222870479552373602e-03
6.181395323107477524e-04
-5.518589079673861869e-04
3.325029633053588896e-03
-2.923736700324618739e-04
-1.912605135101513691e-03
-6.352214927005450174e-04
-8.291442391580267990e-04
2.754544105761949375e-03
4.128949172882979447e-03
-6.765846500413955772e-03
-2.011438028530551647e-02
-1.358113590180172643e-02
2.981967505971272817e-02
7.340963427097709458e-03
5.535305363906105336e-02
-1.914061901427962023e-02
4.628161835538360802e-02
-2.918722136459598812e-02
-4.855294638019534703e-02
-7.267058372878006101e-02
1.897233615320947225e-02
5.750267456351559718e-03
2.927752057563669155e-03
-1.525058058232248680e-02
-9.018943937350179865e-03
-3.829444162177281924e-02
-4.452416303870782022e-02
-3.123574395741369678e-02
-7.405352025513591008e-02
5.342304889748521581e-04
-5.476016400148586705e-02
5.090666051717642610e-02
4.332042374161519660e-02
5.051286461614142194e-03
4.671979752923000051e-02
-4.255247835198684714e-02
-5.052233328912742252e-03
-1.451951243449094500e-02
7.419618414255414046e-03
2.078827134458053304e-03
1.897267391826656241e-02
1.612227913197835641e-03
3.287877850799127144e-03
-8.005237314482091526e-03
-5.267160760623033205e-02
-3.780677891141582918e-03
4.358586785446065537e-02
4.865348050577596867e-02
-6.574187135534306781e-02
-3.790835069076336009e-03
-5.729791680215332028e-02
7.073573712246745970e-02
-5.841661514639630987e-03
2.972258615772303998e-03
-3.436957874896809546e-03
-2.561948852509319304e-03
7.919478246660191165e-03
4.113595990941893051e-03
-1.503238287961786851e-03
7.702994999843647446e-03
4.623240476631367869e-03
-3.250235706763221922e-03
-4.507081327694695619e-03
-5.835749800153162796e-03
8.305908711303932723e-04
2.272543431924838042e-03
1.751338575826154407e-03
-5.806541229950128299e-04
8.813001230432695923e-04
8.040370512643969835e-04
4.309261595521558276e-03
-3.784395178570435208e-03
-5.172107390080130963e-03
-1.103250996597506623e-03
-9.957057162392056893e-04
7.169378535649787235e-03
2.354476427156595719e-01
1.951040599214872717e-01
1.953992911707094216e-01
-7.064183210176620820e-02
8.438078823371034098e-02
-2.960817448216867404e-02
-5.178144838035762809e-02
-1.080505077146176746e-01
9.817377902825212554e-03
1.008472357430858710e-02
5.989626632614528101e-03
-8.117026111169063640e-02
6.143272449229518484e-02
-4.626154670552996839e-02
-7.719432709380973090e-02
-8.958263187094550606e-02
7.569598290908103027e-04
9.940263455963110548e-03
3.005984703616022477e-02
7.111072993505351304e-04
-8.748286991031898122e-03
7.911388615971386845e-03
1.909265292037078815e-03
-2.228022195359780425e-02
-2.379208197440721081e-02
3.008115389476285866e-03
-4.643363912771456686e-02
-4.288404185004059815e-02
-1.066947778989029150e-01
2.912198507684209126e-02
5.071599091591109248e-03
8.556636865633204803e-02
-2.093832684613805215e-02
3.452098442311651166e-02
1.048905890091488824e-01
-6.256082577933612388e-02
-1.386088668310862526e-01
-2.198367025490805260e-01
1.887757623632627460e-02
-1.076170192912134782e-01
-1.080937632083599775e-01
3.374416462359884628e-02
2.206529086949911636e-02
1.233054343297175365e-01
-3.052239965228212976e-02
-1.491392278334641858e-02
-1.124024888517233672e-01
-1.741180196333198815e-02
2.351717781566751986e-02
1.512982809583774194e-02
-3.074042854178032566e-02
-1.117370347811414213e-02
9.633946965268239473e-03
2.735572236287260248e-02
5.768516708942056544e-03
4.422499819686524260e-03
6.289311355408280790e-02
2.773613371405423203e-03
-7.676928235408979166e-03
-6.517028349910893026e-02
-1.487301911836128206e-02
-2.616409327007654731e-02
4.743325482563774675e-02
3.512360366551784546e-02
-7.458798792869902536e-03
9.618943642952933540e-03
5.451408842377338491e-03
-2.568885596535503898e-02
-5.265236389127257027e-02
1.597010546801545458e-02
1.625755793971266419e-02
2.641798926945181092e-02
-4.192614154541814825e-02
-4.926300170745899834e-03
-4.323442879706530795e-02
1.869207545933466996e-02
-1.745229859284571153e-02
5.517509552676412576e-02
1.761413401909542042e-01
-5.493819204632879177e-02
-2.583572296032328186e-01
-3.066269295431900965e-01
1.080230331782227075e-03
-2.148643944360016309e-02
3.407042109429902956e-03
-1.865475856422487561e-02
-2.631986086913687753e-02
-4.767120394961004565e-02
7.929170987610593968e-02
3.238339343469326392e-02
-1.077767235742896216e-03
8.051186789434741642e-03
-1.075544093983233848e-02
-3.480244103965068284e-03
2.410998914458709411e-02
-1.793196698169206632e-03
-2.759916380348335571e-02
-4.566472375173077913e-02
-3.772118586263575966e-03
-1.732932599951441353e-03
-9.862724747585187995e-05
-1.440302604294551106e-03
1.529770639757360327e-03
-3.659431223305018238e-04
-3.790717140507081535e-03
-1.479287036696493637e-03
1.605251257931700551e-03
5.063111573982303874e-03
1.560643131340702866e-03
1.526025409215728441e-03
2.140952051267016514e-04
6.010273301261720436e-03
-2.702431765600414701e-04
5.206791974161232260e-03
7.046519919012647452e-03
-3.590143563322361914e-03
-8.936532451755638609e-03
-1.098095436174053793e-02
-2.020928548388269217e-03
-2.185602681277110711e-03
9.966709130700417314e-04
1.829077891225473068e-02
2.070831001052399461e-03
1.197080760344153109e-02
1.400244109151762423e-02
-1.002034334145399976e-02
-3.455988489034683697e-02
-2.940618913339765328e-02
