5.034999999996457240e-04
1.495030000000011905e-01
2.092499999998258134e-04
1.260000000000037945e-04
-1.992500000002325798e-04
8.750000000022882676e-06
-1.042500000000295577e-04
-6.500000000009585133e-05
4.072499999997830026e-04
7.814567957103899301e-03
8.056531462434241963e-04
-9.262252316946386840e-05
3.779037990562997685e-04
5.113066648245905211e-05
2.289697631222713573e-04
7.340283684826074502e-05
-2.404215289616202676e-04
9.930000000004991258e-04
-1.275000000004974276e-05
-5.000000000585971873e-07
-6.750000000168670265e-06
-2.424999999995968792e-05
-6.749999999935306759e-06
-4.999999999974704617e-06
-2.375000000011829115e-05
2.964264999999997596e-01
-1.932500000003617522e-04
2.867499999999085516e-04
2.524999999999621731e-04
2.749999999998089801e-04
2.174999999994851069e-05
3.649999999997132237e-05
1.199999999996423790e-04
3.212499999998559932e-04
1.862500000003061793e-04
-2.953749999999970288e-04
-1.923749999999265457e-04
-2.153749999999909914e-04
-8.075000000003663015e-05
-4.655000000000140796e-04
-1.868749999997287349e-04
-8.930771626422218622e-05
-4.726919218442916207e-04
-4.814842465529265260e-04
-6.872419363990312337e-04
-5.070316928556615473e-05
-3.313752173948454160e-04
-5.895684996006067113e-04
-2.693835326445387108e-04
1.334999999998978334e-04
-6.650000000000340535e-05
-1.874999999944529766e-06
9.762500000006872614e-05
-6.574067482071513195e-04
-6.086450032046122460e-04
-4.110343717563765594e-04
-2.708624197623027397e-04
-2.302499999999800366e-04
-4.499999999990571113e-05
2.457500000000724621e-04
3.500000000003072051e-05
3.097738481531971469e-04
-1.192091294737931267e-04
3.781301381617265932e-04
5.567838107210418118e-05
-5.775000000004293545e-05
-2.849999999998101787e-05
-1.818574464156048334e-03
-1.639358143794654834e-03
-1.992500000000106979e-04
-6.500000000002747883e-05
-8.418307965801746610e-04
-6.389427366329833262e-04
-1.102500000001661098e-04
2.683750000001229531e-04
-6.772567586963160538e-04
-1.173760577238729591e-04
4.999999996073264086e-07
7.012500000031148819e-05
7.057390505777671943e-05
-4.773611651561945868e-04
5.200000000002672103e-04
7.750000000051806567e-06
-3.930091487516290404e-17
1.125000000005298093e-05
-1.999999999988960953e-06
-3.250000000000957201e-05
-1.775000000008674072e-05
-4.350000000011176117e-05
1.497454999999993930e-01
2.402499999998739194e-04
3.672499999998712059e-04
-3.814999999998648032e-04
6.949999999987443110e-05
1.374999999981695328e-05
-3.650000000017900807e-05
3.734999999999083021e-04
1.672499999999397993e-04
-1.607499999999083349e-04
-2.421249999999532338e-04
1.198749999999490154e-04
-2.442499999999641681e-04
-5.962499999990972580e-05
1.686250000000642584e-04
-2.732499999999519168e-04
-7.099999999992904359e-05
1.584999999999310485e-04
-1.299999999993411359e-05
1.674999999996757614e-05
-5.462500000000528782e-04
4.377500000000733886e-04
-3.086249999998870604e-04
2.331249999999598726e-04
-6.149999999998966352e-05
6.037499999999972603e-05
-9.449999999998211729e-05
9.387499999995719256e-05
3.637499999999935273e-04
-9.812500000001416227e-05
8.899999999997906981e-05
-1.748750000000551404e-04
9.914999999994951723e-04
-2.749999999997107734e-06
-2.500000000886090582e-07
-9.999999999442323643e-07
-2.750000000002478855e-05
-2.925000000001018758e-05
-2.599999999990195942e-05
-2.849999999995980816e-05
-2.824999999990839396e-05
1.849999999998814737e-05
2.125000000051383966e-06
-1.462500000006417265e-05
-4.999999999539350434e-07
-3.374999999984454702e-06
6.374999999994793238e-06
1.699999999999133980e-05
9.750000000030396448e-06
-2.912500000003273595e-05
1.125000000005977074e-05
-4.374999999985008828e-06
1.500000000010214069e-05
3.749999999775519953e-07
-2.337499999980699743e-05
-3.024999999999102490e-05
-3.974999999994256159e-05
2.149999999997634828e-05
-1.049999999996764276e-05
6.249999999835046139e-07
-1.899999999999086664e-05
-9.999999999992240302e-06
-2.550000000000449585e-05
-1.874999999939872778e-06
2.964690000000005377e-01
5.024999999965745480e-05
6.249999999968931978e-06
6.499999999919096095e-06
1.009999999997534544e-04
5.825000000001171580e-05
3.399999999987523517e-05
4.799999999960663912e-05
5.774999999992727818e-05
1.905000000001762597e-04
-8.399999999990159045e-05
4.799999999984811127e-05
2.087500000002508898e-04
-9.524999999997504755e-05
-6.124999999977132623e-05
-2.852499999997495169e-04
2.922499999999038063e-04
-7.592499999999956055e-04
1.575000000000862616e-05
7.085000000000297440e-04
2.449999999976355504e-05
-4.069999999998533883e-04
1.530000000000884494e-04
3.780000000000410094e-04
-1.485000000000605031e-04
-1.024999999992686052e-05
-1.425000000010346247e-05
8.350000000004705113e-05
-1.392499999999486867e-04
2.562499999995425628e-05
-4.325000000023219640e-05
6.687500000018186059e-05
3.147499999999544976e-04
-5.374999999974593623e-05
-2.999999999942570395e-06
-1.250000000128848425e-06
-2.564999999998331961e-04
-1.712499999999979555e-04
-2.665000000000198135e-04
-2.057499999997673169e-04
-1.197499999999827446e-04
-1.928750000001647029e-04
3.059374999999411849e-04
1.611875000000160814e-04
-2.227500000001545735e-04
-3.531250000003734852e-05
-1.113125000000527619e-04
1.584999999998915835e-04
-1.892397945544358720e-04
-4.272296832246756724e-04
9.245134995752825734e-06
-2.968876230531122687e-04
-5.390934352764660585e-04
-4.917963455827327511e-04
-1.749244481072762686e-04
-1.550049619127498468e-04
-4.324999999995424085e-05
4.744374999999950997e-04
-1.258750000000308830e-04
-3.546874999999208755e-04
-4.543852747590063123e-04
-4.642035322351050017e-04
-5.803635854245929983e-04
-7.975647473748816640e-04
-9.899999999991866532e-05
3.999374999999964330e-04
-4.656875000000619178e-04
-3.173749999999578818e-04
8.748450103717712487e-05
-6.148345073938772957e-05
-1.596755937002072065e-04
1.132318656503607333e-04
-5.662499999998633308e-05
1.504999999999758484e-04
-3.134131475494087425e-04
-9.642857477253775737e-05
-7.962500000000491700e-05
1.338125000000545421e-04
-2.527404824843976455e-04
-3.808145814314322871e-04
1.413749999999551487e-04
-5.706249999997334006e-05
2.067457216818486534e-04
3.351208589708853496e-05
9.375000000012762271e-06
-1.468750000001578656e-04
5.341997365485313802e-06
-1.608624039393093618e-04
1.027500000000676445e-04
-3.750000000138360280e-07
-2.137499999995905560e-05
4.250000000003501601e-05
1.512499999988308915e-05
1.318125000000528401e-04
-3.261875000000312051e-04
-6.087499999990232940e-05
-3.141145535176663754e-04
-1.190234356706829427e-05
3.691985863424501768e-04
2.568659506618828749e-04
-9.050000000000997893e-05
-6.706249999996659003e-05
-7.183629486209811151e-05
-3.448633573748675408e-04
3.937499999991567103e-05
-1.373749999999850297e-04
8.456378461239509820e-05
2.577151870521546305e-04
-3.520000000002149881e-04
4.212500000016394564e-05
4.712499999988502741e-05
1.375000000000229663e-04
2.168750000000557005e-04
1.231249999993350904e-05
-6.349999999995862264e-05
-4.218124999998472771e-04
4.894049165636531326e-04
1.528535548843763976e-04
-1.278934648476017801e-04
-4.107972634304537379e-04
1.317500000000621559e-04
2.337499999998054770e-05
5.848269908951648447e-04
-1.483009769297620212e-04
7.887500000014225363e-05
3.643749999991475260e-05
-6.231377511077645069e-05
-2.679876950273022253e-04
-6.174999999994716887e-05
3.724999999998288057e-05
5.412499999994908417e-05
-9.906250000000944844e-05
-1.697096273344160067e-04
4.418781055554456098e-05
-1.495000000001170143e-04
1.862500000000514189e-05
1.045000000000292521e-04
-6.162499999994770794e-05
-7.797950388913581351e-05
3.444486124039622372e-05
-5.549999999995203817e-05
-4.062500000008510123e-05
-3.948749999999561335e-04
-1.336249999999967564e-04
-1.075468513668045867e-04
-1.392169945761173491e-04
-7.700000000011815232e-05
-7.774999999992174022e-05
-6.549999999996349595e-05
2.781250000020948660e-05
1.648048860404811411e-04
-3.026316144650951080e-04
3.990411041606248851e-04
8.880686815093532594e-05
-1.610724403023258887e-05
-6.489846350219718204e-05
-5.635486630688107875e-05
-9.157509313777736036e-05
-1.142070282493730415e-04
4.152207829903543419e-05
2.873022576368625125e-02
-5.384106412349629056e-02
-4.566043359755490166e-02
-1.014287230687584054e-03
-3.211882614532890479e-02
-1.493309779663046320e-03
2.369344271236441301e-05
5.667223470441643202e-04
2.469246852734484181e-03
2.851593897710627112e-03
4.134827364167858836e-03
-6.979852926941240709e-05
6.108478825370972608e-03
-2.758912767037858185e-05
-2.991497082470848589e-04
6.496226349405566835e-05
2.172684685472746520e-03
1.332975180541958035e-03
3.157912612884525815e-03
1.412939523457871008e-04
5.059832728306945976e-05
2.823071329551569541e-04
7.518919617112387497e-05
2.317633343543747094e-04
1.411406077167790419e-03
2.008387362216470292e-03
-6.123167728520180974e-05
3.917833302863827022e-04
1.577567658180286465e-04
-3.180956234532329513e-04
-3.019281501570006301e-04
1.743324953229576010e-05
2.253772286324755292e-02
1.531371220872428107e-03
3.233879060036957579e-05
2.025790801811719094e-04
-4.221034473256724418e-04
-6.821507704266860091e-05
-2.405798266882773918e-04
-2.620645640039977512e-04
-6.709307299803406351e-03
-2.938489060198990073e-04
4.416191141291643724e-04
2.225952417761058557e-04
2.105607044394309309e-04
1.029339630010884301e-04
-1.374051370453337976e-04
2.513604407651105050e-04
-1.017253722212965728e-03
1.129680177173802294e-05
-1.238236386113876041e-04
-2.189642066565342918e-05
-2.549449861449579711e-03
5.476920044945301960e-05
-6.594289272773562070e-05
-1.807174012127728822e-04
-1.516042417490599326e-04
-9.703561411592497802e-05
-2.231629126164876454e-04
-1.090792753104814745e-04
-8.301281053968841096e-04
2.027394891505310184e-04
-1.099254503352522887e-03
-2.761161876787176432e-04
2.174469455115393968e-01
-3.403889089933113260e-02
-2.536181597105758787e-02
-5.236273817900980072e-03
-7.848973726834943335e-03
-6.718903376192751457e-03
-1.880006150189244326e-03
-1.081297150891870096e-04
-1.656022417588835088e-02
-6.281192976028219729e-03
-5.893245740169924564e-03
3.419822995186687711e-04
-3.861342508757684665e-03
7.688994116820278217e-05
-2.136133333736311935e-04
-4.258426826011789293e-04
-5.550384518341313668e-03
-2.427894345853168039e-03
-2.077396693937679905e-03
1.809994322589453188e-04
-2.596667266314243213e-03
-1.374947564181307202e-03
-1.009922010463872293e-03
-2.618432671522329461e-04
-1.623133063247744843e-03
-5.304015051879471454e-04
-4.755417774348849754e-04
-5.487662258159316112e-04
-7.784632989008939078e-04
-5.685980324655847112e-04
-4.667524274086858288e-04
-5.201874274078970234e-04
4.080777453947331129e-02
2.787149751089448499e-02
3.260726636770134440e-02
-1.895022408900682524e-03
3.170157865980675893e-02
-1.953590175784075938e-03
-8.045115582971927061e-04
-2.286640647763961117e-04
-5.156097740945073636e-03
-3.395086965257725596e-03
-3.259845600672526406e-03
-1.295272570969280518e-04
-2.033425403632072373e-03
-2.293089402730648201e-04
3.511463325601202725e-04
-1.944505761332865693e-04
-1.537939448147387358e-03
-6.531864141824906492e-04
-6.205883665219595266e-04
-4.525704645625949752e-05
-2.857251849775192159e-04
-8.240411795400096702e-04
-3.305003048923288423e-04
-1.150815695633599374e-05
-6.826586466283861938e-04
-2.721087452816156279e-04
-1.174225685113510290e-03
1.222198771313860238e-05
-1.469621886970247143e-04
-3.096769697000327222e-04
5.016577930972899069e-05
2.211496268691750242e-04
3.559925088717619951e-02
2.570292083265340866e-02
2.613217001238024584e-02
-1.188990043734260800e-03
-5.467077989241619917e-03
-2.894986229736527979e-03
-3.263159696594066569e-03
-1.118740280884536616e-04
-1.549865899461010544e-03
-1.066643535625545151e-03
-6.628139888232934809e-04
-1.125088618331989993e-03
6.403163893941723290e-04
3.311438270567829199e-04
6.059134589377939339e-04
-5.554899251548339880e-05
1.223438907854765951e-04
-1.212287630191606164e-04
4.603455264568223886e-04
-3.864562419482683061e-04
-5.391415492422197732e-04
-5.016369677304670155e-04
3.793568867608445683e-05
-1.497813857593581943e-04
3.100964871403879761e-02
2.140298601568597220e-02
-4.708602404343165820e-03
-3.556286676284943927e-03
7.070859053792786933e-04
6.790231124398497017e-04
-1.121840368632894209e-04
-3.310172949550487399e-04
1.623846490011932639e-04
2.247905207827217641e-04
-8.051791122889964301e-05
3.338975886904050629e-04
1.831234341887871527e-04
3.982780266547906903e-05
-5.959549820435744915e-05
4.694365751641020243e-05
3.156311144941355003e-04
-1.124926435621915680e-04
-1.138722937079475537e-04
-9.820475522357914632e-05
-1.081874583044882315e-04
-4.855491144414882912e-05
4.738222329086296702e-05
-9.337233981938891620e-06
4.050828288217895700e-05
-1.193474139896481936e-04
8.009856054850441449e-05
2.133812321263906550e-04
-1.541222414409739008e-06
1.073615360888825727e-04
1.280570757062829282e-05
-5.872784211817038498e-05
5.511413666807064697e-05
-8.157810967277805852e-05
-2.203456332566550591e-05
-1.294633837524289264e-05
-4.889643843557053062e-05
-1.736847625506396091e-05
-5.906671774190585313e-05
-8.413071743941425600e-05
9.711088724589706287e-06
-7.922065461740085781e-05
3.196310804435376307e-05
3.871757961589433164e-05
-1.198572949085226285e-05
7.794259465511409744e-05
-4.144331115997525725e-05
8.683608440047554760e-05
2.738337096118291167e-02
-5.427939624942103303e-02
-4.869077944542456182e-02
-7.042169183405556400e-04
-3.656281076967302091e-02
-1.715814060171477794e-03
-1.333766853881116106e-03
3.560070762219489271e-04
3.828831685171775207e-04
-9.766805410033104623e-04
4.302201295291860263e-04
-6.098430591115861860e-05
-3.424276649827725887e-04
3.288203073516773791e-04
4.087090532737286288e-04
-6.326958532923703145e-04
3.035177030669468389e-04
-7.787916662645799702e-05
-2.048135919548877825e-04
1.772777077234095704e-04
1.292949756083548543e-05
5.618266980982627610e-04
-1.054629284088804146e-04
-3.365140516175618929e-04
1.060580667798247323e-04
3.535196510065760812e-05
-4.864519958617460351e-04
2.946151042373115151e-04
-4.569176032771648664e-04
6.628689184027652384e-04
-2.913042439922426848e-04
2.827246147038085241e-05
2.004677446539883477e-03
1.195897753412610313e-03
2.957115315023002653e-03
3.639630219963376108e-04
3.150275924470542343e-03
5.803713517823002200e-04
2.833669787451283031e-04
-4.785982432888936434e-04
-3.257425531059679946e-04
3.360441151206449741e-04
4.207145577706631907e-04
-1.612069104517344857e-04
-9.242673634179912493e-05
-5.406952249912082807e-04
1.231739844473477181e-04
5.866769267369549221e-04
6.407534502282213320e-05
2.682428838002511598e-06
1.533265837255331761e-04
3.117967040142383258e-04
-2.158043619640087293e-04
1.515575161038754017e-04
2.289654637368719018e-04
1.129600530087419434e-04
1.976592482129319104e-04
-1.705939363648427301e-04
-3.618823668607225211e-04
5.717402623518176227e-04
4.866213499617586978e-04
-3.390183189011655783e-04
5.810203199642041292e-05
4.962587820151934505e-04
1.157797047338237836e-03
1.938286943105806560e-03
1.563621633618171233e-03
-3.860470215762428934e-04
-7.959750102198265395e-05
4.917280921089136822e-04
-4.781005953506571398e-04
-1.678341678620247422e-04
-3.732658131795610801e-04
5.388821115613749062e-04
3.254194394643748528e-04
-1.649992954823555806e-04
5.236591552066701972e-05
1.355201976519401471e-04
6.757680754658508928e-04
-1.932999461991240101e-04
-4.264559658975947175e-04
4.629025129218597781e-04
-6.216094289747015359e-04
4.389357290943599705e-04
3.248526022831439708e-04
-1.086019966399536700e-04
5.710831735347207802e-04
-9.570128161696328864e-04
1.172414461062785485e-03
7.836084659270952822e-04
2.824991961068281710e-04
-3.317929487935486889e-04
2.498386445251497790e-04
5.222194087696573192e-04
6.184541007657412624e-05
-1.709829345297650936e-04
-6.000175567119623351e-04
5.896343946696872712e-05
-1.826422847668876054e-05
6.379046584969650822e-04
4.801697363824590416e-04
-3.545898808701633130e-04
5.237445930913277098e-05
2.997360684088051417e-04
1.501330880317897597e-02
4.885175804376191370e-04
-1.759189524016731027e-04
1.919431182377719718e-05
-3.734202350773536462e-04
-8.132999164161752790e-05
-1.539267790226809206e-04
-1.517891909599452236e-04
-1.051190407741576718e-04
1.938873609949603874e-05
-1.333690366564751032e-05
3.997015404751475204e-04
-4.618068808371409274e-05
-1.110002873667476271e-04
-6.189592462766073508e-05
-9.521871685131125718e-05
2.024181765331861937e-05
5.150938710771460792e-05
-1.880166281539257086e-04
-3.618982128662654504e-04
1.810756427656041935e-04
-8.062470443616618395e-05
-1.416288963514368202e-04
-3.151785817466933493e-04
-3.771131215012867802e-04
-1.508975691913979418e-04
-3.977865957658313243e-04
-4.820926651192523226e-05
-2.333612649974576973e-04
-1.592795523933769348e-04
-4.230512430004746403e-04
-4.761714722013890658e-05
-4.441251768367906853e-03
-4.652934018368027838e-05
2.653804961233468965e-04
1.694076557577806768e-04
1.553663811125342614e-04
-9.359703667927797753e-06
-6.127289761780588164e-05
-3.255727510533354559e-04
-4.405143726510317003e-05
3.349746357870427320e-04
-3.121705670718207220e-04
-5.197914860570418622e-04
4.593848157179166667e-05
-1.154879274552668970e-04
6.406065579222046098e-05
-3.513269439088727389e-05
-4.957109242709643523e-04
1.781442960703621362e-04
4.467402426357707505e-05
6.027451400319875415e-04
-7.765210566322153435e-05
-5.682530950923165170e-05
1.936326819950955210e-04
-1.501749780996042283e-04
2.902599196506734452e-04
-2.981476573766407562e-05
3.087749755692047334e-04
-3.503338545743103316e-04
-2.626037424144699950e-04
1.517756386144792399e-04
-3.572606775699142703e-05
4.524803532452603721e-05
-5.195147932745578043e-04
-1.834697158148592788e-04
4.592005116195150211e-06
-4.676843660556407044e-05
1.497557188667870390e-05
2.232858916118938888e-05
6.251028257254428479e-05
-5.356076268579969035e-05
1.705200673619579853e-04
-9.857359667385777609e-05
-6.172446429820209262e-05
6.585644437429423936e-05
-1.924375396055313416e-03
1.479984660971984229e-04
-8.790595152874897480e-05
-4.274849489020876039e-05
2.969426372596882871e-05
-1.193988042956907285e-04
2.008956697928852245e-04
-1.636326008058785531e-04
2.495306599651409045e-05
-2.317265836947456645e-04
-2.243676936403248944e-04
1.529344036095728430e-04
-2.670819881775728230e-04
1.545206919984772422e-04
1.531766388535524552e-04
-7.119214470380833524e-05
-5.638841899833274204e-04
1.328292132444344243e-04
-8.260817104540165746e-05
-9.990108887910851816e-05
-7.366968897908902827e-04
1.585929132166536532e-04
2.389337680415981862e-04
-2.922321779464939285e-04
-7.719556361468971539e-04
-4.996958669201016833e-05
4.837022594573746098e-04
-1.279301776855101889e-04
2.057640192296039949e-01
-4.038137864614696482e-02
-3.286017200661277282e-02
-3.054653241706229740e-03
-1.801376409339691329e-02
-3.997883372379167251e-03
-1.505735482056292903e-03
-1.456394542428342438e-04
2.104243775900377855e-04
-5.783054016889397606e-05
2.165138613146779651e-05
3.877964628699449130e-05
7.405318437921286996e-05
1.506080550277933761e-04
4.916687789141912937e-05
-8.836861679364262762e-06
1.737765801355849410e-04
-6.007551240457949070e-05
1.168411392170629417e-04
-2.861295487110801511e-05
2.266170824084857925e-05
7.373728773878397366e-05
1.688666379739095600e-05
1.414774238869633590e-04
3.516486536890220524e-05
1.004744747543998966e-05
-5.240946123998518988e-05
5.242498842879636967e-05
8.547865728609784733e-05
-2.954492100870498785e-05
1.068728786555041250e-04
-2.785486134620896023e-04
-1.550771633803224407e-02
-7.086795927676454651e-03
-5.419607978081593044e-03
-9.267793068040076801e-05
-4.047281127587227904e-03
2.656305880213027546e-04
6.757597471502510165e-04
-2.948653071809465356e-04
-2.730631240026267070e-05
3.478518693911324366e-05
-4.525763089487952560e-04
-5.902294664044031120e-04
-1.537936650104312127e-04
2.792351593676275801e-05
2.663744189008388158e-04
1.017773052369874741e-03
-2.437701367912413985e-04
-7.280676907313440773e-05
2.084158985044792496e-04
4.971526493755161245e-06
1.050388317768702058e-04
-1.259566532342035201e-05
1.026521113477764098e-05
2.418468056328086895e-04
2.874875595521605813e-04
-2.462019874183711717e-04
3.240562531144124884e-04
-3.215188542552479406e-04
1.747326239900093823e-04
-2.471711803942347832e-04
-2.313168190024919840e-04
1.534430552189366970e-04
-5.103492254388653643e-03
-2.365822521523881870e-03
-1.619248268010021943e-03
5.046718460528064202e-04
-5.587322904177361273e-04
8.921530084780556272e-04
3.107793537243589538e-04
3.434344015282621830e-04
-8.848960070801632847e-05
-1.682125908851683717e-04
1.948581691109520589e-04
-6.139354538579304280e-04
-2.479074275302940982e-03
-1.235539449546783171e-03
-1.071322242067243623e-03
-2.479192668486490084e-04
1.358512630656987454e-05
6.199339294579492201e-04
1.110741768776798483e-04
-1.154504704247837263e-05
3.935680649137600329e-04
-3.198540010474168233e-04
2.542210969922959808e-04
-6.342937904010170639e-04
-1.457426294425548993e-03
-1.368321345438804331e-03
7.695653793151168548e-05
7.281886462090359901e-04
-1.686208789429495753e-03
-5.364407637026058278e-04
-1.007926372074602166e-03
6.520306007457689432e-04
-6.888560233418852341e-04
-2.970901383366864696e-04
-1.859219304077322195e-04
9.090797505642937151e-05
-7.129836188704819205e-04
-2.963864460113360363e-04
6.453097863173484707e-05
-1.914276055526103429e-04
3.609517613027458244e-02
2.341703493883954754e-02
2.618983256387938732e-02
-6.834415344954376196e-04
2.207464716684669204e-02
-5.570275106873464471e-04
-5.500777467815334745e-04
-3.053137869143373304e-04
2.420405868326802482e-04
2.642859565635545570e-04
1.405611151305104971e-04
-2.637473814245225485e-04
8.816619283243854355e-05
-1.393927632663250956e-05
4.385535900663538653e-05
1.873934033513598328e-05
5.081344186484077402e-05
3.894188670740668335e-05
-9.007513884658359784e-05
1.949568458489871604e-04
-6.583230772862612586e-05
8.687430792443842479e-05
8.242409061165562544e-05
1.273741962382843611e-04
9.178456412220691539e-05
1.346601553409581566e-04
1.183410157941470342e-04
-6.563233532013801756e-06
-5.406203446012368391e-05
1.238255086019644867e-04
-2.380045563956112453e-05
1.527414080799827220e-04
-5.636281023005919148e-03
-2.750056719355352917e-03
-3.110231485362995214e-03
-6.895765561491412924e-04
-2.453245917766532207e-03
-7.133288648872607119e-04
1.956769018338692619e-04
7.155595912383180129e-04
5.289367748516862104e-04
-2.985807963161060501e-04
3.016605689965927710e-04
4.227994830075693404e-04
1.462416515779408244e-04
-5.997898158079499213e-05
-2.072357132190433173e-04
-9.993338280568559752e-04
1.323456908902540452e-03
-2.376208118321459714e-03
-6.745352231359479566e-04
-1.066721017696080245e-04
-3.708059353093794098e-04
-3.729143555874294162e-04
6.268101894275053629e-04
1.920453142885943581e-05
2.901378993439659884e-04
-2.502433185833188335e-04
3.303306799540280223e-04
-3.241298689194446292e-04
-3.815722734660003312e-04
3.562459965420271366e-05
-3.088346848276364576e-04
3.444341303871737846e-04
1.082698463904890434e-04
-3.228009532374406820e-04
-4.368979684429805956e-05
2.010199858161512124e-04
-3.598921924822465071e-04
1.979283262409442729e-04
-3.028223764908549937e-04
-2.747840768394098658e-04
-5.011941499596965152e-04
2.632187851943055298e-04
4.328710944432717623e-04
-1.798230218367707434e-04
-3.053770049950415037e-04
6.411922156457182517e-04
9.280953847006261830e-05
-2.122635302953854543e-04
2.690342617456981133e-04
4.589092366253858099e-04
5.420811502379710737e-05
-3.549654198899664928e-04
4.886528978682503537e-04
-1.641727536255115506e-04
1.529961233812645661e-04
-5.573982169424708966e-04
-1.617304335006888730e-03
-6.122055599552909001e-04
-6.746836416101968615e-04
-2.943081912450411946e-04
-1.275558111919298523e-04
1.786927286593646333e-04
-2.351557622248109589e-04
-2.950922726298841627e-04
-1.057365930833167704e-03
3.099599686652139500e-05
-3.669862376928333244e-04
-3.386515669399294448e-04
-6.477857427020584967e-04
1.150228382371752255e-04
1.584303004879408035e-04
8.175883068496529792e-05
-5.865825502048384928e-05
-1.147337129349359819e-04
-3.153466281290463204e-04
-2.975833732906298999e-05
-9.906623958181360896e-04
-6.346118852625476066e-04
-6.148593624067355242e-04
3.264994103700692035e-04
-1.740203332585544237e-04
-2.355683002292526104e-04
-2.524930679557380519e-04
3.329250268937805255e-04
-1.046448090007106755e-03
-3.300589929164639367e-04
-2.746340513942157062e-04
-1.241680491247742026e-04
-4.988984714049321317e-04
3.721033902403045194e-04
1.259685760440009761e-04
1.779449856996795690e-04
-2.215692373978784472e-04
4.292478626667285300e-04
-2.731309081934799564e-04
-9.293639841504691798e-05
-4.043006294592905330e-04
3.723651521412850202e-04
-1.711207259132083429e-04
-3.828090479950541254e-04
-8.761151574782641629e-04
3.662596052255364808e-04
5.121185310280949692e-04
-6.147300463243341980e-04
7.467290667629476134e-04
-1.911769999958157955e-04
-6.630433346547252513e-04
-8.991682976334411891e-05
6.915542339347046828e-05
-7.005897503470150415e-04
-4.035977793320939810e-04
4.818608556466200967e-04
-9.385435056385294352e-04
-1.051036650616075918e-04
1.342139361189771999e-04
-2.191424357645564615e-04
-3.861490440391862167e-04
2.641309757349238549e-04
-3.557566423433309644e-04
1.978992808355868721e-05
3.140998878003099792e-02
2.104430122033766962e-02
1.912387765127467401e-02
-4.276399943585577359e-04
2.875663168480220534e-04
1.101902410216604617e-04
2.305244952347410643e-04
-1.064810542481141244e-04
-1.095635881361739256e-04
-1.268861808371201446e-04
-2.296659181759632567e-04
9.525440514342342448e-06
-5.757530348034997809e-03
-3.364919929907457963e-03
-2.804227526749861026e-03
4.027570594301638131e-04
4.053492425637057728e-04
-8.216017187895956978e-04
5.067769440139012439e-04
9.851674993903581496e-05
5.328867655963070472e-03
2.163130154551668914e-04
-2.680787825078287607e-04
2.275367402471942962e-04
7.673958090829376176e-04
1.271461520586866247e-04
-4.147153216093927793e-04
-4.201752073068920927e-04
7.854045431067919515e-05
-1.957109903539124658e-04
-2.121494560694143181e-06
5.463925763034564904e-04
-1.131575605397135750e-03
-6.922266678798733638e-04
-6.085788730609622296e-05
5.548820562016970820e-04
-1.099437041405495552e-03
-1.881234191191554254e-04
-4.991854406419699323e-04
-1.249921716022734351e-03
-6.514628700460873721e-04
8.079278679857116851e-04
-8.727104938482015475e-04
-1.305321456525452580e-05
3.878391925045695881e-04
4.261471375796909507e-04
8.543920859036600955e-04
1.502647237343793078e-04
-1.335583186243630228e-05
-9.321587072910639217e-05
6.421094320317575653e-05
8.880544044204866474e-05
-6.845957660516329086e-05
6.281350391807816007e-05
2.036934352448352523e-04
-1.561904463913388851e-04
3.154028320781117616e-04
-2.208062210528935866e-04
4.946361505947216824e-05
-2.452308979408297459e-04
-9.313369744564415655e-05
-4.110825859047885045e-04
3.470692496828775976e-04
6.887666083110771274e-04
1.269945223244762491e-03
-1.858304872372812302e-04
-3.906114649079037507e-04
-8.276809450559521322e-04
-2.135533407403498421e-04
2.451975979923540433e-04
-2.405472835173262062e-04
-9.967043429087455646e-05
-7.379411591586772191e-04
1.263412877619607411e-03
-5.842585792319067309e-04
-2.480599681904758894e-04
-8.711257762064973165e-05
3.363034546531825969e-05
7.943742768486492922e-04
-1.471111035732517358e-04
-5.956735771785552896e-04
-3.859409110498124491e-04
-2.664059538080740887e-05
1.751134866787273361e-05
6.294390648872851901e-05
-1.075624548790133874e-04
-1.740504114205981942e-04
-6.527537770405908912e-04
2.678427014178516238e-02
1.630697375053569501e-02
3.651248499650385469e-04
2.312971708666618751e-04
-4.573525989908954446e-03
-3.130619202299606170e-03
-4.438324526255903440e-04
6.904935022702527370e-05
4.305680790028598194e-03
-1.352819507721121715e-04
4.897327195774782167e-04
5.886631605484106237e-04
8.544195983978051633e-05
-2.202688895478373537e-05
1.979670935930600976e-04
-2.483076471459348417e-04
-1.803176869638031051e-04
5.021766716756172633e-04
6.770664822191225281e-04
9.133355485869195257e-05
1.847126860683201996e-04
7.271851417588310847e-05
1.807114579449316415e-05
-8.207741342560115398e-06
1.325859586377315118e-04
1.429635811061090531e-04
-4.080585310252135903e-04
1.294388222558137604e-04
2.463555188180037718e-04
-5.825443988539093167e-05
1.508267075397855316e-04
-1.011049317458831930e-04
-6.310491911076533114e-05
1.126099262237071529e-04
-5.914020711806076188e-04
5.360120777606495806e-04
-2.944258851129864991e-04
2.693357883119792203e-04
1.486220217236794970e-04
5.540874711510145609e-04
