-1.651931598927972727e-02
4.442168713968970284e-01
6.291564370649138649e-02
2.345325636556450447e-02
8.538246456280726079e-03
2.469329230769841312e-03
8.354646153846316623e-04
-4.216953846151838114e-04
-2.649790769230006039e-03
1.686153746364093403e-02
-7.024386567017489686e-04
2.019456146647241861e-03
3.638821941209283671e-04
-7.610854645915494173e-05
-1.076519355217332502e-03
-8.271970927611378569e-04
1.255573987516407034e-03
1.804835919676295863e-01
-1.052748939221941418e-02
-1.429954311448799337e-02
-9.455193836554170311e-03
-3.365784615381481695e-04
-1.324492307700094438e-04
-1.758492307704277540e-04
-3.913784615391259340e-04
2.861731241458633224e-01
7.783094655515139515e-02
6.477174941976949389e-04
-1.550650180503711749e-02
1.245409230770216360e-03
9.156461538471137541e-05
5.901646153844973845e-04
1.358609230770162516e-03
-1.850707092513478869e-01
2.454233957528103791e-02
-8.851796943937936812e-02
-3.416599025224765292e-04
1.581683076922972726e-03
2.537715384618774829e-04
3.149315384621285746e-04
2.298803076923007765e-03
9.125675446373748920e-04
-1.113786608135337652e-04
4.853543846896904369e-04
-1.725555618408635642e-04
6.548063927217269019e-05
-5.753663777110263217e-05
2.682496144771010643e-04
1.611971990019778959e-04
-3.051474350203151609e-01
2.643179783500863161e-02
2.755165432099170725e-02
1.829634567901516212e-02
-3.845811832919616285e-03
7.161636105258229086e-03
9.144762431854585802e-03
1.410938712752807765e-02
1.365947225313901559e-01
-3.347485270964463411e-02
1.964523456790974801e-02
1.056276543210221512e-02
-2.643839676149304166e-02
-9.639747380062749227e-03
-1.401640840376009757e-02
-1.991577787426485752e-02
1.756024615384245424e-03
-1.493286153847279887e-03
7.361024915277901079e-03
8.595574557927398648e-03
5.507523076918896011e-04
-2.667530769229602963e-04
1.536822523466339734e-02
9.310887771447088831e-03
1.708723076924045141e-04
2.114469230763174851e-04
7.753619192576637151e-04
-6.086161885925971994e-03
3.018646153864276292e-04
3.911138461512393607e-04
-5.062288275215486542e-03
-1.634028735308958730e-02
-2.464530487837612166e-02
2.725295575173880547e-02
3.101199876622595490e-03
4.004428059849968712e-03
-1.808923076918322881e-04
-8.202615384668214234e-05
-8.714615384686854899e-05
-3.487323076925468780e-04
4.205808882764582868e-01
3.015707035993192976e-04
3.295697867265926818e-03
2.788897750051802862e-02
1.807809230770104480e-03
5.160046153851925938e-04
-2.768353846151714866e-04
2.269292307684336136e-04
2.930091035136601907e-02
-7.699537630174653133e-03
-9.472152105166534164e-02
-3.529398719688767172e-02
-5.442523076934558442e-04
4.274938461537094178e-04
3.798338461542903458e-04
9.536276923086840903e-04
4.037709364346332708e-02
-4.292620115795931640e-02
1.074759259266566984e-03
-2.198203703701316538e-03
3.710808722320893538e-02
-1.139486291464240908e-02
2.430685185189042190e-03
5.194759259259679011e-03
6.757476923078573972e-04
-2.706692307694228729e-03
7.831938461538559201e-04
-1.615066153846458213e-03
2.938338461538726808e-04
2.615538461537853117e-04
-2.023772307691908481e-03
4.998147692307794952e-03
1.093840563247486242e-01
1.567698957504248120e-02
1.246843584560167065e-03
1.389859288125557283e-03
-4.010030769224494579e-04
-1.450815384613957538e-04
-1.479215384610913571e-04
-4.098830769220483130e-04
1.263352805104352898e-04
-1.942220407934177884e-01
-9.141023904817337231e-02
-5.892595729861093562e-02
7.187692306303455969e-06
-3.574615384608413973e-05
-1.588615384606921542e-05
1.017076923065036222e-04
4.224992366271914171e-03
-4.115636164721943324e-02
-4.192407407359179474e-04
-1.629981481482852251e-03
-8.531252999583696000e-04
-2.523832422555266283e-02
-1.527759259260101513e-03
-2.257018518524926080e-03
-4.362338461535772275e-04
1.095323076917711718e-04
-1.484369230769326802e-04
-1.849384615317592185e-05
-1.132369230769394547e-04
1.792615384673957842e-05
-3.698338461537284860e-04
6.597230769227752502e-05
3.795692820514928734e-01
1.155673345204641421e-03
-8.994950959851399572e-03
-1.429879071693132900e-02
2.407501538462776362e-03
8.428507692310879210e-04
7.530107692304248293e-04
1.596621538460710589e-03
7.647894853424042072e-02
4.607220316317546527e-02
-1.640498492287444793e-02
-5.573144007570987601e-03
-2.442646153854322868e-04
8.511276923070949232e-04
3.079476923074550543e-04
2.689753846156162846e-04
2.905724891387111500e-02
-7.550070572940695626e-03
1.348478395062240910e-02
2.571327160497625594e-03
-1.781107462059965119e-02
-2.237659728228594096e-03
1.390688271606136880e-02
1.490700617284690041e-02
-6.151999999991530129e-04
2.313399999998686125e-03
4.439800000000975930e-04
1.021259999999815865e-03
1.035499999999819117e-03
3.726000000005893218e-04
2.841440000000103848e-03
1.332800000011957102e-04
-1.193095508763682422e-01
-3.872789024243857101e-03
-8.883906515585444572e-03
-3.306938741014540939e-02
8.793292307671215407e-04
4.107246153839854753e-04
4.621046153842272111e-04
1.306489230768616110e-03
3.268363379906003702e-02
-1.496700630285912326e-01
3.158004495682841667e-02
4.720395868339557870e-03
1.162394389305785626e-02
3.337067755618061161e-03
2.995565336982385519e-03
8.480380749541783494e-04
4.891012054453746120e-04
7.220695531210543716e-04
6.935731612645192707e-04
-2.881957451807448970e-04
1.854999539760144429e-04
3.448729677653606068e-04
2.016538858728480208e-04
2.002234001726571015e-03
-3.979214856457252703e-02
6.962039783836893557e-03
1.385218958918126297e-01
4.871062370884725323e-02
-1.116653864566478091e-03
4.360677924006646673e-03
2.900348316857837786e-03
3.509393719873950355e-03
-3.563823609647385343e-02
8.006984563422994000e-03
2.753009595444888980e-03
3.914326090592531310e-02
4.050777532073500040e-03
7.768720737730356631e-03
6.077404486597976115e-03
4.027294731110172242e-03
-6.130584615385276494e-04
9.646766427541760003e-03
1.176503126602929973e-02
1.028226308865472227e-02
-7.025392307691360767e-04
7.516972829811779423e-03
7.312201233898144720e-03
7.144429967284017524e-03
1.125407692307572605e-04
-1.183812387735079085e-03
1.154191199661725765e-02
3.069871737232272250e-03
1.633501538460854557e-03
-4.810561361764283984e-03
1.646032491176629281e-02
-2.708431908942877855e-03
-1.925048804236741407e-01
-2.039662107540456126e-02
1.500969753087710683e-02
1.630019135802936864e-02
8.035218281292217171e-03
2.391913358546333968e-01
1.401402553513612370e-01
8.616649757936464815e-02
4.954391185420654355e-03
1.351622784341548894e-02
9.508320947067036566e-03
1.556001203233172564e-02
-2.542753086418348633e-03
6.954563182184754500e-02
-6.699014277632946157e-02
-6.098223346091567049e-02
1.119453086420138348e-02
3.743355065089722794e-02
-8.088876532761166138e-02
-1.792601843332944089e-01
9.918777919459330350e-02
-5.657837212605715781e-03
1.024635802473848742e-03
2.727475308637843619e-03
-3.085612702169760260e-02
-6.439755916298001148e-02
5.965040549122495317e-02
2.954060750251782247e-02
-2.970589076591976380e-02
-2.109378237913538557e-03
-5.725750393247256743e-03
-1.305031422390967241e-02
-1.591435802469258823e-02
3.570178436330433136e-02
-1.848524453488452901e-01
-6.421869225329258912e-02
4.410580246912911007e-03
1.078353677241674496e-02
-1.611817144101486132e-01
-2.599997519570307336e-01
1.679876923076809719e-03
1.663938461540838973e-04
-3.087846153847249387e-04
8.404603161626603147e-02
4.246656927830364317e-03
7.278061554065053985e-03
4.224784615385064179e-04
6.517692307694741274e-05
-2.751423076922637876e-04
-2.378839953311696290e-03
3.861851090312245875e-03
8.793248716909273302e-03
1.318384615382626394e-04
-1.208430769234017794e-04
-2.767423076920320782e-04
1.758512982932459437e-03
-5.383360567916437196e-03
3.825618824834166494e-04
6.313969230769625202e-04
-1.992461538478320802e-04
1.182015384616329039e-03
-1.139995993259420616e-02
-1.589170271129369469e-02
-2.262175819182446652e-03
-6.316523831000740719e-02
7.539270680546389033e-03
4.430394968453015003e-02
3.599657933293059359e-02
-8.392735107329206629e-04
-1.246148452922458093e-04
-3.634845967072905851e-04
-6.814511185027790057e-04
9.526041430495554851e-03
-5.010121579180848439e-02
-2.946579730228028327e-01
1.093339388958479014e-01
-1.818112343917317186e-01
5.789342668919993454e-03
-1.373556493391154057e-03
6.724195547177645726e-03
7.944994848742303883e-02
-1.948502638525064293e-02
-8.842241470300300776e-02
-8.331553078383859001e-02
-1.330628529683554329e-02
4.193629056385710270e-04
2.122095430084806422e-04
-1.059610113687812095e-03
6.424730838679926226e-02
-8.563009495265493445e-03
-6.763077532913344680e-02
-5.461964067103351750e-02
3.329638994398122914e-02
-1.032670562979722262e-01
-3.551585757909330593e-02
6.103151803433453466e-04
2.375613542949324072e-02
4.101269794906107352e-03
-1.129222558099319401e-03
-4.869207246038475797e-04
1.663325417585518251e-03
2.088487848343516728e-04
7.330795619114989720e-04
3.039030494999578509e-04
-1.496336173401617842e-01
-1.975221014741686543e-01
-2.773285309361480655e-01
1.287184146876966251e-01
-2.857504300280977027e-03
-9.345355591076458246e-04
-1.347205258410655911e-03
-4.227241285550607970e-03
2.362256205281694499e-02
1.075129982681478046e-02
1.214431600628600172e-02
-6.007496881075203438e-02
2.717083552842334106e-04
3.508184400026259425e-05
6.344375657399450820e-04
7.582751575895827541e-04
1.208622958924763721e-02
-2.490214462281578264e-02
-3.523454258390095861e-03
-1.434371188603263255e-03
9.975074260392100683e-03
-3.556683198962694303e-02
-1.205394412965614869e-03
2.819616050985166659e-03
-1.639361336343740172e-03
-1.291791818247133277e-03
-1.303680974448491719e-03
-1.792514239120040868e-04
-1.686694385615605503e-03
3.318339733543155157e-04
-2.972855978416631944e-03
-7.219084615623287769e-04
2.432426781386693437e-01
3.411512374943151404e-02
4.453644744468420597e-02
4.140414615135524362e-02
-1.641735964369825732e-02
5.688903825832112692e-04
1.136341998499637053e-03
2.374263726373356583e-03
6.208840137086622107e-02
-7.444938899791134213e-02
-7.943194248884723196e-02
-9.355527927135397215e-02
-5.737662189356061704e-02
-1.680736655628544459e-03
-1.778488008400977774e-03
-3.446399654845527794e-03
6.747811432996030090e-02
-7.783360901238059459e-02
-3.114164264229127635e-02
-3.892205288158957083e-02
1.635777358978361684e-02
-5.777966418621278272e-02
1.784154955199084578e-03
5.389557037473156095e-05
-7.798117137435487713e-03
4.026890147107647228e-03
-2.146617940667693014e-03
7.320221430108115592e-04
1.490384910994757041e-03
-1.024384781880489020e-04
2.775076621371685894e-03
-2.205343177717840786e-04
3.639478537980776751e-02
9.616669477382139286e-02
2.957347113761518709e-01
-1.567830618567494019e-02
1.529237558683915581e-02
-1.247997129225247859e-02
4.249338944324273365e-03
-3.759499976356247934e-03
-2.795121682409370048e-02
-3.014077124665850982e-03
-1.571324345719196311e-02
5.190822520081555397e-02
-2.629463384048552968e-02
-1.031594043454266054e-03
-6.741960679886306075e-03
-6.421412425157846035e-03
-7.078905919500079469e-02
3.624260657751115361e-02
1.401199276981210662e-01
7.571889063851047763e-02
5.732354743252662810e-03
1.325238681597952321e-02
-9.585921529977607658e-03
-2.763597510257085818e-02
3.276287912249154378e-03
-6.106000714217245558e-03
2.006593313450310070e-03
-3.262666599243484698e-03
4.965145590067359576e-04
-7.165678955616915438e-03
4.650733312419024347e-04
-9.512287610312973249e-03
1.880139314520863913e-01
2.384694964782064219e-01
4.741262269331762425e-01
-1.944100361350437900e-01
-3.722546122949654812e-02
-6.831511955589142718e-03
-3.306781168132005150e-02
9.038462804972348386e-02
1.626657036610465457e-02
3.070047181470968167e-02
1.573741624799500013e-02
5.188166850390592971e-02
2.932489528079474522e-02
-1.182528721645123293e-01
-2.391370479986681674e-01
-4.189276505984904780e-02
-8.803044020988068374e-02
7.560892305198503582e-02
6.189709972025441570e-02
1.454461554224051323e-01
-2.706207991745240155e-02
1.190394833591184726e-01
-1.309171159223857309e-02
1.047434625891008747e-01
6.901553753868593100e-02
9.864456971791672746e-02
5.173034879974143865e-03
-1.657510236714570401e-02
-1.225898189671529356e-03
-5.392129479374374243e-03
1.214722175265031331e-03
-2.938085612999072945e-03
1.300743682073260540e-03
1.343703009483922890e-03
-5.095108176479006858e-04
3.954268443763386646e-03
-1.415533192369181634e-03
-3.468606046353421915e-03
-9.245891460446531169e-04
1.396359814977124469e-02
-4.705996526009062486e-02
2.145122094086745687e-02
3.669129320686757845e-02
3.586438906861136311e-02
-6.509100710903168883e-04
-1.263412124486532355e-04
-1.246574734707270576e-04
6.275640991029377133e-04
5.505054636021231886e-03
-1.823956907037648303e-02
-3.620353134043080567e-02
-1.756089350861680595e-02
-4.105097854298958549e-04
-4.067626392573752173e-05
4.003800879432666812e-05
3.798715572779952842e-04
2.787479182388468563e-02
-4.670441617375269833e-02
-5.807136546521807913e-03
-4.926725333229034498e-03
1.626683111399924997e-02
-3.236675746840467216e-02
-2.886294629667281609e-03
-4.506636683174095916e-03
-1.227514120165025145e-03
-1.827134418666272284e-04
-1.675962643384422206e-04
-1.212401351199325882e-04
-1.467552416191863151e-04
-7.475401801579460855e-05
-8.194416290149154208e-04
2.530195956480067732e-04
5.648304822851688001e-02
-8.669529538277916114e-02
-2.810620784902512215e-01
8.048595178675252426e-02
-1.818608940414683239e-01
7.012860305144362136e-03
-1.384381175399981932e-03
4.365124547465266437e-03
2.576868645342050845e-02
-3.419044338780832110e-02
7.623153029338836616e-03
-4.821514826324046349e-02
-3.083045640748392682e-03
2.207652232761626323e-04
-1.668715223219440630e-03
-2.411960976253023619e-03
8.003243853095098892e-02
-9.330245030549683127e-02
-2.204449264677987158e-02
-5.157507033927472700e-02
4.730122110035964167e-02
-2.529799241432202639e-02
-5.345665006021953214e-02
-3.663138853483742519e-02
4.000546234259303585e-03
1.895681702826264824e-03
4.753921279843112370e-04
1.770080663765786740e-03
3.044579460291387853e-03
-1.158833540016358625e-03
2.129424398612316319e-03
-5.019287055614396649e-03
2.568790362753707243e-02
-9.171267044897733409e-03
-3.284308159772136165e-02
-2.563076048929158537e-02
-7.380424219049387148e-03
3.807350202389267924e-04
4.821165817972522917e-04
2.843812474029345540e-03
-4.717031268998912036e-02
2.338135871113357703e-02
2.010198200203356170e-02
4.426716892455607316e-02
-9.680438297615365922e-03
-2.976422504595586070e-03
3.771187834197930848e-03
2.388308569687457028e-02
-7.389456079946282729e-02
3.344514898797779079e-02
1.446442625315131347e-01
7.887918439065066956e-02
-2.637533453052330265e-02
6.935595289673883099e-03
4.600419993404237379e-02
2.522694765011558246e-02
-7.096270548909392340e-04
-1.595860788374610546e-04
8.571157302964626081e-04
-5.231715890885947975e-03
1.357887626100188301e-03
-2.883546351971101856e-03
3.439070981876775433e-03
-9.126124057436690602e-04
4.235616578243017044e-02
-2.547676552310334380e-02
-5.894337307149251359e-02
-4.809938458620555135e-02
-1.620062676939279869e-02
3.463868366833552925e-02
6.108348246175941687e-02
4.129695321937908864e-02
-5.891679029024670181e-03
6.561867513566159438e-02
8.333993277123303081e-03
3.970225102951704249e-02
3.869838484305681506e-03
-3.711857140038897496e-02
-4.694809076612376647e-02
-1.519917301909734855e-02
-1.767204307419211959e-02
4.947252116805879452e-02
-1.308426956117225226e-03
5.498281791227477983e-02
-3.134823741595293284e-02
1.513618483480365373e-01
-6.727484901119296090e-03
3.597581576272191467e-02
1.240521102211130169e-02
-5.998891910772157383e-05
7.667888488641223495e-04
-4.030245976557083470e-03
-1.494073346536712579e-03
6.239849091032630005e-04
2.215854716524417230e-03
-1.040408586061392082e-02
4.272296044222332635e-05
1.581250268620651303e-03
-2.108796280196312246e-04
-2.739704780879135149e-03
5.339666966085089171e-04
-3.625473145670254330e-04
-2.171322521258600789e-03
6.580003526005288005e-04
-1.357631350727605823e-01
-6.945259077517293433e-02
-1.629465750668375179e-01
1.057873693824166045e-01
-2.561573630820686634e-03
-5.268846391618729839e-04
-8.238018044567928288e-04
-2.825624642829450799e-03
2.256796650308611277e-02
-8.815299975454257697e-03
-2.826547134375556602e-02
-4.095537964984485163e-02
-3.374156702131423432e-05
-5.550887264744824406e-05
-2.115376169355436713e-04
-7.366900490282864448e-04
3.241633310691972164e-02
-4.337258628708683811e-02
-1.568592164379542520e-02
-2.561000506540139082e-02
3.564404046173148821e-02
-8.150863190408833003e-02
-1.647554040898379160e-02
-2.802824971795916595e-02
-5.274235977726129607e-03
9.503364130248154694e-05
-1.755755365750896486e-03
-8.026108416827069380e-06
-1.594644284225387029e-03
-4.908253196763751785e-05
-4.040969478658324940e-03
-4.829367541002219495e-05
3.094565683289440816e-02
8.767841000378371122e-03
6.024539031713753781e-03
-5.744729606659380178e-02
-3.796511039755738116e-04
-1.796735216041318341e-04
-1.864468777146635603e-04
-1.097655544715082183e-03
-2.773918893224340196e-02
2.650142607529475808e-02
2.447683791546972631e-01
5.363646587406781241e-02
7.831373239809642783e-02
-1.398350327596680626e-02
-5.399764324007691810e-03
-3.845703341574017563e-03
-7.534842220329331097e-02
3.263972842692991483e-02
1.546192616614953941e-01
1.278849429813117278e-01
-6.053024343424930065e-02
1.764506223836460885e-02
8.952234763444776033e-02
1.013529634000009810e-01
-2.625858169331110777e-04
-1.912406059851968609e-03
6.755214814938180685e-05
-8.008643443274520574e-03
6.047708021390143076e-04
-5.907652467981292822e-03
8.057988746251419903e-04
-8.833089336299117592e-03
2.082822861317440780e-02
-4.430545828606569786e-02
-2.867369518335754347e-03
-7.309787053675705255e-03
-1.115270091096019246e-02
2.834219023254332115e-02
6.123765307776350697e-02
2.477922084638340197e-02
-3.475708998075732054e-02
5.001911326387496054e-02
-2.889144259377889740e-02
4.829928255356071010e-02
3.641699253010863280e-02
-1.019948783170987194e-01
-7.561494395604189366e-03
-1.293280996797536130e-02
-3.074537229954603379e-02
2.592004552657008187e-02
3.907754132560643801e-02
5.276797669750112746e-02
-3.916161065068094610e-02
5.593638515734335181e-02
-4.296967639133806444e-02
1.206791380115612294e-01
-5.319653164605371576e-04
-1.921087923230857194e-04
1.317903490082782993e-03
1.893428634305410014e-03
-3.551184705158257613e-04
-2.718806613620252093e-04
1.083736115096671417e-03
-4.942247224790530247e-03
-9.378793672655552855e-04
-1.494741397971135273e-04
8.118935553849547689e-04
-5.446806800748098254e-03
-3.443442984240357736e-03
6.484369664778483373e-04
-2.005467502875111704e-03
-6.426331209594316266e-03
2.444544931197498161e-01
4.003481416463548770e-02
-6.872651324143959350e-02
2.565125666156821763e-02
-6.431641685678730902e-02
1.878711176772042673e-03
3.117222312568159511e-04
2.371140015889232951e-03
5.689389258417714562e-02
-4.419068210898444149e-02
-3.467658572041368466e-03
-8.925218405350321405e-02
3.623750969735371232e-04
-6.676866013661193741e-06
3.206051934623289044e-05
6.533404123929527699e-04
-3.409623095442777026e-03
-5.363809036377574502e-02
1.476256348074951683e-03
1.182459146934585273e-02
9.146920941081632117e-03
-1.034556700173856758e-01
7.057569523468663029e-03
1.599984845899311836e-02
1.880989283750678781e-03
-4.954231529823076248e-05
7.135172897762940983e-04
2.283295577179729485e-04
1.016374649323605744e-03
-6.218758375426570323e-05
2.901632838671629883e-03
-2.215622765951517480e-04
2.139674969060403192e-02
-3.313883598737511760e-02
-7.918641174072567346e-02
-5.315287152216891658e-02
-5.047234335981047593e-02
-2.808037642634299280e-04
-1.638290219478220682e-03
3.096496291528704186e-03
-3.056129840932962638e-02
1.678613948640648654e-02
-5.555329018982661099e-02
4.051871960741958850e-02
-2.448884071451682548e-02
-2.066249091643513561e-03
3.469907188338859638e-03
1.512466658718630667e-02
-8.499005727670568000e-02
6.008069861112550619e-02
3.395352852767966056e-02
1.423319137862484873e-01
-4.182535516668843545e-02
1.229199079684695217e-02
1.407991712562826035e-02
9.317398269684619427e-02
-6.255187208883448242e-04
1.785845228649441535e-02
5.250999184792503466e-05
1.164794317153283482e-03
-1.247580519664792621e-03
5.406510447060785748e-03
-1.161844820902878210e-03
8.638583472015888207e-03
2.098695532745744816e-02
-3.881156809366143046e-02
-3.313638399225478370e-02
-5.199245953429466362e-03
-4.646474064252543307e-02
4.377093759306772275e-02
-4.293734230273978277e-03
9.178245955456991456e-02
-3.613225275327048430e-02
1.058186195768218985e-01
-4.022682399823554467e-02
3.608332481655875806e-02
1.889903825513655419e-02
-1.163877314149703163e-01
1.281287128124154913e-02
1.485847609500703242e-02
-8.886418098275565558e-02
5.899830804741269807e-02
7.317951398902196487e-03
1.454635884493450937e-01
-8.621650059021011836e-03
8.807539441109317468e-02
-3.381940362020527391e-02
1.685928726715419101e-01
5.247507717145824709e-04
9.501524439336403970e-04
2.999047505057614998e-03
1.371492201918242566e-02
9.518638449633877278e-04
-5.741263433961269619e-04
1.386657303653746802e-03
5.763864991781854179e-03
1.230911359368957450e-03
-1.326249614175720691e-04
6.904630875964288010e-04
9.442804855474308534e-03
4.103078726448768782e-03
1.236383031162969798e-04
-2.909876677749893142e-03
1.363115854533543565e-02
6.500564176437398367e-02
3.478995459768281784e-02
1.819680966992059667e-01
-5.804844058118533573e-02
2.143939771795589505e-02
-8.275572458012013868e-03
2.812157104880625910e-03
-2.475781815447422075e-03
-2.253699334689079556e-02
1.548345314945770435e-02
6.278910939087927606e-03
2.860180746554439463e-02
-5.859940232560172839e-04
-1.509486084145646818e-03
-3.423347994542956865e-03
7.355948124818564512e-03
-8.499876174569371071e-03
8.402344211675025556e-03
2.898008485146535886e-03
-1.957358220432897384e-03
-5.811995932855102548e-02
4.802515004370554175e-02
4.326768651929546738e-02
6.022125069593160795e-02
4.251257345274355587e-03
-3.298385444303658567e-03
1.603827270240550367e-03
-5.269631003371394624e-03
1.377943467051768751e-03
-4.262014550825558509e-03
3.740097031624314231e-03
-2.854806995393591867e-03
-1.789719379409764055e-02
-1.090837673363438502e-02
-2.794831557854642740e-02
3.998840172715147079e-02
-2.805685451832868813e-02
-3.008830398520800226e-03
-6.142788691273407160e-03
-4.145010740622666681e-03
4.225026130738825797e-02
4.982122795017520506e-02
1.048559450358915457e-01
-6.050522281770270155e-02
2.885218991980692191e-02
-6.587166486213887496e-04
7.579452747037792497e-04
-7.640853140209170197e-03
1.212484014769060064e-01
1.545775012329062524e-02
-1.244093348901745104e-03
1.678451391860904585e-04
6.356878707774138665e-05
1.086350082085663820e-03
2.539530069743246680e-04
-4.170585556419243887e-04
4.570616178476571978e-02
-1.906634500634032600e-02
-5.178938282897362078e-02
-7.954222454643673779e-02
2.645612912989184565e-03
5.880196834356277505e-03
1.090978596786574238e-02
1.182566771675069503e-02
3.495293813225755497e-02
-3.747696944450808806e-03
-1.710101624102695547e-02
-6.320782196487909066e-02
1.318792317739759558e-02
6.953108602717461388e-03
9.616539572196977637e-03
5.343420576933215378e-03
-1.619712152689228813e-03
-3.270651130818759758e-03
-1.837308597560727633e-02
3.504520549581628154e-03
-1.271626773591535324e-03
2.045869749696505469e-03
-6.801436002952777893e-03
2.916678040567368280e-03
-2.750739255661919028e-03
1.745080373979751825e-04
-5.907698638560425312e-03
4.589889622448852652e-03
-3.599367532821192133e-03
1.403390762583677865e-03
-2.195442945436599808e-03
2.429555861935623912e-03
-2.866123889104809849e-02
1.889720319912094673e-02
4.730782643004012578e-02
2.541292206374586721e-02
5.753428917466608256e-02
-2.761417013730501149e-02
-1.930185767179311285e-02
-5.760046265349195310e-02
1.558729895751917970e-02
3.904475932248069239e-03
-1.458400294865417994e-03
-3.154545928776974345e-02
6.633482687439209990e-02
-5.011906152060590508e-02
-2.088056186674387971e-01
-5.593097279107073216e-02
3.517596497225736196e-02
-2.045338212385089741e-02
-5.461913622257773965e-02
-2.175652646296400566e-02
-5.302435632226572965e-02
4.945967038463073423e-02
4.630962663753371983e-02
4.576915691864184843e-02
3.599319073474711167e-02
-2.413993060291225873e-02
-1.145108981365969975e-02
-4.516853707771922855e-02
3.191365728908696683e-03
2.490422762156004055e-03
5.892379510148148224e-03
-1.104275429715938228e-02
-4.972068819438552230e-03
-2.270553902536954008e-02
2.013059100346630687e-02
4.156014130391508937e-02
7.692155699839460514e-02
-6.828907432265643451e-02
-3.948381961689147179e-02
-5.967541480065662041e-02
-2.144960802515946501e-03
-1.304529621114693333e-03
1.331689468546016879e-02
-8.851357889280771218e-03
-1.774799276385096922e-02
-1.326925557211699330e-02
-2.037188247235663526e-04
-2.629011292807993238e-03
4.343812661774726011e-03
-2.653499280241980798e-03
-1.257387907532793794e-02
-6.813616812851542789e-03
9.132710288288122804e-04
-1.107364468479687773e-03
-2.647516295916002896e-04
-8.229270632090093058e-04
2.086096287249479802e-03
1.094965520484373093e-03
2.680060106094930752e-03
2.749796531923347047e-03
-5.846247679018170629e-04
-2.351000258636776717e-03
6.848220218322635493e-03
6.209566270251457194e-03
1.539702933585667954e-01
7.751596492919977932e-02
2.919894270119080537e-01
-1.367637386853854387e-01
-3.224594098121329883e-02
2.038107715893569191e-02
3.741402847801858500e-02
6.740513476008487548e-02
8.624623858204782945e-03
5.780765349027830458e-02
1.001390545380990635e-02
1.152222462038148959e-01
-4.217683729920131130e-02
-1.036148396600202262e-02
-2.261296446691230672e-02
8.346382848977161595e-02
1.944267527121866512e-02
-4.789130663360835483e-02
-2.707289133653470459e-01
-4.582362570870894547e-02
-1.287649969730653710e-01
2.408556390690803906e-02
9.430697197453678446e-03
8.153575983146992348e-03
1.065317584500286990e-01
-5.379164915670326536e-02
-2.382267938983736733e-01
-2.003234616989253147e-01
8.020348497652186881e-02
-3.011601939213370133e-02
-1.303950165417552820e-01
-1.535293323162616186e-01
3.286534780137146533e-03
5.875899492567801530e-02
2.432099457608198970e-02
-5.461981565086482943e-02
-1.042640880158580419e-01
-5.989956877818835429e-02
-6.350579072883767023e-03
1.531405022223648049e-01
4.788136024634218751e-02
-5.043451822832071413e-02
-5.867399388320680698e-02
-1.000669594058305883e-01
1.743232046459263981e-02
-1.498939635946137661e-01
-1.720902155617319018e-01
-2.587377955542610047e-02
-8.443483787152550324e-02
5.919728474472946145e-02
9.197709694322877064e-03
1.446010756576438794e-01
3.197001627871377816e-03
1.007432321749356513e-01
2.748431233525691804e-03
1.643322682768481868e-01
-5.932970905890402186e-02
3.168082043279999566e-02
4.757582091460232920e-02
1.243393954722244732e-01
4.501964388086615587e-02
-2.211149303919173609e-02
6.628822576612311557e-02
-6.521156759448329399e-02
4.970861010920774731e-02
6.501331209025371614e-03
-1.106561365267901692e-03
-2.118485959313209932e-02
1.221935595119376106e-01
-8.764133747793201312e-02
-1.016107889874314218e-01
-2.125512281112460489e-01
8.910262693792393718e-02
-3.169450261088380127e-02
-4.917367711324865942e-02
-1.850400947678113028e-01
1.380271104454692914e-02
5.335602031287522279e-02
5.177366685816175290e-02
-6.237120881914669929e-02
-2.787660562609941411e-02
-1.255071826273139179e-01
-7.362801314137404005e-03
1.801420421698995689e-01
1.331702602927407886e-01
-7.576780503924257504e-02
-1.541615182234310454e-02
-2.281649135681535490e-01
5.064987593334991517e-02
5.243178091894499376e-02
5.329763104986554338e-04
-9.948830187425095062e-03
1.765734991072309430e-03
-1.006494651847689679e-02
2.405865349358729186e-02
-9.779464885967375717e-03
-1.380565937194155046e-01
-4.517234439005746172e-02
-1.318257122517115356e-03
-3.174930110250418023e-03
2.438503388545925699e-04
-5.985107885485993484e-03
4.525084205022320049e-04
-4.938055382131263486e-03
-8.237921068982320336e-03
3.314533658786652116e-03
4.912646076032548860e-03
1.213663945686990243e-02
1.192084674974097170e-03
4.329337444071074451e-04
3.882380210134602644e-05
3.798015737164145336e-03
2.412485183084736194e-04
-1.019070380545356470e-03
3.403852221473455640e-03
-1.841561864034052011e-03
-3.741975484373612215e-03
-2.804883001755448420e-03
-2.186281244719509402e-03
-2.990577754461226472e-03
1.888605297228385419e-04
1.005294032807140837e-02
3.192060914699160635e-03
1.672753074492892129e-04
2.824194618394032085e-03
-6.279356715635496869e-03
1.774099219535139535e-02
-3.234012383542101375e-03
