5.134999999999147408e-04
1.494455000000001754e-01
1.117500000000181255e-04
3.714882479794866937e-02
-4.921943413873936524e-01
4.995000000001039190e-04
1.750000000009634550e-06
1.467509999999999648e-01
3.599999999983838025e-05
1.149999999986035816e-05
-1.749999999993014874e-05
-1.094136199029575266e-03
1.530761814167056097e-02
-7.999999999892456947e-06
5.500000000056111555e-06
-7.550000000017208202e-05
2.212499999999295380e-04
-2.392500000000193951e-04
1.003749999999300151e-04
9.499999999885910267e-06
-1.125000000005900841e-05
-1.250000000025599979e-06
8.374999999944927895e-06
2.100000000006186612e-05
-2.454999999998620937e-04
2.000000000018895097e-05
-2.579999999998904242e-04
2.730000000000851320e-04
-1.079999999999215268e-04
1.612499999999235801e-04
9.437499999997768258e-05
-1.032061468562097241e-03
1.546050130799175339e-02
1.501438767002082194e-03
-2.096212707545272013e-04
-3.210961698840460871e-02
-3.433955043954628472e-02
1.872202102213647162e-04
4.338026141837371744e-03
1.278856672052026619e-02
-1.191268542573800822e-04
-1.930660690597466858e-03
-5.238546756790536717e-05
-1.366269773963922716e-04
1.140675374214081619e-02
3.198581304636901896e-03
9.436298366785551882e-05
-6.019532504195281193e-03
1.290313069041089736e-02
7.694787286356545054e-04
1.237119436706066720e-04
-8.506240737625217182e-04
2.197976789802442716e-04
-3.779258028761984920e-05
-7.768123695430294393e-05
1.593496687692111608e-03
-2.101799917125840773e-04
-1.672359634734224435e-04
-3.406641466040343218e-04
-1.263887317609524072e-04
-2.114242484492680901e-03
-7.444093738715631785e-04
9.739012383584777022e-04
-5.725439814803448373e-03
9.824176139289434589e-04
2.203092263325972979e-04
2.918783040857074332e-04
8.174556406416941257e-04
-1.360297338243674501e-04
-2.181622312244372371e-04
1.400639302317025164e-04
5.066714289025012197e-03
-1.221397748331263860e-03
9.262237061243967188e-05
9.452363638054898172e-05
-1.423966249004606248e-03
4.835596733627979711e-04
2.516126485444787164e-04
3.432958846299742350e-01
3.069800794632032617e-03
-2.051507992537903152e-03
6.205417562653137804e-04
-1.190741247096871631e-02
8.402952967634442940e-05
-1.179870351261215478e-02
5.807311485895125941e-02
-1.560722866912724882e-01
5.390220527843131437e-03
-7.963766586473887410e-02
