5.135000000000652281e-04
1.499589999999998424e-01
1.117499999999002050e-04
-2.877500000000225797e-04
4.549999999999532175e-04
1.770174549347006826e-02
-1.352480391441506251e-03
-7.424190905424852063e-04
-5.085493758209025687e-04
1.013000000000170665e-03
1.749999999938226708e-06
-5.750000000022949515e-06
-5.000000000046528776e-06
2.972095000000007925e-01
3.774999999974117663e-05
1.949999999999537824e-04
-2.124999999995716199e-05
1.232499999998709942e-04
-1.749999999979725944e-05
-2.473749999999774849e-04
-1.193750000000122800e-04
-2.414835929056212112e-04
7.818661054089220269e-05
3.822121775657577033e-05
8.365740385263995763e-05
-2.152500000000128215e-04
2.092500000000205903e-04
-2.769578393357624980e-04
1.601774969700385076e-04
1.305000000000536417e-04
-1.309999999999088044e-04
-3.089414156316963459e-04
1.422202864577284454e-04
5.055000000000086551e-04
5.499999999990863760e-06
-2.750000000023282323e-06
2.275000000000581814e-05
1.498755000000000781e-01
2.267499999999247656e-04
-1.200000000000555955e-04
1.377499999999427143e-04
-1.275000000000268974e-04
1.003750000000448728e-04
7.137500000004418142e-05
1.742499999999909540e-04
1.092500000000010970e-04
1.197499999999984655e-04
5.852499999999237219e-04
-7.666249999999157029e-04
1.014500000000009752e-03
-5.750000000048372362e-06
1.499999999925101573e-06
3.750000000005741284e-06
4.999999999868262857e-07
8.375000000021572518e-06
-1.487499999992596497e-05
-1.549999999998456773e-05
1.700000000002307304e-05
-1.312499999998410343e-05
8.500000000066891819e-06
-5.249999999967691332e-06
2.971564999999999346e-01
-2.999999999998947045e-05
-1.274999999998321679e-05
5.124999999977978388e-05
5.650000000008038458e-05
-2.496249999998591176e-04
1.483749999999806350e-04
2.025000000002250152e-05
3.989999999999516937e-04
-2.700000000000404984e-04
-5.700000000001966786e-05
8.912499999980836522e-05
1.570000000000285089e-04
-7.624999999966062618e-06
1.537499999999738539e-05
-3.174999999990473176e-05
1.437499999999264616e-04
9.437499999990754825e-05
-1.496250000000756144e-04
-1.852499999999559035e-04
2.506482395136213552e-04
-5.760702962842458410e-05
-3.380654053408483256e-05
5.940698778118512773e-05
8.500000000003441597e-05
-6.781250000002142823e-05
3.806285064511578009e-04
-2.328105786863053520e-04
-1.434999999999224439e-04
4.393750000008078395e-05
-6.994691203138473799e-05
4.084849336811572653e-04
-2.239999999999830560e-04
1.462500000000470077e-05
-8.887499999996097415e-05
-1.026875000000059045e-04
2.701288714884842552e-04
4.829929240630511343e-04
1.294999999999347617e-04
6.200000000006360471e-05
-2.871249999998904952e-04
4.600624999998746342e-04
1.454055224719040193e-04
2.179237057530478204e-04
2.014938767001986201e-03
-2.096212707545610826e-04
-2.671277921575483032e-04
-9.140412972796633281e-05
1.193508217785973075e-01
-3.454917171030080780e-02
-4.579785529440560943e-02
3.274527214312982024e-03
2.989702102214287713e-04
4.338026141837442000e-03
6.211151849782166334e-03
-1.555409705410679090e-03
3.134810076082867030e-03
7.161854153542665177e-03
6.821359351041185687e-05
-1.134526357533792353e-03
1.530300548752225494e-02
-3.287481250119662370e-04
-4.724991702109109350e-04
-1.290146284217396251e-05
-1.928910690597456868e-03
-5.238546756788788441e-05
-3.556105831112039810e-05
-1.969338398661575433e-04
-3.954046969459550738e-04
2.230427159230451885e-05
-8.120322182692443335e-04
5.901948643230137218e-05
2.792532615217214742e-01
-2.326154482241735502e-02
-2.158555012774041396e-02
1.775329505628679954e-03
1.305670614039306692e-03
4.197751610003846670e-05
-2.646891617705092979e-03
4.532988278559551160e-05
1.869596662353320473e-03
-8.010764090526845864e-04
2.387897085924685489e-04
2.920294518811537171e-04
-5.709062293973957147e-03
1.724115683224827084e-02
4.678353406932148767e-02
-4.491186004537087162e-03
7.519787286357235232e-04
1.237119436705383943e-04
-3.505822783226928644e-03
4.790210456954506176e-04
-7.161870837819724273e-04
1.414696585510307619e-04
5.984563002077926842e-04
1.564784581687702521e-05
3.840453914198303179e-03
3.391060771468917823e-02
7.156182811004660428e-04
-7.048962844491043480e-04
-3.840551958323000373e-04
-3.787367914394736829e-03
1.608422853536572235e-04
-2.279519575577226213e-04
1.156314693239502778e-03
1.017640822572799535e-05
-2.422486459176135599e-04
-4.862371513673507961e-05
-3.229258028756825657e-05
-7.768123695430288972e-05
6.877318154822048134e-05
1.427133747472476518e-04
1.130729775085493694e-04
-1.697667650963462910e-05
1.922538493640059713e-04
-1.857104950159856223e-04
1.200101943925273029e-01
-3.453955402303312411e-02
-4.757662710142369911e-02
2.504539848376261674e-03
2.172145623894146036e-05
-4.183453835583283618e-04
5.283842017643738866e-04
1.425273851805387631e-04
9.847806088948529279e-04
-8.638163198394847560e-05
-3.450989714283802363e-04
8.294306605677167696e-04
-6.666852153960964170e-05
2.223783657344686072e-03
4.081580055174591042e-03
-4.491133001124036320e-04
-6.440343738716442900e-04
9.739012383584515729e-04
-2.800605470577793919e-04
-1.206359459220505807e-05
-4.550181858655056167e-04
-3.557197372865798790e-04
-1.599312373527952727e-05
-8.748709951813168884e-05
1.658065523188910397e-03
4.402512283706330048e-03
5.284595666655844410e-05
-4.114443567359163194e-04
-1.880039788909147064e-04
-3.395446945153914866e-04
6.761139679064419490e-04
-1.333141194931342099e-04
8.728441598956443448e-03
8.734671678973167678e-04
1.414504376429445918e-05
2.689000558002038982e-04
1.767666460449590334e-04
2.141970671314216603e-04
-5.360974211817940994e-05
2.130046603908996347e-04
1.220480052179776962e-04
2.378432023945377472e-05
-7.943554423919572008e-06
5.468207863152365819e-05
-1.112705049955763558e-03
-1.884152013922839981e-04
-5.228153804787561142e-05
7.831163264058359956e-05
-2.097872312244591106e-04
1.400639302316824587e-04
-9.545791848086096552e-05
-6.750832136562117659e-06
6.536491602494009774e-05
-1.329693120198413407e-04
-3.615738979846015835e-05
-9.473997535750046980e-05
-1.783323879039269016e-04
-1.785147706415355902e-04
1.994605397753347175e-04
-2.988497825449975564e-05
-2.192363176482714688e-04
-1.285400269888215094e-04
5.142989877046347160e-04
-3.121481874334319957e-04
2.792844086098721923e-01
-2.349090726955193817e-02
-2.608019887539391249e-02
1.961811856142749513e-03
7.790305318414835866e-05
-3.194344309229617338e-05
-1.312091633129123753e-06
-8.810874805171690124e-05
6.803611123076091355e-05
7.029854836679386458e-05
-1.170171417050634222e-04
3.093713999246272312e-05
7.179100056766034906e-04
3.895074556383091289e-04
-3.310544616842039153e-03
2.953213930895242289e-04
-2.161745826800038500e-04
-1.630936353929257523e-04
-2.274414272170742642e-04
-1.501117719629920107e-04
-9.328052368586265073e-06
1.760469894358642287e-04
1.164983537113141584e-03
-7.684271693433206369e-04
6.490658221466834082e-04
-7.254117227294697200e-04
-1.194123561894659170e-04
8.977312694102203977e-04
2.422653875907674497e-04
-1.992118113196163351e-04
4.967354891197282201e-04
7.803829130804982651e-05
-2.731900231102856250e-03
1.307540635521757880e-02
3.475747446700790805e-02
-3.630682537365976896e-03
-1.314926176062834783e-04
-2.437887057854133141e-06
-1.352403036845140722e-04
-1.605203392598602912e-04
-4.793592491581327811e-05
-6.894151948990262242e-05
4.724813900382999077e-05
-1.117406217366867494e-04
9.972582583119688187e-04
-3.427361351980851554e-04
-3.288803990824252371e-03
2.328707104164932495e-04
9.070610558486711143e-05
-1.825310940921269032e-04
2.207896422022401336e-04
2.576741359350372335e-05
-1.934071960541292393e-02
-4.171594701871802688e-04
-7.159824632192163382e-04
5.547057127255569133e-04
3.035096422153560195e-04
-2.454148641519110583e-04
2.546449832167264025e-04
-3.826187073666511900e-04
-2.756087725412207680e-04
1.835800286496988250e-04
-1.457392265500116150e-04
-2.890075053097509441e-04
2.310790823942005673e-04
-3.956808391090282798e-05
8.876570150354410476e-05
-5.604264720063651360e-04
-1.686781876918017845e-03
3.537398548344122362e-04
1.218706856102480692e-04
5.418231492813535880e-05
-4.543540932500032261e-04
4.165523586969131878e-06
-9.507365481314360590e-04
7.824387074319961945e-05
4.887410262225420216e-03
2.381927685169750800e-02
-1.883797487904920068e-04
-1.934361464492212761e-04
4.186158432958080240e-04
-1.788957991835082471e-03
4.228542212619708363e-04
-3.098499769551158259e-04
1.099984587310829862e-02
-1.028436265281412916e-03
-1.366648340869235708e-04
-2.917087284911501141e-03
-8.241902994222537367e-05
-6.779460041963876666e-05
1.450234791996260627e-04
-1.349643803282161904e-04
-1.003402498538867170e-04
5.107425091184021777e-04
-3.135195069905874835e-04
5.629481454040576819e-04
