-1.378790249876766238e-01
2.392256230010454399e-01
7.235754663712883322e-04
-2.237681549374996581e-01
4.504492467589809590e-01
1.047173499589645722e-02
1.930331374847178705e-01
-1.144857591011809970e-02
3.750336171409303088e-01
-7.388053306538237830e-02
1.613203406068966228e-01
-6.402592054852307424e-01
3.967162632797842647e-01
3.520335378148907457e-02
1.328072076536002122e-01
-4.248766767894729957e-01
3.367482355281126161e-01
2.501508611179161234e-01
4.810611033325411928e-02
-8.385324239509153385e-03
1.600763634846524008e-01
2.122810418182045564e-02
-9.069825818038125195e-03
1.945097581087854716e-02
7.240150969748961052e-02
4.716315850809810195e-02
-5.273087522744972395e-03
-1.949357736627292616e-04
5.453011897959379739e-02
2.631732830854846203e-02
-7.480948882141212793e-03
4.746389075244841771e-02
2.206401961772703688e-02
2.424738292292442227e-02
3.065981278036068736e-03
2.148140835255064537e-03
2.257350377823435714e-02
9.729777361603954289e-02
8.179544732711312161e-03
3.392686084942560243e-02
-1.280162601984883956e-02
-1.148935340780622150e-01
-2.351679165559381404e-02
-2.692516435750800380e-02
-5.485402674727261375e-03
-3.371128591631485094e-02
-8.907141239951128775e-03
-1.418185461161762702e-02
-7.371907926777031272e-02
-2.079203770434591078e-02
-4.057676334148680591e-03
-1.185256718270871930e-02
1.243395572158827178e-02
1.356274529569659500e-02
4.921892828720286078e-02
2.599962031047683628e-02
1.225494705182453639e-02
-3.251709798499900078e-02
-1.796136872099959175e-02
-8.847753405429871834e-03
-1.338407795588554376e-02
7.505850342705377640e-03
1.809231813142985791e-03
1.441869987075620196e-01
1.745545506953544157e-01
-4.754243669780743725e-02
-7.813475700421908254e-03
-3.789387219627324277e-02
4.758102546298362268e-01
6.972244013802401108e-01
5.101072760945098844e-02
1.953334831225316589e-03
1.446964840510663874e-01
9.909701525808650713e-02
2.415080562376740320e-02
-9.693336429749012384e-02
1.640335393099156061e-02
-2.583688370159768766e-02
-1.663018290704212226e-02
2.379253832281981798e-02
-1.499663386953046032e-02
1.474917087593143397e-02
-1.475064510667770980e-02
5.712194845760963516e-04
1.424133731192949348e-04
-1.719636509751226380e-02
1.882282273519463684e-03
-2.972648153585889796e-02
-2.583126282030938706e-02
-5.073755743649413855e-03
-5.280140119137094294e-03
-1.789253133546342758e-02
-2.401405657924506401e-02
-4.839689995278240175e-02
-2.873749989510538533e-02
-1.391171989455342040e-02
4.415072249355870074e-03
-2.213187052540008942e-03
-3.609699972698105289e-03
7.372439366739839831e-04
3.394419793380711904e-03
-1.998661083596093497e-06
-4.231900151243288646e-04
3.178419431788867284e-03
-4.326014457886981357e-03
-4.560733246751868370e-04
-9.281112643448252708e-02
-1.581359529663271257e-01
-1.021591285729627485e-01
-7.870414123798150086e-02
1.166573908126095939e-02
-5.694233790877301082e-02
-9.645819025279718517e-02
-1.744831764951920456e-03
2.600561746720851317e-02
2.379996605537085252e-02
1.573988096918052526e-02
1.289308185835018328e-02
-3.420177074829327136e-03
-2.793736621764090003e-02
-4.114032837619270924e-03
2.319613312587672643e-03
-3.598057926139400730e-04
1.033418373691418445e-02
-4.049180198810318349e-02
3.553897705178922940e-03
3.497244471814250043e-03
1.361911152229504374e-02
1.360641368915199018e-02
-1.477473748838445443e-03
2.969597222222980504e-03
-3.649385391004240052e-03
-6.618059084678550984e-04
3.748350987917483170e-07
1.525219646463774189e-03
-9.216666666785328489e-05
6.426111111107011154e-04
3.869444444450431198e-04
8.588888888911219298e-05
2.809059341318853424e-03
-1.320236603103511382e-03
1.824259204162008863e-03
1.716491687827286557e-03
4.347609858428901964e-04
2.500663270932213054e-03
1.151947225592774449e-03
-1.768890019437722658e-03
-2.470833333332468477e-04
-6.136666666668216981e-04
-2.297527918337790090e-03
-3.208941000066526956e-03
5.589209824533032493e-04
3.034995015994811345e-03
6.501111111117677732e-04
-8.054166666671474725e-04
4.894261436062602921e-04
-3.989761714371758451e-03
-2.171556226122174204e-03
-3.650018214473975679e-04
8.203749999996811683e-04
1.960472961342754963e-03
4.304948646741802538e-04
-1.488333333339677308e-04
1.303888888887137732e-04
-5.719444444420590133e-04
4.811111111274282047e-05
3.669159167488774331e-04
-4.377963264129799319e-04
1.106029592890473605e-03
-9.693526367264387574e-04
1.440744790141313802e-03
2.095925691308419148e-03
7.127555548435039615e-04
-1.153380051111612412e-03
-5.541666666771947520e-05
5.196666666651781480e-04
-1.316831902682675376e-04
-1.129377095323304573e-03
-7.411766462763796004e-04
-3.267859206885078912e-05
-5.921111111104700913e-04
6.129166666651357726e-04
4.953768065057998968e-05
8.885958620024731434e-04
-5.270938474992125896e-04
-4.720413228265674826e-04
1.378750000002270358e-04
-3.274397885114573286e-03
2.535779078262372869e-03
6.475044481613140279e-02
2.292795913391585880e-02
6.374438278977954953e-03
-1.718763730381317745e-01
5.927618002011084825e-03
-3.356159774090062067e-04
3.071554239522180079e-03
9.165657913045228630e-03
-9.359670458554278372e-03
-8.205542737014591415e-03
-2.292682515046560836e-03
4.505315074971828065e-02
-9.114846795956928205e-03
4.381977841297991783e-03
-2.187686068597658687e-03
1.367682215178327165e-02
7.127155788914916502e-03
1.158022600846833096e-03
-3.656181448751026630e-02
4.353384020919853076e-02
-3.744382163523075381e-03
-7.547090688211613788e-03
9.339095245069754694e-05
-6.815547712029803966e-03
-2.803380489719821617e-04
7.035503282581807806e-04
-4.211296992141703001e-04
8.723289361168963182e-03
1.265863231209782801e-02
1.493115878833147295e-02
-2.451618060978374147e-01
-1.991265125747803105e-03
-4.955620606457698286e-04
6.471752095821868339e-04
-8.744311989026478174e-03
-5.397963472891006281e-04
-3.530218094253015446e-03
-3.991082521638413851e-03
6.170831989029369746e-02
2.217054643056449309e-02
6.421312559260932036e-03
-1.063468768198192914e-03
5.935682050363976295e-03
3.901462217448459051e-03
-3.520008924383540559e-04
-2.726626246909989032e-02
5.407475121613772306e-02
3.204533830363407804e-05
3.382603536470824013e-03
1.765894387899381293e-03
-7.351133592004088259e-03
-1.948948309727172989e-03
-8.492199126377370996e-05
-7.047076685174155251e-05
1.423674601284485863e-01
-4.533632310390921238e-02
-6.816787722692686791e-02
1.457199674953033319e-01
-7.041326386707609519e-02
-8.028805721650204841e-03
-2.876692381328447776e-02
1.689230424269039937e-02
-1.202494342355477780e-01
-2.199844894055706310e-02
-2.420270045978965487e-02
2.101863974630133539e-02
-2.945185559581393539e-02
-5.541231422941009233e-02
3.584275523227273513e-04
-1.330285958322652458e-02
2.608986357405936648e-03
2.871736065605487789e-03
8.071161893802364297e-05
-7.620275657255259037e-03
2.365263133807308377e-02
5.257107712261658954e-03
3.780569950712967670e-02
9.648581790333971703e-03
2.265468196537529649e-02
-2.909448367773580929e-03
5.604709827594070350e-04
-4.821535626326774876e-02
1.914377285274360130e-02
5.323180375880601006e-04
5.977642329042392316e-02
9.206160313979834531e-02
1.659584443471999113e-02
2.671492974798552605e-02
-6.010526006098128315e-02
-2.291341466660803267e-02
-2.552020336283707808e-03
-2.687274777860217557e-04
-2.392104535058959050e-02
-2.908579260418845541e-02
-1.941938474644414742e-03
-9.832947487330703437e-04
-3.094632819448624519e-02
-1.036968477813388989e-03
1.275072004889875321e-03
6.219060951586276136e-03
-2.250055405572684575e-02
-2.991782424427196635e-02
1.384755218048405387e-02
1.095866401346644661e-02
8.331099243905444249e-03
1.616377966959787332e-02
1.645940092047780759e-02
2.787761421177343581e-04
-2.200266471566897657e-04
1.803359580041837299e-03
2.968621297210735036e-03
1.387181871318003560e-03
-2.694261981212018198e-03
1.574874491088612896e-02
2.404854949489865917e-02
8.167630276785341334e-05
9.351171451192980683e-03
1.606055910448901669e-02
-9.705480301980525058e-04
-8.244088166466555928e-03
-5.779649171378141437e-02
-5.505770810975516710e-02
2.387089830632769735e-02
-2.025517006553214164e-02
-1.171446455470686321e-01
2.705339865926718098e-03
2.013093978046986698e-01
1.108697951371458851e-02
6.563125896485608179e-02
9.918319193993985206e-02
2.693151733450635521e-02
5.891510774343836077e-02
8.004455445665042967e-02
-1.940856582969696306e-02
-3.882641341263576296e-02
1.976739298569422654e-01
5.626543281312149786e-02
6.126693584502944205e-03
-4.103413458880440789e-02
-3.291737705722745655e-02
-6.893711643604025392e-03
-1.008262101755746237e-02
-5.024350858134385943e-03
6.796460817250476322e-03
-2.314222438065323059e-02
1.648102816165331963e-03
1.955593419950593659e-03
8.812352194920851020e-03
8.388350597858083499e-03
-6.664560720413802977e-04
-3.967581452619876013e-03
-1.795561120016405873e-02
-6.740761728634575047e-03
-5.653521583334712892e-03
-8.104985919724423671e-03
-9.477129934573319927e-04
3.016112764441654034e-02
2.493663527952318382e-01
1.701473715326373704e-01
-3.291047668904936285e-03
-2.979100495940757796e-03
8.616978033397504344e-03
1.052049672655005624e-01
7.356218185957881517e-02
2.344012717413244962e-02
-1.864087013866914944e-02
-1.259602946732740238e-02
1.902009898486838047e-02
-3.420659907812657885e-03
-1.452748489401127496e-02
-2.128565894734638780e-02
2.213434398151354135e-03
3.740806878457148682e-02
2.683187177472261264e-02
2.498257867073836597e-02
5.128912226509311362e-02
8.720408715268659211e-03
3.704146439401218710e-03
1.354620702419674465e-03
8.262714067809340604e-03
-1.016342135600653701e-01
7.538233724146800596e-02
7.738070471311124521e-02
-6.871093248587606395e-02
-5.197035140345989540e-02
2.878654209724961291e-02
-1.247350596443630721e-01
-2.291277098921827016e-01
-1.387116621977217516e-02
1.343085691998875675e-01
1.876714293504522582e-02
-5.615016498997105199e-02
-2.490651782305214682e-02
-2.017454633704187771e-03
-9.742423934133097319e-03
-9.753240206264612855e-03
-1.486066665838236189e-03
-8.548316547190586059e-04
8.138713527492119973e-03
-1.845957012297732430e-02
9.487890886492739151e-03
-3.834598323169412931e-02
1.298364967139629608e-02
1.244596393851555953e-02
7.583984958464495829e-02
-1.598331770849169831e-01
-1.040517085278904325e-01
1.361185761572919310e-02
1.106685099244719868e-02
-1.970948777560251747e-02
-5.759582859018165524e-02
9.325598579684482581e-02
-1.572641115676864584e-02
3.798140869986905976e-02
-4.482104181269871285e-02
-1.005989573330630937e-01
-4.219876328529012163e-03
-2.042823673586374733e-02
-2.923243268436251374e-03
-2.129685839183230456e-02
-3.564767016248492071e-02
-2.603773985112539310e-02
-1.949229112457353044e-02
-2.944350645697627750e-02
-1.124236893358115594e-02
-1.016280525266349648e-02
-1.014319193578891443e-02
-1.069011947258636033e-02
8.738475251091451512e-02
-1.508510095655627315e-03
2.183846119170320538e-02
1.307694689038257918e-01
8.472825622552697389e-02
9.818843642589709583e-03
-9.574918498659375915e-03
4.383757174139614465e-02
-3.215795636411803576e-02
6.000908387338447884e-03
4.013893003298520112e-02
-2.334663335022100009e-02
-2.331868573382816015e-02
-1.778842977900150710e-02
-1.027524274783091565e-02
-1.493091185987410925e-02
-3.099863929545680977e-02
-5.293405724928675754e-02
-1.256757242056967365e-02
-1.326435675476963713e-02
1.277433056067454626e-03
8.430956893917027073e-03
-3.592766222768265655e-02
2.241802070352157811e-02
-5.041850989397520660e-02
-1.198171422724537971e-02
-1.202772164438891955e-01
-1.243906038436520534e-01
-3.234357575422810299e-02
-1.930001953516067431e-02
-1.398007599027744491e-02
-3.335965971070625757e-02
-8.908545746166215973e-03
1.182883354803922031e-02
1.186581307359904497e-01
-1.306327975683572833e-02
1.949810303079792598e-02
-3.530299388497470936e-03
-1.656961148630178501e-02
2.820093404917642030e-02
2.189771217219536274e-03
2.438709285559308246e-03
-2.709088039089052862e-03
-7.320632145673161995e-04
-4.818015297677352531e-03
-4.635779466934696058e-02
-4.752141952543641190e-02
-1.316835848350061998e-03
1.806312677840515510e-02
1.592713290987829086e-02
-7.954158161210667446e-03
8.067508570901316817e-03
4.591011622255148500e-02
3.991319563771537210e-02
-2.530877393888685684e-02
1.824151726584367916e-02
4.537556969648162686e-02
7.288329328021325021e-03
1.782890597612616507e-02
1.736878062190884073e-02
-2.763020565857625226e-03
-4.699132869548994403e-03
-1.465301913127017592e-03
5.959237965857692478e-03
-3.234950132108397491e-05
-9.991997333118498789e-03
2.030074845456986739e-03
-1.299047097444057212e-02
-3.405353696178424656e-03
-1.786191508787037321e-02
-6.303686443618164957e-03
1.575009562536562515e-03
-4.788821702936483724e-03
-4.917004148901898616e-03
-6.521541082853999326e-03
2.731645136212298812e-03
-7.951558361358260218e-02
-6.153720668616987494e-02
-3.294046126150405179e-02
-7.059852966718649370e-02
-4.619493448992385842e-02
1.229198905383805003e-02
5.404440925533569862e-03
-1.062882735843770493e-01
2.816433083676829138e-02
1.877259871686006235e-02
2.846095969535993378e-02
3.835253764110267694e-02
2.050244382488195655e-02
2.646442075108801362e-02
-4.806493111790434425e-02
3.487654332460703166e-02
-1.165383450578417329e-02
2.683258422827723699e-02
1.784600724935172730e-02
-6.305616624608473275e-02
-2.172445107179048901e-03
2.044820946627852465e-02
2.852244299013705769e-02
1.642700879897783517e-02
4.705018640894277626e-02
1.717361661098691997e-02
-1.679337308306030896e-02
7.055330287681732884e-03
1.049906922521126433e-02
-1.988940144123884073e-03
-3.524208053164478056e-03
1.863629610641456824e-02
-1.322221135991985194e-02
3.541160884867491920e-02
6.288280969701606597e-03
-2.812419852050389649e-02
-2.542489525576385571e-03
1.864478244486326942e-03
-4.538867543052146035e-03
-9.354854825760932843e-03
-6.731236941802367681e-03
-1.769000584080996502e-02
-7.400942237106980515e-03
-8.457686667051553600e-03
-1.319202849915034059e-02
-2.726607163756543037e-02
-2.416693756303403898e-02
-1.193678801959952539e-02
-4.401641123791832227e-03
-2.899651471367469327e-02
-4.563030721227831488e-02
-2.402539592995402498e-02
-2.631022682063822310e-02
-5.779048519558614011e-02
-2.997072545235327651e-02
2.284960779226516913e-04
-1.411120063571345493e-02
-1.360956866266299636e-01
9.092363859333223511e-03
1.017125834804632895e-01
9.960825782290195704e-03
1.642417892418014322e-02
1.617208840552704363e-02
-9.893008868620420393e-03
2.396481780142818985e-01
3.471927634594043632e-02
5.014808318957526823e-02
2.462815524211664775e-01
3.884171631063925573e-02
-2.951571210292110170e-02
3.845746763788733535e-02
5.876519086257361163e-02
3.177874088124404278e-02
-3.538525329948092983e-04
-1.174946127176525755e-05
2.111574027399307912e-02
4.087700054016844484e-03
7.009554913882435311e-04
-3.162792645228979286e-04
2.240892562632956428e-02
1.137459617251208172e-02
-1.495283160658365763e-03
2.524404499157468997e-04
-3.294429854358858160e-03
-1.497122665211339347e-02
2.316445718306029550e-03
-2.088963902024394952e-03
1.247375878452317011e-02
4.340312314575725527e-02
2.722024856592257513e-02
3.130005394192012652e-02
3.934230141943655112e-02
2.331240848267207566e-02
3.879294151685257208e-02
-3.074986063990873056e-02
3.477779759888569022e-02
-1.498604105018419563e-01
-9.354433186119394525e-04
-3.996287048032559630e-02
-1.212880878885866098e-01
4.937920316569446855e-02
7.626939516719520584e-02
3.175768233661738910e-02
1.331810503691564611e-02
-5.527988099098987869e-03
-2.781588545843805341e-02
-2.761116964134490565e-02
-8.079859563201492387e-03
1.039155055333936158e-02
1.564360116508854356e-02
2.253829876803333659e-02
1.767029695238974893e-02
-1.025467948154203980e-02
-6.528583182610574361e-03
-8.360663882478282022e-04
-7.922525015082948485e-03
-3.010780235026752280e-02
-2.458502951387950275e-02
-1.106515670152633142e-02
-1.942920228397370178e-02
-4.624952688484399582e-03
-3.577387925474120097e-03
2.954501260910268653e-03
-5.397770207770680520e-03
-1.277258958375492373e-02
3.379956906670076623e-03
7.603976713751397533e-03
-1.635557231350144580e-02
2.757247557637293456e-02
7.850549128089960582e-02
4.071309718012227491e-02
-4.991767240239296591e-03
3.421392403526745535e-02
-8.815394858206615850e-03
8.093231108545330052e-03
3.397278683352306095e-02
3.132767423003181284e-02
2.077245514119994627e-02
-1.743725953874983130e-03
-6.460502747922516366e-03
-3.414752714912723704e-03
1.810256012050354829e-02
1.668906637837959742e-02
-1.078020264546079333e-02
2.901006264685532243e-02
1.157612592878012880e-01
4.893183855316233372e-02
-8.814673219342112481e-03
-2.278612429630816338e-03
-2.016820657026796148e-03
2.819852274288230445e-02
-7.665223689617637823e-03
-1.035815879442822905e-02
1.675253424399793332e-03
2.343618338156262110e-02
-6.716141409731101602e-03
-1.715841298428806214e-02
-1.756639050456965390e-01
-7.832795670047730530e-02
-4.170003410710070371e-03
-1.087492929115762424e-02
1.679553603973948650e-01
3.446930144158191767e-02
-1.431128397079856583e-02
-1.015646676983908946e-02
-6.880273986513530705e-03
5.736059180685627867e-03
-4.036064542444714812e-03
3.332725171630605485e-03
1.098238747601431864e-01
4.984491398326992839e-02
4.105176579251339046e-03
-1.105039323904688647e-01
-3.704052775083596649e-02
-5.675505227041089881e-03
-3.840575455604720162e-02
-5.306553764560974912e-02
-1.305548720618676141e-02
3.934255032760110814e-03
-1.778942676672117321e-02
1.462966482794960006e-02
-1.798801663838440644e-03
-5.949218329021558737e-04
1.787998109694164187e-02
-3.711278200581253576e-03
-2.706479235528314650e-03
-2.186585567054282614e-02
-1.494977913587634821e-02
1.848422735008843285e-02
5.297531146717175373e-04
3.780531938290482372e-03
-1.730405003266007003e-03
-4.113905342296863844e-05
-1.999492644491990441e-03
1.395132611512021458e-03
1.536248225330511452e-03
-3.042933665907672589e-03
1.272626545180515108e-03
-1.530694659905432360e-02
-4.550035911249190705e-03
1.292973254692902051e-02
-8.965520966737765187e-04
2.716212996649555495e-04
-8.473850680919823783e-03
-1.176413784724519331e-02
1.187745970644738148e-04
1.105857850682280904e-04
7.013168689517085969e-03
-4.745516448919673107e-03
2.481324175864425049e-03
3.745106050205683143e-03
-2.453115421474996467e-03
-1.159219974504440559e-02
7.753667247244380896e-03
1.136334266859722990e-02
-1.034857574782806905e-02
1.120946927779890162e-02
8.944984001271764548e-05
-6.919014677721302062e-03
1.143801372262875059e-02
-7.101390161875565862e-03
-1.615295625402259809e-03
1.439805785933298424e-03
-2.701068886509034109e-02
2.404454583796530095e-03
1.564598444345140487e-03
-1.422707051731986585e-03
-1.442686801571187172e-02
-1.757946914546942331e-04
9.113322430374333483e-03
1.302204598843790260e-03
4.806170645365902445e-03
1.739017021342701905e-02
2.014689475723844755e-02
-8.584301755753240282e-03
1.455706550832160974e-02
-2.898009850516188382e-02
1.180664985439851961e-02
7.659382535439977248e-03
-4.844183445358334582e-03
-1.625553463526313233e-02
-1.708137918464308624e-02
-1.531956146503539451e-02
-1.212038632401908752e-03
-1.024524482729869063e-03
-3.617143694573339997e-03
-9.985388238418177118e-03
-8.771649058988639780e-03
5.210220590859232850e-03
2.170268967237298438e-03
3.535362848725166762e-03
5.126696667935603559e-04
8.051939916022779909e-04
1.301860847743979525e-02
1.220687606683843775e-02
-3.030706156900159296e-03
2.778235397653249644e-02
1.608493965079795321e-02
1.568294125452453572e-02
2.961494927458675677e-03
-4.499436106439928112e-02
-3.049207427845202628e-02
-3.496992700230438372e-02
-3.600177233149269573e-02
-1.428235239841920984e-03
-1.222859995523407168e-03
-1.605316746243995105e-02
-1.696960400927146131e-02
1.104909027785342009e-02
4.670389245041168397e-03
1.036245338833341641e-02
1.678085844080296624e-02
1.505341728716810996e-02
8.127603595016220928e-03
2.250346189277660502e-02
1.198167029628883704e-02
9.891977747237150342e-02
2.719083952742555252e-02
1.700661780697990816e-02
4.267040260991242923e-02
-3.268821514036009248e-05
-1.096475395313422502e-02
-2.452835876900102876e-03
-1.286073196392559974e-03
3.602411347505446101e-03
3.441920750653239009e-03
-8.959696023970332296e-03
1.234766596298365014e-02
7.988043867617887484e-03
-7.609112668155070675e-03
-1.230297794532689976e-02
-1.522779588267597801e-02
1.596012700025957942e-03
-1.220754079533012014e-03
6.513874710642440086e-03
4.313859221647210751e-03
6.957352078786701970e-03
1.450008340987401015e-02
1.226775494457296722e-02
3.699579939634754268e-03
1.761032127274269055e-01
5.598250097302104322e-02
-5.905247782735804918e-02
5.364872112585801489e-02
6.200897608148659562e-02
-6.300873424176556097e-03
-2.856988010654979218e-02
1.012308192271515507e-02
-1.153558171901238050e-02
-1.922627884878890317e-02
1.683334952647193641e-02
-8.826601973921091235e-03
2.332924914680891033e-03
6.435766427728135779e-03
4.580214585517566710e-03
2.741015432161622209e-04
6.009182636235882620e-03
-1.537308307954895776e-03
3.146098622339163226e-03
1.336894162516193488e-02
1.643830961905053427e-03
-3.653494750383896265e-03
1.751275265383227253e-02
1.139348580273105531e-02
-1.182065544693373937e-01
-1.652761073725217411e-02
-6.509136834115740455e-02
-1.293235720342131578e-01
2.686874161949017945e-02
6.725977329981426903e-03
1.785295924051048810e-02
2.216273388933571661e-02
5.769705582762459789e-03
1.008578685692333200e-02
-2.934374677110978755e-02
-1.924565219312393896e-02
1.669000043105831055e-02
7.053811812923966966e-03
-5.697602128425806843e-03
-7.580356054264469554e-03
3.065176128578065914e-02
7.337333723976358080e-02
6.538637125535122496e-02
1.047339088087613675e-02
-3.596320493195635792e-02
-5.988135087729166278e-03
-7.695415090355799603e-04
-2.195959027199828606e-02
-8.034649420585493473e-02
-1.299765965272604573e-01
2.930247354071373322e-02
-2.158807951936853996e-03
-6.093405512491750775e-02
-1.529812028536452206e-01
-2.377266671192807684e-02
9.739375961269615758e-03
-1.704979866002375236e-02
-9.130228412027910053e-04
-7.523862769177924563e-03
3.400784731334041949e-03
1.074354635683061332e-02
1.396332183236225280e-02
1.491175617510842599e-02
1.836344879813535391e-02
-6.962398687254676630e-03
-4.365564465008633759e-03
4.020668576265067594e-03
-2.921510204605131007e-03
1.097775853254978661e-03
-8.462032467636673499e-04
1.181517717235845005e-02
5.296136233109461321e-03
4.020989429759392123e-03
7.170924093335031939e-03
-2.195214578553456031e-03
1.669680896212686304e-03
-2.134530400312368258e-03
-1.403022144638257831e-03
-6.591160132487086827e-03
-2.802454628895387385e-03
8.170084162629426619e-03
-1.146501050919502846e-03
-9.198752189681762628e-03
1.258297860216674169e-02
1.575654682352717328e-02
7.248891688560789043e-04
1.756323642774646268e-02
1.011307134996916775e-02
3.570269477701809146e-03
8.199586582922198602e-04
-4.152943558613788125e-03
-3.881341877916863296e-03
-1.299909795557291185e-02
-2.073228953669947749e-02
-2.642529673116194439e-02
-1.684374868839209893e-02
1.876087898407760232e-02
1.263438791248031913e-02
2.058806270323509501e-03
7.122022842547055116e-03
5.612619671288276817e-03
-5.492352023434926784e-04
1.333363132257491847e-02
1.807301824711954677e-02
1.184593797453307876e-03
-3.640164375867002656e-04
-1.269810478415566183e-03
1.290811062625201247e-03
-3.144885608798282661e-02
-1.163256530308487413e-02
-9.237779034930395164e-03
-2.969576615031572012e-02
7.488724026194063562e-05
-1.069096336208429608e-02
-2.514843171672862671e-03
4.046019054370147906e-04
7.891480134786511141e-03
3.671688222201053339e-03
-1.021238276404253214e-04
-1.349373540013248420e-02
-2.233559238164434940e-02
8.850107677155368523e-05
2.323925480513173211e-03
6.060614306844592028e-03
-1.964687421805773326e-02
1.230027322976966729e-02
-6.408612755585167686e-02
2.218950986177324180e-03
2.540853561842779042e-04
1.929459838536310215e-02
1.066726592299887116e-01
-3.653214314775707350e-02
9.604754512305671565e-02
2.928908385692521529e-02
3.825691639753945467e-02
1.236112596299264316e-01
-1.415967799543170133e-02
3.369547313907277075e-02
1.659473830597970809e-02
-9.659980831954752788e-04
-2.258179102390490967e-03
1.379376676230299054e-02
5.234252317566348567e-02
-2.644144354853996542e-02
3.420562779375586893e-02
-1.677638977287545987e-03
1.939472975467358348e-02
5.821685976313201866e-02
2.215159505368609685e-02
8.347276413065698661e-03
6.282785374860405019e-04
1.184596057616067732e-02
-7.656405968481510074e-03
-3.285577522459470073e-02
-3.836465269343465601e-02
-1.123633663481228041e-02
1.585373996210307011e-04
5.358260075511392384e-03
-3.485077733459815506e-03
9.808722902011509889e-05
6.953118623366359068e-05
2.310256812545547021e-03
-1.125336481062392223e-02
-2.584207708575358259e-04
7.130047870345466846e-05
1.754555249982690671e-03
-2.474015227337458302e-03
-1.223132296433444839e-05
-1.446655496256156427e-03
-1.351487019557513118e-03
-4.238809648234189917e-03
1.520775268842152134e-03
6.864370883367864272e-05
3.622527249486259121e-02
3.394020230303557151e-02
6.694271031264352337e-04
1.262552655665895177e-03
2.067554385473523160e-02
1.069924227908697519e-02
2.697608253778034496e-04
-1.454284455885436825e-02
-1.181327797205992654e-03
1.304910575328862427e-02
2.153650221618709504e-03
-3.147109202509725673e-02
-4.805039630984118265e-02
-4.618502870585314973e-02
-1.384916969445277452e-02
7.103010163104655800e-05
-3.528973764546860376e-02
8.455286075144792524e-03
7.815995394856418239e-04
1.252405733207891591e-03
3.583401191311796907e-02
5.417983221624477798e-03
2.231909101335340312e-04
4.519310048183253735e-03
2.467426851042488212e-03
-2.496617733211020998e-03
-5.927805988284635084e-03
5.173758001267573375e-02
-1.231468066668243294e-02
-4.686860449686698626e-02
-9.243573010580303931e-04
-1.445213538007741709e-02
1.289870028097031248e-03
-1.010133634959123686e-02
-9.005531830733288362e-03
-4.367372483360315756e-03
-2.625593260795886300e-02
-8.297765299025267050e-02
-2.627796158643549203e-03
1.443018695058645787e-02
-9.923077992742305661e-03
-3.618321566390357222e-03
-1.778614324758388127e-02
-1.237569175592871489e-02
-4.397608926346982527e-02
-7.211670227845673464e-02
-5.073765255932181223e-02
-3.951207419663094189e-03
-4.492639339371231298e-03
1.631374623122138628e-03
6.533203204628531581e-03
-9.386399344690338903e-03
1.594828254938697801e-02
1.799548886269855888e-02
1.752233740842773502e-02
-6.963572895041679131e-04
3.213901939208870309e-03
9.737591441916639001e-03
7.527695722757818918e-03
-1.240882432795672313e-02
5.028049967268869314e-04
7.606022270610672369e-03
-1.724384698153683983e-03
-2.000652465360981680e-02
1.604142316067906290e-02
2.368216936358533489e-02
-4.089632551184413378e-03
-4.046527334787139440e-02
-5.806873443004088864e-03
1.200002542716098464e-02
-8.569888237485955712e-03
-6.131658267637360958e-03
-8.354897057673414294e-05
1.222692935119545909e-02
1.752351427967415581e-02
-2.535466573493357773e-02
-1.766874954105148235e-02
7.738557772795656535e-03
-2.407405889630620250e-04
2.761116150247569512e-02
1.486499756779084518e-02
1.248709921907287593e-02
6.360840231211631855e-03
-2.166317970185042269e-02
4.856767058467421558e-03
1.334706890476374495e-02
-1.341055230195277795e-02
2.625214059458744892e-02
7.620793685727864086e-03
-7.907959782719978237e-03
1.377557116878804291e-02
8.449820840355578774e-03
-9.324029588065680524e-03
-5.862526381678183698e-03
-3.605477197912497316e-03
-3.213703503532453626e-02
6.195628380004774942e-03
2.903081969880792930e-03
-1.835993222690275942e-02
1.554631208177287283e-02
7.800025776162416817e-03
-3.160827297517814806e-03
4.226817709025582938e-03
1.489026966955353179e-02
1.188901143869658568e-02
1.945308142223748857e-02
3.994792418401316852e-02
-3.428455277909952387e-02
-2.146487184522759967e-02
4.689561448350183445e-03
-2.608185417394918992e-02
-1.074315980993601101e-02
-1.516672854166616589e-02
-8.241066853220546315e-03
-8.680716300469735677e-03
2.904367914805384464e-05
-5.548315248693562116e-03
-1.012871807438261995e-02
-5.276422831737926158e-03
-2.603609640144904751e-03
-2.360812411686423560e-03
-8.179403620175182497e-04
3.346259274952708687e-04
4.354227812980857233e-04
2.006278922881823273e-03
2.928439195705565164e-03
2.865508360935649108e-03
-3.867637541535262104e-03
3.088694415883333315e-03
6.825554680031492225e-03
-9.515505160559717271e-04
-2.548812281646440671e-04
-1.669168188868739092e-02
-3.480376576752856280e-03
1.535804030354777881e-02
-1.842286795374045326e-03
-3.002737442381144851e-03
-2.034036193181216166e-03
-7.227967857508178686e-04
-3.095286647678232705e-03
7.116157829651676911e-03
2.059219354094491729e-03
-6.132931474099182108e-03
1.925104004303467486e-03
5.148861364131770979e-03
-5.195394177067110854e-03
-1.330912777272241776e-02
-3.099862309787609904e-02
1.499726313526064843e-02
-3.495350699774061112e-03
2.005519031981036187e-03
5.126810058288224815e-03
-8.363037937268778463e-03
3.448676179155914928e-02
-4.617234645959688091e-03
1.089968867848389693e-02
-1.126195564223017240e-02
-2.470898939739275563e-03
7.386701383987858945e-04
-5.702157046645576523e-03
5.449045800750677154e-03
6.857707179462758235e-04
2.178618581465741662e-03
6.566303600430280912e-03
4.342717009380618089e-03
4.841609315504064905e-03
7.536977585802039081e-03
3.518716933756456389e-02
-3.326153065415262712e-03
3.680580235624639836e-04
6.469654032873432825e-02
-1.015740121731087235e-02
3.140085291047031713e-02
-3.907557913407070337e-03
-3.297738724719937592e-02
-1.732762046536399133e-04
-5.986328243149392075e-03
-8.358673303655301916e-04
-2.937274100339607526e-04
-4.329685470721433838e-03
-4.401248248728630540e-03
3.403056161191177898e-05
1.695110032836974999e-03
-6.735305785577838048e-04
-8.508265623085173237e-05
-3.518821334947590598e-04
7.559750517413916192e-05
-1.834678421661322246e-04
-5.601177468031325220e-03
2.935613193670857241e-03
-2.662783163653872166e-05
-6.796352422754611074e-05
-5.116127692200989063e-03
-1.547402166880172854e-02
-3.062875493908881193e-04
-9.429490277580795596e-03
-1.949454820432876571e-03
-3.792490274894849862e-03
-1.300375860928166920e-02
2.845503814520708354e-04
6.004814583063752473e-03
-5.318066223267161469e-03
4.162534611793439139e-05
1.043450454896574557e-04
6.744505038685785075e-03
2.058825786757461154e-02
4.719194080664213713e-04
1.539965234836251917e-02
3.274429218296275729e-03
6.154149166199335795e-03
2.111753626777094703e-02
1.122023663366461359e-02
8.718871265441701171e-03
1.151435231477111742e-02
3.825576941605300586e-04
4.670747695377436975e-02
2.207789779838567959e-02
2.521458288353991065e-02
3.765243955843568940e-02
1.175916070973542435e-02
3.059816671131076419e-03
1.193550386381339069e-02
-3.933473346881560632e-03
1.574304110405856660e-02
1.082935712086749089e-02
2.047499778044969965e-02
9.049882229513599510e-03
1.096690908294302609e-02
1.410219643087838592e-02
1.227889830584837777e-02
2.554198809050981997e-02
-3.499539663126420563e-02
-4.672423641586313792e-02
-4.390037187561302012e-02
-1.574795881227249172e-02
-8.352512965723436419e-03
-5.078065788053950751e-03
6.036042408303436127e-04
3.813923435533409997e-03
-7.013937469840053618e-03
-5.162271533933348450e-03
-1.983077746736966115e-02
-6.181010819347079570e-03
2.408183477314228878e-03
2.967236973430071624e-03
-3.613154550044112186e-03
1.224635151132206536e-03
-1.313611078452528609e-04
2.009845106806319552e-03
-1.477745198047617078e-03
1.249582148976709391e-03
1.004825207397167831e-02
3.563174163751682468e-03
1.363500438322062368e-03
7.118780009531515234e-03
-9.043426866579442128e-03
-3.206856747373202938e-03
-1.227150394493154708e-03
-6.406902008590505820e-03
-1.618459556920918280e-03
-1.087492321274185629e-04
-8.377984305615475196e-05
-2.653181243990172800e-03
-1.654582889626212265e-05
-1.559391962787436251e-06
-2.979032286341934025e-05
-2.344326395275114002e-04
3.330819182824955316e-02
9.813030680673360488e-04
2.158893684288864991e-04
1.069995057853898555e-02
-1.338007174483310351e-02
8.830148822662161386e-05
5.971466175108363066e-04
4.818774309132438025e-03
-2.717077136738468238e-03
3.561876761533515671e-04
8.779200564152003620e-05
-1.761093747276618222e-03
1.730739705125267222e-03
1.751241075703927034e-05
1.707735739717292892e-04
-9.669085548962251531e-04
-2.838522908683015558e-02
-1.937101183769722804e-02
-8.754560189388433528e-03
-1.265249733001099636e-02
-1.179431159352060509e-03
7.749231378239475852e-03
2.757946774920594650e-04
-1.474486855091849437e-03
-4.491892217867256287e-02
1.686798167359494227e-01
-1.222102900026312243e-02
2.465312807391962634e-03
1.516444984315602762e-02
2.594760146684663704e-01
-4.572128766149808482e-03
1.083057300725784149e-02
4.666068948755124068e-02
4.375877002204620406e-03
1.798796957758221765e-03
2.502106793559768366e-02
-1.801599395063388552e-03
-2.277680647358210683e-03
-6.113709464554727743e-04
-4.425460330970577426e-04
4.707076759709343666e-02
1.370453959396555205e-02
7.599599399539309040e-03
3.456555549270383387e-02
6.567794929776550085e-03
3.040282922464779530e-03
-1.697487169123553831e-03
2.528870471249696286e-03
-1.169950715856218348e-01
-1.024740781618621935e-02
-4.491141138910639645e-03
1.929207963291039440e-01
-5.289631790201900635e-02
1.061719873485887601e-03
-1.414828861114452579e-02
2.632576831194973765e-01
1.776769657525859589e-03
6.507735451864057842e-04
-5.139571997975530670e-04
4.928048074383673677e-03
-4.175313479496733709e-04
1.250135701379186592e-03
-2.439949230852123726e-03
-4.323035343043353518e-03
-7.223848027593128031e-03
2.359190025237487606e-03
1.466738116920643029e-02
2.794442606870430057e-02
-3.518433175341501799e-03
-4.137535610220057121e-03
-1.736797560420134555e-03
-3.127506713597152672e-03
1.863509166152864209e-03
-9.856557818719337283e-03
-2.342188290474224097e-02
-1.274431229288182366e-02
4.273296074825061305e-07
-4.642553809496726379e-03
-2.804966495802197358e-03
-6.485351876005995754e-05
-7.252981933942431996e-05
-8.623268076805406775e-04
4.858640939763402521e-03
2.948520461345398563e-03
-3.249903748695366748e-05
-9.802275838056567769e-04
-6.504190951362220962e-04
-4.624245354312922459e-06
-6.694626669420851179e-04
-5.941277566675197234e-04
9.765049993052780670e-04
4.578079245900461432e-04
1.059255599850597194e-03
1.890461446073096741e-02
3.025330151500148050e-03
2.620396312598424564e-04
5.526950983246903693e-05
2.517241965666947023e-02
2.242589473419015836e-02
5.138110592307577537e-04
1.886903452739104384e-02
8.814646302844631950e-03
-7.618124602013606056e-03
6.114414664707474266e-03
-3.939397260246104565e-02
-1.186674876133235815e-02
-3.573202534430736793e-02
-4.120994779172594547e-02
1.834918268998655380e-04
6.107941536312998763e-03
1.027975371784817975e-03
2.439327440801932612e-05
1.231372300783761952e-05
-6.859516011300184277e-03
1.167760870179440982e-03
1.239274476390126302e-04
-1.016569807867018227e-03
-1.315110671274516852e-03
9.876524169459453221e-04
2.233229785570357232e-04
-7.951162486990986933e-03
-1.067297963516610339e-04
1.010796968225523111e-02
-1.540150608379598982e-03
8.353816183947483079e-05
-2.411264131395515764e-03
1.684058611868466480e-03
-1.225190678575048195e-02
-3.629670613825540515e-03
3.312374675818408054e-02
-7.150407862256299985e-02
2.335797012122691960e-02
-5.629356748599423366e-02
9.654802249427303640e-02
-1.311591990255362994e-01
2.376438954626999139e-02
-8.652122495794552226e-02
6.630865965723692530e-03
-7.634690307756776539e-02
2.999251320936515211e-02
-2.004241078049850133e-01
2.075200341534550342e-03
-3.241040917745522716e-05
-3.502466444568568243e-03
-9.802420818588878162e-03
1.160754801272714451e-02
9.333585873125464435e-03
4.883152812055175686e-03
3.135665969419080754e-03
-1.194671201646001907e-02
5.228276727118943631e-03
1.765889781965278987e-02
-4.575547987358852785e-03
-1.941217287035139349e-02
1.309074623410072524e-02
-1.987332125063675375e-02
1.387179588787074841e-02
-2.955438886814785310e-02
3.334314771713549515e-03
5.161290346565301432e-03
-3.247646710488780088e-03
1.136022378852356504e-02
4.297158504256935740e-02
5.365302327216716488e-02
1.492976786498970490e-02
6.780606521485870765e-03
-6.783230888817445327e-03
1.116264384653074641e-03
-1.114905834511490355e-02
7.980653887196221749e-03
-7.416776210799658903e-03
-2.386826592753835824e-02
-5.133084348141980953e-03
-8.938232400498671501e-03
-2.935097756590348064e-02
-1.997838501685984466e-02
-2.091117902596676195e-03
-3.895906768856479980e-03
-1.553427357659653649e-03
5.717403600544799895e-04
-5.357939253305986360e-03
1.092432998713544108e-03
-6.896121911271099443e-04
1.810300446381299909e-04
2.472818215125891818e-03
-4.575300303059443019e-02
3.698279674729471576e-03
4.589033746214964994e-03
1.394129518681582608e-02
-1.605395633717989455e-03
-1.888466773716775430e-03
7.489888726457765951e-05
5.816483016816449171e-03
-5.736024285494285141e-02
1.308513984777686934e-01
2.332128636522166724e-03
-1.476587742208432079e-02
-1.180560814697418498e-02
-2.352456566808519209e-02
9.799489860310130196e-02
-1.965665852084497733e-01
-7.203726978431259330e-03
5.095936206042980983e-03
6.435685604729807045e-03
-7.789368923943429217e-03
6.206964507693271682e-03
-5.469441890571535153e-03
6.277167170338818734e-03
-4.237620261335782977e-03
2.167167587685772320e-02
-5.053296402164954640e-03
-1.780977590338223828e-03
1.502551718374627379e-02
-2.110857602675514713e-02
-1.173354910584141833e-02
-3.571789239618594625e-02
3.055880619018501096e-02
-8.983331796578943214e-04
-7.875961831056238699e-04
-4.231962106713313236e-03
4.333404076659401818e-03
3.988852776791454923e-04
-3.237692726781080544e-03
1.182312686772643735e-02
-5.326113742298774906e-03
2.707530705652093275e-03
-4.878215624847668299e-05
3.689382082056033140e-03
-4.989455244151799057e-02
-7.881113672367697246e-04
-3.408268743118520491e-04
5.083226221813275797e-03
-3.927283099141253529e-03
-7.556185570404981046e-03
-4.051609641248012442e-03
-1.517036035955440700e-03
1.275275606939547642e-03
9.455350871898570656e-04
2.405668168898119578e-03
7.762244815143122013e-03
-3.913848639519308670e-02
1.063109533547432900e-02
-3.487801101784067295e-03
-1.845326909378744787e-02
9.004739632344917200e-03
-8.383479303300911400e-03
6.378467146451757830e-02
-1.426657281187289870e-02
1.045270192563864040e-02
-9.056401849048796929e-04
-1.447186431544505904e-03
1.550541378666405942e-02
1.959483810444261325e-03
2.484373111565178760e-04
-1.396007155234063558e-03
3.841260443462759556e-03
-3.451348457331701071e-03
1.747932175871107826e-03
-2.436340613583185780e-04
-1.655732094490997529e-03
-1.211792665262259421e-02
9.418669748414237007e-04
1.670500462830488021e-03
-2.326117828913047345e-02
-6.790443920213544643e-04
-3.517598991122796934e-03
-1.534562078700534970e-03
3.435647244083036124e-04
-4.092584755572183509e-04
7.605504264454976491e-04
-4.321468924184704535e-04
3.499932750772940648e-03
-1.661448321701362515e-02
-2.471322245213547139e-02
-2.469714387187094476e-03
-6.562934397753528333e-03
5.978218311921921872e-03
2.316549715300028189e-03
1.880937862176457198e-02
3.693649712718687084e-02
9.278885545089175790e-03
-3.201242476149353255e-02
-7.226130950264055691e-03
9.440934367827985563e-02
3.099761899731998116e-02
1.461879111024333737e-03
-2.480432519557706009e-02
-1.727657220174402819e-01
5.399894987767771271e-02
-3.387204418299133608e-03
-1.539375767433974820e-03
1.333441344332529817e-02
1.280047099716974737e-02
1.802210241858083310e-03
-9.278497048242063949e-02
-2.695598764718384194e-02
-3.411165145834690882e-02
-9.002187598773834371e-03
5.364444497541171570e-04
-3.640005807202764026e-04
8.530584892608360182e-04
-1.454035906743644802e-03
9.056013112927661923e-03
1.945968673022494032e-03
-2.434567266757611120e-03
9.214532455143720560e-03
1.050523248657740660e-02
-7.519996772753365566e-04
-1.206007838117136716e-03
-3.808077715751833226e-03
7.234084680923554000e-02
-7.321819970701124759e-03
-9.512656243690832680e-03
-2.917515791209124645e-02
1.447488645955293529e-01
-1.178456045516885174e-02
-2.429565297632187842e-02
3.430648992185874463e-02
2.903845037899002376e-02
-1.446191148116317705e-03
-8.509637235137845410e-03
4.309418562186694002e-02
-2.818863326203158506e-02
1.632564336569115315e-01
8.689392307008747193e-03
4.871154354451525358e-03
-8.139695249115234260e-03
-3.141058536631977788e-02
6.249979931146362744e-02
-2.499825864322871016e-01
-1.013981176180139008e-03
3.960521998732909575e-03
4.215896486906210890e-03
-6.818136656634400314e-03
2.160293339946356850e-03
-7.458487008371032789e-03
3.069099139695790571e-03
-2.493970471974089886e-03
2.728478664360695256e-03
-3.762063438801768051e-02
-7.886303825381493077e-03
-7.193310053606474797e-03
5.809249249855000241e-02
-2.191811870713205202e-03
-1.634069453857282198e-03
-1.371881875383086256e-03
-8.554144916440190949e-04
4.889864546142963595e-04
4.393821824568365747e-04
2.662322714924972474e-03
1.906406648540284168e-04
9.506334657385588638e-03
9.035177981280428580e-03
-3.727518638839424046e-03
-2.061241460473271607e-03
2.545085054760344578e-03
-1.032983986995304835e-03
-1.640507974033158720e-02
-1.923959883326826006e-02
-3.971274309480318440e-03
-9.654159375107494376e-03
-2.610907785194492743e-03
-2.291222684663812067e-03
2.049013967100080710e-03
1.468260099770889344e-03
5.336796376605669814e-03
1.054595353726407725e-02
-1.612615031155842024e-02
8.666743667906734450e-02
-8.743346988507327139e-03
9.775830592467589421e-04
7.599045207670468080e-03
-1.760478839937469273e-02
3.688553989655143223e-02
-1.376522845750043633e-01
2.778764866601172653e-02
-1.151103377252713769e-03
-6.373505753538903640e-02
-2.528708557228104281e-01
1.078912100903121202e-02
-1.004979683586617895e-03
-7.430699341756406839e-02
-4.931347949570925177e-02
