-5.381362770061497436e-01
3.310369107548361711e+01
1.488318810096590228e-01
4.027888360994026584e+00
1.590773372051386616e+02
2.939353298136604664e+01
2.917390053334541378e+01
2.646626606999382503e+01
1.777252646677821986e+02
-4.764102016998165823e+00
1.842493667634259369e+00
2.033860199353287435e+00
1.696471537862340710e+02
-4.568505173533657704e+00
1.015247692240686499e-02
-6.388428307838658782e+00
1.894518660477113201e+02
1.741849380331996144e+01
1.593644361987568647e+00
6.870076119805014869e+00
6.156662025874620525e+00
1.293792592042346001e+01
7.239907475777229706e+00
6.428906765157671899e+00
1.735384828170917260e+01
-2.553588019523163943e+00
-1.819160278052120105e+01
-1.904119589763024223e+01
-1.493405250526619599e-01
-4.530019850235328605e+00
-4.210076458389255549e+01
-4.810941457039830027e+01
-2.028365130430674679e+00
-1.313288917695230928e+00
5.122609607367712314e+00
-1.310752721828544187e+00
2.572430343271536191e-01
-6.591280381650092002e-01
-8.249245350615894701e-01
-1.492735287154216328e+00
4.249026372873318524e-01
-2.869951345832067791e+00
7.559052809694630781e-01
3.677245342585147014e-01
-8.282094111447763751e+00
3.677940780350393846e-01
-7.713316579260901529e-01
1.480193345017260853e+00
1.453927310164094822e-01
-2.291219027783550355e-02
7.696022446424044539e-02
2.124724560544676955e+00
-2.208223627039718751e-01
1.607176934743502830e-02
9.816627405729476397e-02
7.666890623495526969e-01
-3.187998908123856889e+00
3.897933617507499116e-01
2.250009822097952805e-01
1.054990453524801836e-01
-4.063023545721491242e-02
-2.940172137829764765e+01
1.467455392551979365e+01
1.870527214308072317e+01
1.697910797726620302e+01
2.555876702406731127e+01
2.965227151501671710e+00
3.216485849473397884e+00
-2.624484993734062144e+01
-8.836988276075439686e+00
1.187667818503796324e+00
1.381186032156074717e+00
5.901228528342064017e+00
7.600337090441095178e+00
4.454482641836218448e+00
5.135217037256364137e+00
-1.108945003827884968e+01
-1.724123597756396009e+00
1.899564302885551059e-01
-2.350884814088581187e+00
-3.032134909678208867e+00
2.502101367886545447e+01
5.589921652421742104e-01
-1.937194097449762287e-01
2.284328840674971772e+01
1.583865420805370228e+01
4.498485197959641302e-01
-1.205399043933990555e+01
3.879141119564314977e+01
-1.430839040470424095e+01
2.230591168090643450e-01
-1.873210241796806341e-01
-1.344177213456072018e+01
5.909701107126269726e+00
-4.991720556265893394e-01
-9.734643890214013107e-01
-9.166516160898615651e-01
4.405223357372172188e-01
-1.776842948717546888e-02
-1.594434540335988582e-01
3.965822753230658915e-01
8.727552081026820119e+00
-1.709410522706474381e-02
-2.891106252411336230e-01
5.404387733233177116e+00
9.584390014465753893e+00
6.328732854038663369e-01
1.928395655492413929e-01
6.405750399860176358e+00
-7.140865762528542104e-01
8.915164706425154212e-03
7.260244163538936979e-02
5.348078967543168361e-01
1.352352750077328691e+00
4.756276098963882482e-01
5.824558721412471662e-01
1.894603262870180327e+00
1.444900825054601823e+00
2.270372318941412948e-01
1.259172425842972343e-01
9.718880929382565093e-01
7.664640647021459863e+00
-6.008323676830347182e-01
-2.511496024642077551e-01
3.230169128760674302e-01
-1.621167787851404696e-01
-5.134742555270604969e-01
-7.216722536956722278e-01
4.979763734160880695e+00
-1.925330528845872857e+00
-1.697763644052552312e+00
-2.221469965666411639e+00
4.364853285629238577e+00
-1.001080498027537180e+00
8.626602564075401547e-02
-1.127607248520914318e-01
-8.860361193296459881e-01
-2.626977822908790117e+00
-4.020038660248853035e-01
-4.131973494536015146e+00
7.814472849365608376e+00
4.398203279091833506e-01
5.022035256385728834e-03
-6.366201306702448659e-02
1.030090914694243187e+00
1.161111649892946796e+00
-1.159455399454296237e-01
-6.749925129286211689e-01
3.909537048389694736e+00
1.424665576033228742e+00
1.858529202240254748e-03
-2.627548714353831638e+00
3.044365117761623107e+00
-1.008254488340249644e+01
4.040212823251303931e+00
1.950714819996271776e-01
-5.414451337844040424e+00
-1.445512084350452753e+00
-2.366034454127738496e+00
-1.337548730398853891e+01
1.183586100052786749e+00
1.293514351571787557e+01
-6.855587031157102385e-02
2.052054652298335391e+00
1.819382235617528565e+01
2.279313381597689592e+00
-1.628600995615513414e+00
9.795025375169892634e-02
-1.253174718467271909e+01
3.186580145285950749e+01
2.569044395557572358e+01
2.322659254558013586e+01
-1.935890080480693598e+01
-1.985301000805057825e+01
2.011119494094089433e+01
2.405516802868666915e+01
3.729970463117361845e+01
3.810861659941688018e+00
-6.925055135588177313e-01
-4.386842469702280645e-01
-1.557518394206123258e+00
-4.309930394228447703e+00
-9.791126897896999803e-02
4.813911012384206045e-01
5.696916277131210293e+00
-5.331633391203792982e+00
-5.788511618589480712e+00
7.033553640036731843e-13
-7.536269385318601947e-13
1.404554980275398712e-01
-1.325241925542969268e-01
-7.827924679486036874e-02
-2.165178131164341435e-01
1.238455420892094841e-15
1.604404733966253594e-13
-1.544644640995696794e-13
1.706477497702770639e-13
-1.333736439842527544e+00
-2.266068786983217176e-01
-8.502083333334455872e-01
-1.703420241616626418e+00
5.901606095927248323e-13
-1.275896853424409995e-13
4.279062246339389249e-14
-1.392861364448168986e-13
1.755472645121223474e+00
-4.089098112537071228e-01
3.753537964606390907e-13
3.422809810993048404e-13
-1.619145411293909653e+00
5.058689939738969521e-01
8.018493379846701741e-01
1.987688529490350575e+00
-1.079438375253566340e+00
-5.734839102836199132e+00
-4.076057831919321917e-01
-6.099488404751797432e+00
1.026668309530762890e+01
2.897717191432470640e-01
1.394702301578806480e+00
5.277621730200628747e+00
3.144108675637616201e+00
-1.640749470418214617e-01
-1.182837157124545069e+00
-1.115049972340907747e+00
6.336227138733752184e+01
4.801572844220668657e+01
4.629893838474855983e+01
8.182855328237614856e+01
1.535378579031985282e+02
1.128439892966198386e+02
1.230740015590460956e+02
1.117785977526320664e+02
-3.388069726507320301e+00
-1.701674372106694033e+00
-1.829784256574725321e+00
4.079782968130902354e+00
5.596142646911128615e+00
4.040940747046276593e-01
9.166832033231160359e-01
1.081613626760599800e+00
1.860920173131705369e+01
1.072319654467077932e+01
1.100080219519316493e+01
3.904344729344727760e+00
-8.474339919564041201e-01
5.496679042745469701e+00
6.224964205197494493e+00
-3.155646498191326366e+00
-3.446282599166771377e+00
-2.820903645263026505e+00
-2.934406731682642100e+00
-2.776620370370565638e+00
-1.075332970798970855e+01
-1.259294819318235392e+00
-2.788995346939656894e+00
-6.529873118279343025e+00
-2.858899238782621199e-01
1.189603365385447226e-01
1.134984090167457049e+00
-2.225205411923653620e-01
1.319143949692964668e+00
1.217645427548268433e+00
3.496124090499160619e+00
3.390182766949360271e+00
-9.725434996722244207e-01
1.947359076631053620e-01
-4.167938377459107890e+00
-1.837052716313636980e+00
1.063961994574052916e+01
-3.449407875066474105e+01
-2.141435963461571035e+01
1.947698268874026750e+00
2.193909523836773179e+00
-1.491708515807178692e+01
-2.002488711784940811e+00
-4.674206676720898401e-01
-2.381346637014906342e+00
5.163154833490309237e+00
-8.071213508664976999e+00
1.336499067822399578e+00
4.118181207823631951e+00
-3.739270772580896907e+00
-5.103747739550011930e-01
1.387812557853529971e-01
7.432804038805843616e-01
-4.543357561916089304e-02
-1.444372315973708742e+00
3.200633132660759550e-01
1.735575429113620061e+01
1.902039867644923499e-01
3.996328773754986297e-01
1.944664007804835393e+01
3.691639398598772104e+00
8.800342195834449932e-02
1.447560196495636942e-01
2.123475481301418721e+00
-3.920121749253841603e+00
6.488611194686862982e-01
5.194711957799123814e-02
2.252823235532050994e-01
9.320174261469652777e+00
-6.584693332108583874e+00
-5.731982299934641922e+00
-3.077958361356905592e-01
-3.596334408568676366e+00
9.007834608289948530e-01
-1.963660166714919164e+00
2.501158833209501164e+00
2.033982998207162396e+01
3.811899469648233563e+00
2.837730145312904906e+00
2.267351107575259306e+01
-3.184882806457963178e-01
-3.129676346060334402e-01
1.433482268000267901e+00
-9.141019917200514655e-01
3.361026370170466127e+00
-1.032535265901473875e-01
8.679512240440409032e-01
2.527173114413965749e+00
1.717619558456775941e+00
8.054735686084314727e-02
1.001741696274578847e-01
2.402497422999045895e+00
1.505530357010540943e+00
6.440687801686117292e-03
4.180926745365919767e-02
1.085674547934728229e-01
1.667077910841127109e+00
8.322656096374679846e-01
9.415135560728582487e-01
1.220197727295536438e+00
1.507418497235291532e+00
3.334995941033328526e-01
3.550240775850072583e-01
-1.402884899809433872e+00
3.196162824527968849e-01
2.149118369635575343e-01
1.784535672157390174e-01
5.294822513824907206e-01
2.456861711812411975e-01
-4.127852342147440151e-02
-2.871381635240467800e-02
-4.745539194557895080e-01
-6.266913214990936787e-01
2.080748890532541751e+00
2.122575813609469453e+00
-8.153926282049382968e-01
-6.243591997233090676e-15
-1.142457532503339126e-12
-1.888798867923267251e-13
-3.301570924742463360e-13
-2.263945389546515308e-01
2.467826984713306082e-01
4.234960552274158463e-02
-1.519551282051748997e-01
-4.095272101874001637e-14
-2.689231066245593418e-13
-1.814881777521669629e-14
-1.449891767597065429e-13
2.270071002493120549e+00
7.155000779024366153e+00
-1.154689702404495526e-12
4.764006863851657771e-13
-8.116903712606718946e-01
4.607260505698150821e-01
-1.064270076654337810e-13
1.648780549946202749e-13
-5.489999176800196778e+00
-1.120197769294377865e+00
-3.224034521338347559e-01
-5.139264728092936885e+00
-4.345055998810454234e+00
-4.127348362588723951e+00
-4.069911675398831363e+00
-2.925981660448079502e+00
3.194184257174674002e+01
2.655405684447824228e+02
2.618363705571828177e+02
-2.500249790231391387e+02
-4.306768679796272181e+02
5.584840189914109487e+01
5.810777079031515768e+01
-1.268059795928563318e+02
-8.231003665033936656e+00
1.168758040908388640e+00
1.159378593648794142e+00
-2.696813173130059127e+01
-3.768620552588858885e+01
-1.165378092521345543e+01
-1.186011241698340513e+01
-1.935662814272132337e+01
2.428911163779829518e+00
1.012031565249930987e+00
1.415605767107548152e+00
2.269213036856234655e+00
4.655829835322084498e-01
2.611311644606029853e-03
2.135955494487473683e-01
-2.335854984853801275e-01
7.062160037040224880e-01
8.354282726000049619e-01
8.554184607544411678e-01
1.267824922496963769e+00
-7.760238877500202470e+00
-1.510498113070040027e+01
-1.513219805234209758e+01
-2.059599760841416582e+01
-3.244651721517251985e+01
-2.892131892240617219e+01
-2.882044818830625132e+01
-1.592505600583714376e+01
9.689596147658663838e+00
-1.043556915664369100e+01
-1.045567175000208771e+01
-1.017467658408791564e+01
-1.290454044851471771e+01
-1.371457177382051285e+01
-1.374462197668476904e+01
9.630918075557540092e+00
-1.784655744313239811e+00
-2.539219072591454660e-03
-5.102706338811487941e-01
1.076905064150275981e+00
1.544911858973983809e-01
6.472140039447059345e-02
3.628590359953778183e-02
5.032020463508424940e-02
1.154253187096594502e+01
-3.437168343276741034e+00
-3.334160997166063511e-01
-9.821589799606195825e+00
1.584839743589953942e+00
-4.027126479292124084e-01
-4.404049556215280381e-01
-7.437746548323812545e-01
6.127722723704767560e+00
5.731034451039514366e+00
-1.576024416844385101e+00
-2.862919560185249512e+00
-9.700370081926742216e+00
-1.267614918563596094e+00
-5.857260505696644248e-01
-4.563134348300368348e-02
-3.475526349859094921e-01
1.105009091739378863e-01
9.608869533870141588e-02
5.741858004810472815e-01
2.974426240521926612e+00
4.232031787600227038e-03
8.504510564685939800e-01
-1.794841773583877975e+00
-6.593508573403320527e-01
9.401570226064380476e-02
1.839570814918467523e-01
-8.285792544250249192e-02
-1.923755311827738979e+01
5.728613905461249267e+00
5.556934995276715528e-01
1.636931633267645481e+01
-7.513194580715333304e-01
-2.074668960132179496e+00
-1.021287120617432365e+01
-9.551724085066384262e+00
-5.661839555535720381e-01
2.448816064893261438e-02
1.616728346987907372e+01
2.112691530938883844e+00
-1.828009837700898643e+01
2.633008943569164484e-01
-9.807290090576060715e-01
-8.365796236851450018e+00
-6.632745116782980954e-01
-4.431110656597245345e+00
-1.165162773757361547e+00
-4.757664158075227689e+00
9.150884323641940155e-01
-2.067851884314589661e+00
-1.215053291039311922e+00
-1.694489806693528777e+00
5.058003326210695150e+00
-5.739701831336450510e+00
1.544051832492774112e+00
2.401161531323555698e-01
1.357043904040664772e+00
-5.914195113428906581e+00
-2.734058281322886863e+00
2.193561787869365842e-01
2.713984790825648474e+00
-8.180540043741540979e-01
7.315564785775841017e+00
4.635259864334372870e-01
4.291855920069721719e+00
-1.255481219441188756e+01
-8.334851663219706719e-01
1.097129434357104610e-01
4.539060778655770179e-01
-2.013783687000986422e+00
-8.609118692198718392e-01
-6.407652453197325293e-02
-3.322892588411276438e-01
-1.451333838443234159e+00
-1.104967762904176087e+00
2.646710651390895563e-01
1.498913259828897449e+00
-5.209262991983718116e+00
3.137993972411221022e-01
2.775252678654185345e-01
-6.266990180678901012e+00
2.813975672060567756e+00
1.227135412535064418e+00
1.609994247630786024e+00
-1.450596676660461881e+00
-8.293272231733517241e-01
7.526464999412262991e+00
-1.610285303377464672e+01
-3.680469172326509053e+00
2.721499953649338943e-01
8.273576681142033040e-01
-3.714463519605641917e+00
-4.316439895372706559e+00
-2.451800285020964409e+01
-3.686311441099264385e+01
-3.036406931723351743e+00
-2.571717134501757540e-01
-5.266137603753123564e+00
-1.302579411955420952e+01
8.641774156611872204e-01
1.568677206202015029e+01
1.119968296071877667e+01
9.440348976944337167e+00
1.527573958909340313e+01
-2.174070540978731287e+02
-5.828481604935726779e+01
1.574875202045278684e+02
-2.165010322082219716e+02
-9.172474635049974268e+01
2.711365890457273053e+02
3.395406851964421691e+01
-9.259937260737164877e+01
-8.490070498452966774e+01
-3.364450414358707064e+01
4.556784532404689969e+01
-8.456769032974109734e+01
-5.077019130923404333e+01
7.887388940437662654e+01
-9.953481494155468567e+00
-5.117348933505077468e+01
3.157235669166764236e+00
1.171038429183425045e+01
8.249043812814534249e+00
3.298474896860388750e+00
-3.939676330045176200e-02
-3.410600704393015992e+00
-4.092072095136602528e+00
1.242583383817407426e-02
-2.799810187447770993e+00
-1.350038271023323189e+00
-1.726546201391440327e+00
-2.717140252037809844e+00
-2.678467088997101087e+01
6.013418381474083141e+00
6.876508155672098610e+01
-2.654000814512872708e+01
-5.796924793299960754e+01
3.982794167595297807e+01
-1.703874268010496706e+01
-5.820927487765931829e+01
-6.823789425974357670e+00
-9.856279258675154864e+00
-9.950647957881614047e+00
-6.799319667741784201e+00
-8.661487542026928832e-01
-5.689458840151767838e+00
-4.937688791350946182e+00
-8.602905486856597950e-01
3.182658289974411758e+01
5.560330699442657121e+00
6.266727947348790018e+00
2.180499393661329322e+01
-4.429713640596872892e-01
4.845980427641991550e-01
-3.845094262672835494e+00
1.177686155221228520e-01
-1.027858602779651775e+01
-6.418825000487077048e+00
-6.696021826344776606e+00
-1.056977477480317873e+01
1.514999756775521078e+01
-3.693883958213370278e+01
-2.474068747752685482e+00
1.528641066479919708e+01
3.204598406228979712e+01
9.774642081073810829e+00
-2.140205396624329381e+01
3.191463621681210938e+01
-1.927892751538331595e+01
4.787697760704501349e+01
3.508979890731678264e+00
-1.945373954727431354e+01
-4.122435995402346975e+01
-1.242042014219260793e+01
2.773655722442907390e+01
-4.105508266298952691e+01
1.283556657485344976e+00
4.161122418434382908e+00
6.033543973775364222e+00
1.163763348856460267e+00
1.938743097856970854e-02
-9.706856090336383192e-01
-2.402045117250972972e-01
-7.086895870412304732e-02
-1.892070037611535582e+00
-1.154321035266651752e+00
-1.149790343678917637e+00
-1.839396977863941407e+00
2.281757827194001109e+00
6.821154821852841721e-01
-1.542332332756727764e+00
2.272377593351667890e+00
1.059769102980519406e+00
-2.662447424406301444e+00
-2.055749387556054519e-01
1.069421549231112323e+00
-1.828377204793617139e+01
-5.464584977840276636e+00
1.236038558127613030e+01
-1.820860560088754099e+01
-8.490282343463617210e+00
2.133711322419886969e+01
1.649867013470315058e+00
-8.567622066009642268e+00
1.378268532955708947e+00
9.880549080407354801e-01
7.613660906607022660e-01
1.347159371280534534e+00
9.169225891315106736e-02
-4.570569344577052995e+00
-3.727678829922974391e+00
-3.335625776820302923e-02
7.211298067023794722e-01
8.375555941197052601e-01
3.522867257794185525e-01
7.072183126921200991e-01
-2.076942138169497198e+01
-1.969929650712249014e+01
-5.762901863554436233e+00
-2.065794124970542356e+01
-1.520516951348816903e+01
-3.281789100931388869e+00
-1.447484723081843150e+01
-1.524817734650688017e+01
-9.808391381492591321e-02
-2.311227261652974430e-01
1.871850756742781119e+00
-1.171993152353328349e-01
6.197884390819216605e-02
1.794302862912255714e+00
-1.736697687688506520e-01
6.420798269708788419e-02
1.541242564004836613e+00
5.407144526977851307e+00
7.875446329691610181e+00
1.371828219337250188e+00
2.952250313385702471e-02
-8.875801735339809984e-01
1.862379573511600550e-01
-1.078648738201619384e-01
-2.609288756990485680e+00
-1.648490392600024723e+00
-1.580085244205855277e+00
-2.537421218692018865e+00
-4.314767336274673681e+01
-1.287072616189319696e+01
2.920296018012763284e+01
-4.297023868745415598e+01
-2.000180927601107328e+01
5.041217558149821798e+01
3.946767614603465368e+00
-2.018420882567381724e+01
4.888507861546993460e+00
1.291536301176534618e+00
-3.533316123694642208e+00
4.868071499806246649e+00
2.038165553380983042e+00
-6.103245975684763458e+00
-8.010364002643759473e-01
2.058076069009521891e+00
-3.537516507616548012e+00
-8.864752557531114796e-01
5.659767442995498055e-01
-3.642981423034993949e+00
1.166256262406803357e+00
1.852638175256772657e+00
1.425796156642391344e+00
1.124395240274776997e+00
-2.756733849213989007e+00
6.527189176510628243e-02
-1.689867815751587912e-02
-2.318691095961935122e+00
4.395662316421849458e-01
1.983415728419233581e-01
1.970708904651086169e-01
9.524959050962650275e-02
-3.100094444802942562e+01
-3.163768608048179232e+01
-3.147407622576711361e+01
-1.083676496661691679e+01
-6.077453938982360526e+00
-2.195437188723987276e+01
-2.201379487917481015e+01
-2.211617636693539879e+01
6.869994412039975851e-01
7.073776714197049786e-01
7.032132810953617419e-01
2.840190193273079977e-01
1.780468063757132680e-01
4.974873941097986974e-01
4.988931763895769200e-01
4.916831140251755605e-01
-3.207997261965741753e+00
-1.015910690958978346e+00
-9.264178656104047338e-01
-4.644207639170413238e+00
-1.404566985294725644e-02
8.261255454671685428e-01
2.888931830833440517e-01
5.135344626186643530e-02
1.387436659047569076e+00
8.685296428133832958e-01
8.590128816979645254e-01
1.427332626282282302e+00
1.212222778926276945e+00
-8.227971712253290271e-01
3.638633157227249004e-01
1.217226795758221458e+00
5.704689206481735608e-01
-1.097044348892041166e-01
-1.420352020181641972e+00
5.653198074659911976e-01
-6.365249823637741944e-01
4.320509875511204800e-01
-1.910538877133879931e-01
-6.391525507429468567e-01
-2.995377187369920868e-01
5.761900364984384043e-02
7.458273332823466273e-01
-2.968340061232735971e-01
5.988764838872311813e+00
1.145564250926034422e+00
1.265316235024889879e+00
4.128663132925975532e+00
-2.059581991060456529e-01
-7.134080957864935568e-02
1.951743627137007137e-02
-9.388346634175775973e-01
-1.146407399900943647e+00
-1.834612053619181005e+00
-1.887096504794094631e+00
-1.154963708273380130e+00
7.561082747475933274e+01
-3.005826223213868786e+01
-3.033216606532850435e+01
5.870252728990322133e+00
-1.934488174075584510e+01
-6.476629836175774813e+01
-6.450001305666164342e+01
4.380046781815581625e+01
-1.990182911059594106e+00
7.813430169726466312e-01
7.884968450967138054e-01
-1.628024907861297943e-01
5.023449788052672949e-01
1.696141873378488985e+00
1.689159674104208531e+00
-1.152833363377471221e+00
1.763441717051019708e+00
1.215102576267737211e+00
1.171319880555099724e+00
1.363054810956991325e+00
7.105424570940629958e-02
-3.029592134412838256e+00
-2.527633476032849380e+00
-1.933976186941578287e-02
2.758012813441738098e-01
1.374583280699064047e-01
5.079804912876884071e-01
2.789771687223537300e-01
2.837779223270637630e+01
9.904132847396695638e+00
2.800857427839890690e+01
2.852506751895846548e+01
1.977742739319039700e+01
1.994357191733607948e+01
5.554774466293061153e+00
1.972419350204782873e+01
9.882055852953309127e+00
3.432383786599662479e+00
9.746024336085262973e+00
9.933379950916769729e+00
6.896331626969406159e+00
6.944557618396249410e+00
1.925292633033146572e+00
6.877748608716187206e+00
2.491236687158820295e+00
7.565145278752823943e-01
6.834987138214233537e-01
3.615561467795283423e+00
1.201533332028296812e-02
-5.459032355974033912e-01
-9.682155825067635668e-02
-4.391604487279323482e-02
-1.115115870316251812e+00
-6.964799319152195078e-01
-7.050867234024629226e-01
-1.146973505121785752e+00
9.529620170847762362e-01
-6.471063008803685790e-01
2.858337931561103495e-01
9.568962345160394456e-01
4.481743115395634969e-01
-8.668631590826261779e-02
-1.117070764252588111e+00
4.441273970642966029e-01
-1.027215772764601276e+01
6.975376273117017689e+00
-3.080986039019239620e+00
-1.031456554268927484e+01
-4.830858953801576483e+00
9.345578628122899190e-01
1.204128275680544036e+01
-4.787236816290105779e+00
4.307526814897566503e+00
1.309169962709936685e+00
1.183040020238675716e+00
6.251258727431526552e+00
-9.471579604069771952e-01
2.073770111293498156e-02
-7.579673656315639996e-02
-1.717476677492182358e-01
-1.203515477373486631e+00
-1.926834262243334095e+00
-1.981888623368736724e+00
-1.217853278025950337e+00
-3.775750873554024878e+01
5.560199901132188671e+01
5.583154849978213718e+01
1.667657180136338724e+01
-5.059606185186307670e+00
2.614826412122149080e+01
2.591214457601092747e+01
-6.517912329292366280e+01
-1.351497450102875142e+01
1.990203280228592675e+01
1.998419736595217699e+01
5.969055935551991432e+00
-1.811260395165884107e+00
9.359286741988594116e+00
9.274771242373528679e+00
-2.333030740781944345e+01
9.699606273271891288e-01
-6.155476415132302925e+00
-3.099973043572528120e+00
1.681567638956761757e+00
-6.438291141719638233e+00
3.225355733554343018e+00
7.655102363078325478e-01
-2.921060394019154405e+00
1.291545270922951794e+00
-9.684191000212396538e-01
-1.192662328936538119e+00
3.008826744156653632e+00
3.752262403859856210e+00
1.237722307929583487e-01
1.543976005582090139e+00
6.545284610204232800e-01
4.800936194352898312e+00
4.732508722523440792e-01
-1.323264027157347256e+00
2.824221597324657829e+00
-1.832413709101398336e+00
-1.308379529587363921e+00
3.348578229167552767e+00
2.714997931754659088e+00
-1.129731954812181582e+00
-4.262013283274366238e-01
7.754661740139134896e-01
3.539038603139265660e-01
-7.387093385291811920e-01
-9.331703522187582145e-01
