5.071374714656804242e-03
1.629884320051651347e-01
-4.585863688180116804e-02
-2.106433085819527269e-03
3.632425071521976079e-02
-8.237121429832079678e-03
-2.241197185881674530e-03
-2.879607126931380077e-03
-1.202791717134798870e-02
6.212732229847158644e-02
4.054484036460049949e-03
3.917010408905489613e-03
2.399447840315092548e-03
-3.767375448054484030e-04
-1.610966678604465073e-03
-4.182567727277083599e-04
-1.848149911489404412e-02
6.119608631811091631e-03
-9.231122892720993942e-03
-1.024985308579541218e-03
1.723696509351139300e-02
-3.916031856527402329e-03
-8.696515209491228549e-04
-8.967303377048164645e-04
-4.740526648458925560e-03
3.436997370957752262e-01
-1.362225790213408318e-02
1.367853410831554664e-02
-1.990591385790005663e-01
4.405347588665822073e-02
9.626261016379479910e-03
8.318574862546543325e-03
4.431061280582046513e-02
-3.544996741286680214e-02
-3.141626953109551840e-02
4.019030104555212403e-03
-7.362633465718324000e-02
2.235742808056015787e-02
4.902424480189418454e-03
4.348993711497434536e-03
2.009936270307056266e-02
2.497453613779367781e-02
4.559405146543917372e-05
-1.762304088607237343e-03
1.186019703833103659e-05
-8.412987638014593440e-04
-6.739612945686209540e-04
-4.928337586637737602e-04
-3.629269845235197009e-03
-3.397948946289679022e-03
4.668464933269144898e-03
-6.179166670750025877e-04
1.203377778189928041e-02
4.786617055691624878e-02
2.043255997825731488e-02
2.468927937401843575e-02
8.168870959495540263e-02
-1.020302429680078060e-01
-2.609292227610926496e-02
-1.836444437294872415e-03
-3.754666742250226813e-03
-6.452099184629912498e-01
-2.896381016754194793e-01
-3.897362565473132534e-01
-1.124132332959208558e+00
2.626882883299637775e-02
2.504905700549395816e-03
-1.000841423933354485e-01
1.444127622658233134e+00
8.997852634580276107e-03
3.431233128486324124e-03
-1.358110569007620061e-02
2.048114646239957704e-01
7.632996776827297332e-03
3.478561412788869298e-03
-3.232202094475931237e-02
5.163774808328902566e-01
3.697156706075586247e-02
1.473002215201103110e-02
-2.628088141127468136e-01
4.300475330623350523e+00
-1.239312167069867368e-02
4.569814947875891660e-03
-1.231492498313917737e-03
2.025031815840717953e-02
-4.045347355069934744e-03
-5.293075936918130702e-04
-7.823812033737190860e-04
-5.280587237452893067e-03
3.653502257874761128e-01
-1.026445408844134941e-03
1.758367800106232573e-02
-2.853669615127381043e-01
3.351262238631099594e-02
6.474398534718523064e-03
3.516693919800225557e-03
1.477681007540067662e-02
-9.762001943724912855e-04
-1.826222403602565519e-02
-1.675301284655874310e-03
3.088128256169407615e-02
3.992172125894164446e-03
-1.621520989427376177e-03
8.279040992069875348e-04
1.275061851910665525e-02
7.426660614474559635e-03
-2.198294234686011398e-04
4.927916678453247426e-04
-8.592888907364058804e-03
-2.255366241777906344e-01
3.359013073918019204e-02
-1.333955557551346101e-02
2.312533336473620860e-01
-2.746914697013915808e-03
7.731732601449350234e-03
2.658663364446067420e-03
1.800920976350285901e-03
6.178402536201310288e-03
1.200370680879458366e-03
4.081122565826192372e-02
5.221611303966778965e-03
-1.933848047072541931e-01
8.888527467558857142e-02
-1.596973996060916529e-02
2.609367472856019554e-01
-1.983839411829390297e-03
-5.624441359336695371e-04
-3.103546681416302286e-04
-1.111777751434692672e-03
7.567437707950853965e-02
-3.000427087984421440e-02
6.862183148219480090e-03
-1.125654486061199444e-01
9.929427236421400470e-04
1.881396410400974241e-04
2.225995228619449037e-04
1.470024204765390521e-03
-1.471815045818133764e-02
6.663206781883410090e-03
-1.224361111200655654e-03
2.011022222291897546e-02
2.465470207938992575e-01
-1.085574388809211061e-01
2.055288888813721834e-02
-3.365546666408447130e-01
2.713183684334408239e-03
1.920582731754919351e-03
6.973803700779713545e-04
2.969743583476228761e-04
6.501415536703689059e-04
2.619031160015058350e-04
2.290628892023330917e-03
-7.985867398043650133e-04
1.853073712026306330e-01
-3.041405005999339162e-01
2.325062939040839147e-03
6.799334218203705038e-02
1.887842880868893921e-03
-8.766231138160573673e-04
1.971155820581004664e-03
1.860706619583001042e-02
-8.921374245603572728e-01
-2.786722580383643177e-01
-7.318911668030422812e-02
1.089721819426956895e+00
3.082963154141213011e-02
3.938433200880277554e-03
3.835530715234822512e-03
4.722882603322457393e-03
-4.677287763924242031e-03
-2.057241900361839182e-02
-1.267416665214980264e-03
2.937955553285493890e-02
-1.460393827759075835e-01
3.144764154531310418e-01
6.410666646841590467e-03
-2.329031108036907216e-01
-4.520730003353381349e-02
-6.301250639170441481e-02
-7.798401043167588371e-03
-7.006895767717865806e-03
-7.146064001844859917e-03
-4.301340264885011345e-03
-3.062607305016464693e-02
-1.085963017317042104e-02
1.429556822550148487e+00
-1.273152472756416742e+00
1.112834403992984666e-01
-1.927309859046444585e+00
3.179499425696704490e-02
7.979927062632364079e-03
5.447058660014735855e-03
2.209445928008681170e-02
-1.043144563524504242e+00
1.456065472355428714e+00
-9.053717233516919705e-02
1.427960924811562116e+00
-1.287782604804406372e-02
2.386187786648968304e-03
4.149270745591963211e-03
3.285179197261619416e-02
1.428380818531023791e-02
2.810273253728775688e-03
-4.918847966057976652e-05
-4.884758963108701843e-04
1.133442362547307626e-03
1.379296481167418967e-03
4.965001233430149478e-03
3.478348980475517299e-02
1.117628877970702761e-01
-1.096859578491957143e-01
8.694791666427878485e-03
-1.519431111061358142e-01
-1.085718247875608750e-01
-1.116496089058539691e-02
-1.104632088526865362e-02
-5.478385572511720175e-02
-1.779258669191436493e+00
1.710746143520192497e+00
-1.406097777745065058e-01
2.442296888814593281e+00
1.700442085185418728e+00
1.973666163950803798e-01
1.854009895960274656e-01
9.454741817507410495e-01
2.981558533694068924e-02
-2.869772279961011873e-03
-1.259004385218562838e-01
2.174483371100331297e+00
3.433896782877826886e-03
-1.433667503444916412e-04
-3.446556529691547494e-02
5.787450447340277693e-01
4.175880214440703779e-03
-7.388770466858155667e-04
-1.800922674810442534e-02
3.177313938375470048e-01
2.766609243074920343e-02
9.678996417861176690e-03
-6.095534167595866026e-02
1.056820762573877026e+00
3.315927899698829784e-02
-1.436438900092043905e-02
-1.925833341394507774e-04
4.174222235897563638e-03
-8.639292841328935491e-02
-1.827682097323620955e-02
-6.797138890492899349e-03
1.017697778021381255e-01
-6.193220177057937731e-02
-1.544827644740742918e-03
1.228527986127893497e-02
2.576941715685155884e-02
3.199083333248858765e-03
-1.355527776400612672e-03
-2.826991811077549099e-02
3.820662910595296613e-01
-5.324444444135965904e-02
1.748533331271750688e-02
3.661448223590605400e-01
-4.754890088378005863e+00
-4.091743218461962872e-01
2.914996716650470887e-01
-1.866666500573340164e-04
-2.184533361279991648e-02
1.367070072271970194e+00
3.091443273920991830e-01
1.061991111354677469e-01
-1.605688889259819563e+00
6.557096007044784791e-01
-5.588701278258830646e-03
-2.125674093116255159e-01
-2.650104227976936566e-01
-4.101511111047314445e-02
2.540088886544603769e-02
4.712556647403327581e-01
-6.522424588882484997e+00
6.933617777387750536e-01
-3.418453329824963638e-01
-6.217640097188263937e+00
8.356528159510011733e+01
-1.027232626881925334e-02
-1.198644442945896553e-02
3.193562111597669090e-02
-7.375464193154968560e-03
1.767613124788817644e-02
-1.333361594800728800e-01
-5.493103697813260348e-03
-2.809039247991544554e-03
4.692759912443650815e-04
-1.071839278783510811e-03
-4.610257389985434121e-03
9.144668873650352303e-02
-8.646264881537243235e-03
-1.763954988223348508e-03
-1.316151464472187487e-03
-5.313291014494612259e-04
-2.898840120549092333e-02
4.660761811154501832e-01
-5.333867148029292071e-02
-9.270387692252860662e-03
-2.147064568632209638e-02
-7.421364151040032650e-04
-2.619654621779082815e-01
4.126740391116398676e+00
-3.342152019831608895e-02
-2.723079830747326610e-03
4.953732201064773308e-04
8.100499318416754056e-04
6.283999487904153025e-03
1.825529938588208887e-03
2.806635722683588460e-04
-8.032561112271992612e-03
9.239727390737025869e-01
-2.142401019574845800e-01
2.366702665991262181e-02
-9.608104715418337438e-01
-1.786360490996438399e-01
6.907553998522168726e-02
9.327215785985063304e-03
2.010668606864881858e-01
-3.342480397488546973e-01
7.920273019023071903e-02
-1.547850691112470124e-02
3.515336001693332157e-01
9.363213663000877207e-02
-5.756018680863703857e-04
1.225985142997123960e-02
2.043867484423713202e-02
1.784809645887197316e-01
-4.052143639238410533e-02
1.369104824763094259e-02
-1.947844143897381475e-01
-2.496657167481666217e+00
6.360508640704158889e-01
-1.947452832361039055e-01
2.874899824283476679e+00
9.413893224223980616e-02
9.752333746412950727e-03
-7.794550309308851885e-03
-4.348307876554742026e-03
5.930390661974126350e-03
7.763012342864153426e-03
-3.349563813569087639e-02
3.616789065871760245e-02
-1.039925253963863483e+00
2.298105498149535242e-01
-6.867409664472144681e-02
1.153976151611017187e+00
-6.435018459535621349e-02
-1.535767906390010304e-02
-1.454243845983369844e-02
-9.887246046856890125e-02
3.661865860812137941e-01
-1.226393950080540973e-01
2.747062267433587543e-02
-4.596334149943289149e-01
2.454865173464937725e-02
5.047323852913435452e-03
6.374102445456100371e-03
4.233215838676491344e-02
-5.090848545475615966e-02
1.909200935592688178e-02
-4.000401636444085585e-03
6.446164308931451314e-02
8.456604856163659756e-01
-3.089193740114438147e-01
6.466577941823006825e-02
-1.055405420151576568e+00
-3.092489985767340500e-03
-4.570943276534370110e-03
-1.709525551600501103e-03
-2.800176368126600307e-05
-1.434288885765386745e-03
2.143270179229146677e-04
-6.384176773363719505e-03
-8.924058323150274238e-03
4.853312634135390269e+00
1.481159544234080493e-02
3.857665656031166734e-01
-4.597498149553714164e+00
6.672083931395299261e-02
-1.083919879627808988e-03
-1.079789983929863202e-02
-8.093174372233552516e-02
-3.271917182018679426e+00
1.080004529518664658e+00
-2.836068610962305114e-01
4.122858441205469404e+00
-6.870685258245293192e-02
-5.648715920386487843e-03
-4.533087029995541521e-03
1.049427463005324010e-02
2.036446413033445868e-01
-4.008090172497637965e-02
1.566245163710034902e-02
-2.408704241326696249e-01
-3.250790942134396122e+00
5.782292145710395959e-01
-2.655389445523158032e-01
4.088072548184174870e+00
-4.768119587681382554e-02
-4.937105161396362907e-02
-9.319600776911617437e-03
-9.074325659321823973e-03
-1.216487725951907219e-02
-4.496323517688777249e-03
-5.716192635431666808e-02
2.599909978803505856e-02
1.088228613812047274e-01
-2.414730065313547280e-02
3.524447753071521111e-02
-7.505470134466886156e-01
1.240226152650051594e-01
-3.760850681988269634e-02
1.161726963467024989e-02
6.469741304779337392e-03
6.780566184689741371e-01
-4.355195508449347108e-01
5.180741831519598828e-02
-7.890407700833814708e-01
3.208410111487753485e-02
9.944147866502722408e-03
6.212168077970233251e-03
1.429873434277779791e-02
1.136554413074832535e-02
2.782284311653226636e-02
1.788774079183369200e-03
-2.989291565319830354e-02
-8.903810176263093901e-02
-4.463614049492830582e-01
-1.596126490939902415e-02
2.887501930041299625e-01
2.375255347028530986e-02
1.717100519565099154e-02
2.133649131057132210e-03
4.416620851923539723e-05
-6.220500929792249821e-04
2.092037577685734902e-03
-1.693709453794300240e-02
1.021820463365260764e-02
4.268042197398306259e-01
5.745211016826724804e-02
2.844380590534379208e-02
-2.889232148090940533e-01
-2.168201785195265074e-01
7.412684067586147729e-02
-1.657564818560439829e-02
2.352138767797128105e-01
5.826806495881665070e-03
1.992734891532823172e-03
-7.961225058498852536e-02
-3.656713068063331684e-02
-4.169595060703420231e+00
-1.161447996902073676e+00
-2.917898987709599545e-01
2.633536141316313195e+00
3.095224837013244468e+00
-9.587617522519047419e-01
2.520939456996276751e-01
-3.636238807415432372e+00
-5.706967876391221689e-02
-4.877119715576115622e-02
6.818345697570359354e-01
8.762968804974634596e-01
4.737348062639398782e-01
2.193221480418621749e-01
-6.910933753617622133e-02
-2.642404308873503097e-02
-3.245982788261490143e-02
-2.597335631121375568e-02
9.584405676082246011e-04
3.328302707503091699e-03
3.912147246374944598e-02
3.113684093137629796e-03
-7.527391742383189241e-03
-8.517010231161934852e-04
-1.445118904867295946e-02
-9.607344080238948425e-02
2.640482014765387683e-03
-2.971864198399719673e-03
2.276195332945829541e-01
-7.594447045007228503e-02
1.417415659233385757e-02
-2.662584714868555524e-01
-5.562608806034149284e-03
-9.482400650158019206e-04
5.403979086464200110e-04
7.410670272154606421e-03
-1.181227853585629511e-01
3.109060391846211677e-02
-7.942366383387402737e-03
1.327858514543006074e-01
-9.737721276713646318e-03
-1.932460866835396642e-03
-1.439939906850832381e-03
-2.700253843818884781e-04
2.179929477064203661e-02
-8.439841714870936762e-03
1.567784047710624098e-03
-2.785652839251963331e-02
-3.090901482210449136e-01
1.143337803200174391e-01
-2.141355346371408980e-02
3.848915082817525035e-01
-3.035932624959876251e-03
2.829916879420695582e-03
-8.259956061698467888e-04
9.671712584594536685e-04
4.535485979758762417e-04
4.974065223410077284e-04
7.950216050700589093e-03
2.519608990169443837e-03
-2.805845907126268690e-01
-5.635473075100932983e-01
-1.063000230274108865e-01
1.361792099964239444e+00
-2.148215932606454548e-01
-2.725774649896113306e-03
-2.392087443897885149e-02
-2.011193443981869680e-02
-2.351623411346855708e+00
7.875113500443929881e-01
-1.809527974541196294e-01
2.642420664596800250e+00
-4.256331435476993358e-02
-7.317614672761341491e-03
-6.256040182163718176e-03
-5.930127479295190657e-02
6.334839912988160515e-02
-5.722076433966546971e-02
-3.112547620118884424e-03
4.630913608658826508e-02
-6.250516074920848819e-01
7.218981837573879012e-01
6.129042480739905346e-02
-9.650066892964698217e-01
1.933544742345714648e-02
-7.888742959615964445e-02
3.793470690130061238e-04
-1.187782749548355228e-02
-1.977542800061635100e-03
-7.338587815481156275e-03
-3.006575574553333949e-02
-3.617683343520253225e-02
6.566118938495135726e-01
6.359391236883071841e-01
6.623456883017329877e-02
-1.316303769606519847e+00
-1.163715541909425971e-01
-1.337523407215433432e-02
-1.989593327986926077e-02
-7.026254176846578881e-02
8.618266805374100725e-01
-5.921402300087388326e-01
6.723544957321311855e-02
-9.363588868780700070e-01
4.956482001091861572e-02
1.444919445733620737e-02
1.155004977524652296e-02
6.339532367797987011e-02
6.220146084052109725e-02
4.213427314932507300e-02
8.040644040746234081e-03
-1.407233572529076604e-01
-1.268115360908282030e+00
-6.071633537510694456e-01
-1.429895256016424365e-01
2.519343184054442464e+00
-1.277163093763765064e-02
2.390399399465964816e-02
-1.821691990967480774e-04
1.141549212065708259e-03
-2.829801986875988759e-03
2.689148439407497079e-03
-2.652457158899079390e-02
1.247269248903815422e-02
9.249345963267897874e-02
-5.804358875162710096e-02
-9.581403569603255677e-04
1.454065859140335742e-03
-1.980512716914214211e-01
5.771997518465224464e-02
-1.436717731251751715e-02
2.065984335658594129e-01
1.040423065035104601e-02
-4.064674419731332047e-03
-1.536096780462033184e-01
5.716373645819460003e-02
-1.376969404341781944e+00
1.049605837216735171e+00
-6.989781123902017584e-03
2.156735521967856339e-01
3.265973700521986878e+00
-1.045791084834783558e+00
2.471861303292373635e-01
-3.590563513762804693e+00
-1.385095228155210356e-01
7.182967679568831587e-02
1.993558920876011831e+00
-1.030479415257444353e+00
-4.678835361032240847e-02
-3.076819251970422733e-02
2.165237976550139342e-03
3.547437620588233392e-02
5.540828880849601838e-03
-3.749967291701002646e-03
-4.198062550399591156e-03
5.121732646838961234e-03
-5.854053200689525449e-03
-1.135191317729211322e-02
-5.685581800332429984e-03
-2.068123110651588856e-03
-3.291986701233218845e-03
-4.913173588851907359e-02
-3.273625264534032325e-02
-4.389307856090784998e-02
-7.856788202568277812e-01
6.941963880207665527e-01
-8.955117428646945654e-02
1.525112476849965537e+00
1.474976756793700342e-02
4.096020615860288677e-03
3.070134982440306595e-03
3.137821344524806266e-02
1.109328640306956604e-01
2.855834822130694506e-01
2.385814949514844518e-02
-3.538978258986291148e-01
1.610291555428287153e-03
8.410429793525106166e-04
-1.781441337704214644e-05
3.378271752015873149e-03
-1.360768735922890105e-01
8.324109114083139138e-02
-1.335779502139869054e-02
2.258259886144111661e-01
2.128381665789861987e+00
-1.273003637797104570e+00
2.027656643975460360e-01
-3.434924785607133213e+00
-1.073922933916631184e-01
-1.229054659810241770e-02
-1.906985730960933031e-02
-7.014026030051349241e-04
-2.055340459189633484e-02
-1.358149488062958981e-04
-1.136268610830480225e-01
3.180822365158467516e-03
1.836692574430474623e-01
-2.167289315903509483e-01
3.084634976526475988e-02
-4.701773470037657332e-01
-1.468421517947894085e-02
-1.916021840286801468e-03
-3.231939582358946735e-03
-1.227534959905921506e-02
6.276137078906801614e-01
-4.582280141072566648e-01
4.150727547172953363e-02
-6.847696270472404256e-01
-3.900378676092717753e-03
-3.274169180346419607e-03
-4.177881339695458870e-03
-5.169623428441937757e-02
3.942723016561785337e-02
-3.362169441371947592e-02
4.959970733753673450e-03
-7.745557549812848164e-02
-6.576049226161808647e-01
4.799199687367723399e-01
-7.628620186741112696e-02
1.196203041514012133e+00
3.665522520332825662e-02
1.320425346557724776e-02
1.024961805223572990e-02
-3.432553672540052808e-03
7.133500533882722837e-03
-1.075440826647734195e-03
4.934376016388211661e-02
-1.055456331518404497e-02
1.202827367962875510e-01
-3.983268538842779302e-03
4.716761551601359945e-03
-7.685967435719409657e-02
-6.307780715120489545e-02
5.235678102074328016e-02
-2.863025951692254895e-03
5.279113636925360925e-02
5.771312010277447092e-03
1.368844865990542867e-03
-8.585918693179610262e-02
-2.058865862119802284e-02
-1.811088493389342524e+00
1.025570534475696988e-01
-7.266738176219444956e-02
1.198899435911484845e+00
1.071743054937791539e+00
-8.224947089506832176e-01
5.065992174006329896e-02
-9.301256701133649996e-01
-8.659768431959204149e-02
-1.905538012391265468e-02
1.274936676863686946e+00
2.846722272093866191e-01
-1.573891749426020161e-03
2.463230921665224282e-02
2.134550906715803123e-02
-2.079607752436174115e-02
2.459630090354772577e-04
5.664208773153437326e-04
-1.153466932193030359e-03
-1.769007149819676805e-03
5.741433978770324768e-04
-1.350792373376487462e-03
-1.972592833752383982e-03
1.094989240908842857e-04
-1.879356373071828720e-02
4.136754025757936881e-03
-9.662705265874314484e-03
-2.291191299014092280e-03
-4.530179012603735345e+00
-3.141138488375291260e+01
-4.213925183470051405e-01
5.637160223734750453e+00
-1.453771716050996088e-01
8.773584656925625946e-03
-6.060768810154946833e-03
-2.918615011058017794e-02
-5.522432894892487809e+01
3.013167620582563444e+01
-4.413177142478406978e+00
7.136405351863558622e+01
-1.730644777417267646e-02
-2.013674505533240993e-04
1.559046903383652302e-03
4.182730754848681259e-02
2.309193170517981342e-01
-3.399004706892073013e+00
1.770039134154358096e-02
-2.848933580455412784e-01
-4.104115134400663223e+00
4.580943217078351637e+01
-2.829654274781800982e-01
4.607688925329885166e+00
6.111087610255648561e-02
7.792205724072219508e-02
1.520012163014736011e-02
9.436090206817827897e-03
1.808883350271812962e-02
4.200224416789276501e-03
1.094161538124040073e-01
1.472607534327158296e-02
-7.361387627985294113e-01
8.990563395256740975e+00
-1.403026988674903885e-01
-7.199119806854975545e-01
3.571965952201562600e-02
4.613662880647555024e-03
2.417145079558982983e-03
-3.913835949887641691e-03
1.803635715395857275e+01
-7.570914864053428062e+00
1.553367949972012774e+00
-2.210558911727706644e+01
1.497821105871727676e+00
4.277522084690968396e-01
3.691289729560889299e-01
-3.902554116916080035e-02
-2.720424950588550828e-01
1.106477872390283723e+00
-2.436600732304201530e-02
1.815996080284848491e-01
2.249907437611703198e+00
-1.307447555743821965e+01
2.696545675588635782e-01
-2.364453819304026261e-01
-9.260297272318646078e-02
-4.244782998494784909e-01
-1.719853369360924492e-02
1.342461159043144107e-02
-1.185623741861334228e-02
1.617427760568954098e-01
-2.270900111817481665e-02
1.580926137924422437e-01
-2.409839386508131620e-01
-3.603847756561258109e+00
-2.210105491595426921e-02
3.456472655952981254e-01
-6.088534922952680617e+00
3.541138974111576410e+00
-4.837898754639469168e-01
7.882817809172876444e+00
7.516765544264621124e-03
-3.612319938950526721e-01
-1.354640018057541306e-01
5.033030636467601404e+00
3.784087517501740550e+00
4.635407161437235857e+01
3.534944726730930853e-01
-5.546876909447113313e+00
7.822358981904375241e+01
-4.391919322422688055e+01
6.234215745670841358e+00
-1.008702109976979102e+02
-9.264441608869526668e-02
4.792066215938674212e+00
1.725601526432919641e+00
-6.500556932002923816e+01
9.805178633537113553e-02
-3.970344525008786402e-02
2.938127829442127407e-03
5.642745054730805565e-01
1.435010716693927053e-02
2.466251772778164410e-03
-3.791935005603608473e-04
2.213753296668210802e-01
1.589907826922094120e-02
1.403099990973991767e-03
-2.725153082372452733e-03
2.992813851275212267e-01
7.063221230003098594e-02
1.495189507374409263e-03
-9.886208798696035152e-03
8.118944408952459835e-01
2.792328756298990022e+00
5.188929340755459307e+00
5.091780404816562133e-02
-5.616860019954733829e+00
1.241904549408672908e-03
2.495465232800915881e-02
1.382885704524415039e-02
9.408607236339522339e-02
2.425257524307599866e+01
-1.010565565685069878e+01
2.114676906654342492e+00
-3.017594293349928947e+01
1.683667516163446676e+00
1.139752884628309065e-01
2.358511303090915223e-01
5.163595668498331681e-02
1.112628848419145167e-01
7.268850391967480729e-01
-1.818425799394017024e-05
-3.247711204730224788e-01
-1.234715988499285322e+00
-8.335237633881243724e+00
1.254828152412722775e-01
4.406547613873193825e+00
5.099922236045158902e-02
-1.285349319458378714e+00
7.015740020592743133e-03
-1.532878815714817655e-01
9.955595020390475142e-03
-1.429272962999866003e-01
6.815431468251195724e-02
-7.425771534625070780e-01
6.876615849050664586e-01
-4.733176784239693236e-01
2.832464767866661459e-01
7.363689462974348787e-01
1.918535568054430263e+00
2.298860320470746399e-01
3.338959172156139577e-01
6.117860165860014021e-01
-1.178383316030179095e+01
3.220096490409909862e+00
-1.189632392616223333e+00
1.414488739145079954e+01
-2.820318880434398157e+00
-2.638642578643375369e-01
-4.499758623270138647e-01
-2.103211279632071495e-01
-2.782688276271626515e-01
1.356600921960600913e-02
2.841574687475355212e-03
5.146531618109904602e-03
4.161693803192529142e-03
2.309768345762686081e-03
6.405532996383844595e-03
1.179875368299665439e-02
1.842347359155815101e-01
-1.997169935686056441e-01
3.042449024792001980e-02
-8.107412153646388620e-02
1.724632614807466713e-01
2.074628319030117143e-02
2.842969566023747022e-02
4.665913034300871176e-02
-8.577735292471241335e-01
9.256067237050803476e-01
-3.499705612040304170e-01
-1.272865430838437728e+00
-2.611227844365302087e+00
-3.124137832935565684e-01
-4.486008565893429001e-01
-8.349267353758909049e-01
4.818839978438946292e-01
4.871055302429014300e-01
5.378787646782732385e-02
-6.765342682984474276e-01
2.425069922625170543e-02
4.883022893335180192e-02
2.709330243848155021e-03
-3.603571419928668779e-02
9.574914399623329908e-02
-6.200969045953856618e-02
7.682367042801608453e-03
-1.294766300845288931e-01
-6.008000455271363949e-01
4.640225530517895214e-01
-5.583614265660384601e-02
7.633715369163979192e-01
-1.869954722775191702e-01
9.931568890698829755e-01
-2.803594791725740401e-02
3.593038070714555526e-02
2.800898087126234337e+00
-1.331675166167670232e+00
2.377390264577922685e-01
-3.521397325610682749e+00
1.513720789340202988e-01
1.237220377796576995e-02
2.119448948607895178e-02
6.433172410167569202e-03
-2.485910445831367860e-02
1.084336250480061603e-01
-2.486962227191730386e-03
1.286210849436650316e-02
3.499955497461483267e-01
-1.418475649725983390e+00
4.244337448590800033e-02
-1.481635277715976085e-01
-4.721387663926445710e-01
-1.011066116147359928e+01
1.720003688421518628e-01
3.930039908750273092e+00
-3.581902309335582402e+01
1.580886253892581550e+01
-3.081829627708243091e+00
4.450961146507067667e+01
-2.308264166665049189e+00
-1.743986504556410966e-01
-3.279360001076808140e-01
-1.411991036600695471e-01
3.928489762750144582e-02
-1.209365281970250505e+00
1.078266128048123093e-02
2.618326401231866329e-01
-6.838009346916305020e-01
1.469632921146377846e+01
-2.905975139162280119e-01
-3.953968657862187097e+00
-1.424186363954278722e-01
-1.645167867868005063e+00
-6.106780059321372800e-01
7.607139447279234190e-01
-4.808206148938311969e-02
8.363653587857424743e-01
-1.405859593748320750e-02
-4.367022726909952635e-01
-2.087053970634004385e-01
1.781501450753051607e-01
-1.788559468367721325e-02
2.915254909105699510e-01
-9.521969737133026412e-03
-2.429608210218587305e-01
-4.160099754248502285e-02
-8.638159294723104066e-05
-4.057107677673915148e-03
7.314916899847792586e-02
8.660959316415221473e-03
-8.381653764464448431e-01
1.452044574158736223e-01
-8.145050105451458189e-02
4.437468053891918673e-03
-1.215071517994312233e-01
-4.968246120682891509e-01
-2.223444403896443600e+00
-2.906722540130659074e-02
3.894147864929690117e-01
-3.787500841348071745e+00
2.090035357214676814e+00
-3.049470316548562043e-01
4.915921581875887902e+00
-7.034489178088552258e-03
-2.517527132851216098e-01
1.023830293242365130e-01
3.208406288645019977e+00
-6.913970740729368653e-03
6.239115791283372792e-01
-1.128265489111694025e-02
-7.101155433827285868e-02
1.092776717537513820e+00
-4.453368572548049298e-01
9.737403621248154340e-02
-1.307929261269659360e+00
1.122607732169341038e-01
3.400043968025884961e-02
2.831989999312591044e-02
-1.573890340990361653e-02
-1.881505633918397966e-02
8.527824972894747224e-02
-1.894098266429471459e-03
1.316063861479872810e-02
2.350707730588991184e-02
-9.215827969141751064e-01
1.188996230581846822e-02
1.485802819140673581e-01
-1.167671098688969310e-02
-2.761174040148437481e-01
-4.479369678315490710e-01
2.628344695940971754e-01
-3.561879636928128728e-02
5.811577894529160737e-01
1.478678459648340993e-01
3.431255168416751378e+00
5.554417433709816443e+00
-3.142616888876329284e+00
4.442063440764452698e-01
-7.170109465425094086e+00
6.904164473323272766e+00
4.045148366429889819e+01
4.340947116846942677e-01
-5.867948287521814521e+00
6.866514990575480226e+01
-3.678055187969113859e+01
5.514037739038666786e+00
-8.938510219962282122e+01
9.347497338007673684e-02
4.304121771091338644e+00
-1.315230936106238868e+00
-5.706534770525108513e+01
8.716274701985032847e-02
-9.972575671679873466e+00
1.764238043842951409e-01
1.123696805792248510e+00
-2.061728203851279773e+01
7.710878630001658962e+00
-1.796564276885977085e+00
2.516057107053950048e+01
-1.878229176346905449e+00
-5.530601604400380289e-01
-4.720823994530184420e-01
1.656633325116727562e-01
1.745950217058283849e-01
-1.259801691591877049e+00
2.045988081626474303e-02
-5.605937896044475843e-02
2.478473442521592629e-01
1.396900276029431609e+01
-1.486322946653240440e-01
-2.951165074260737597e+00
1.560300628940529954e-01
4.781180745276969901e+00
7.834499322430120039e+00
-4.488276479442645517e+00
6.246637226321879455e-01
-1.020095697198166640e+01
-1.895752973227869509e+00
-6.141324618316768635e+01
-9.970395949615236475e+01
5.478307163541238367e+01
-7.972864973711691228e+00
1.292591510764849545e+02
-1.363116758449251786e-01
-3.973877569905844703e-02
-5.827929083580514827e-03
-1.084080364577059141e+00
3.934161944192510890e-03
5.122215174717185265e-02
-1.475248181288050464e+00
1.119581735555861046e+00
-1.170543584764762307e-01
1.917316059459451383e+00
2.560106111835264934e-03
2.499794754497626850e-02
5.542814656047086522e-03
-1.553352201766860508e-01
4.978108549518068388e-03
-7.354303407572373996e-02
3.779747973606525989e-04
7.214771593568074237e-02
-1.151298307944695820e-03
2.685918355594871503e-03
-9.893472449995579371e-03
1.995416916869251212e-02
6.471607904556617857e-03
-3.871799302905541418e-01
2.749130952494261218e-03
-3.543433132957544140e-01
-3.593197456364782827e-01
4.784102873221106056e-01
-2.845379346524994080e-02
4.750491648052168059e-01
1.218583488351628746e-02
1.084221415174140696e-01
4.756995675821945602e-02
-3.235368943995819091e+00
2.179178847349290404e-02
-3.102133713979660534e+00
-3.128100603011371383e+00
3.973841125594998580e+00
-2.605980332290689927e-01
4.157285193020472391e+00
