1.001602564102564941e+02
1.001602564102563235e+02
-2.198141678713797509e-14
4.509965945512784735e+00
1.277493990384594547e+00
1.001602564102563520e+02
-2.055602956087822755e-14
1.001602564102565509e+02
8.084376697241670177e-15
-4.780956221804116389e-15
1.633668962358851059e-15
-2.096228966346153300e+00
-5.066731770833328596e+00
1.001602564102563662e+02
-2.823618281788550638e-14
1.001602564102563804e+02
1.186805751610259825e-14
-1.021772884341480836e-14
-6.271044420307432730e-15
1.001602564102563946e+02
1.360892166160722991e-14
1.202240774802176016e-14
-1.987978930693318457e-14
1.001602564102564372e+02
1.469519133260600577e-15
-9.285837031946967857e-15
-2.975041641682663051e-14
1.736370450498682532e-14
-1.413643306083267924e-14
-1.616534544672318136e-14
4.937008292976904481e-14
3.558193108972505792e-02
-1.526692708333604320e-01
3.421724759615382805e+00
-4.518426983173079492e+01
1.648222155448718951e+01
-3.133280749198716464e+01
4.757361778846153300e+00
3.154271834935916896e+00
3.947866586538441691e+00
-4.500939002403842437e+01
-1.692708333332700044e-02
-4.149138621793094228e-02
1.576652644230769340e+02
2.439062499999997158e+01
-3.930055588942306599e+01
-8.007900140224361252e+00
1.264480669070515084e+01
3.029559795673092637e+00
3.349984975961339817e-01
9.987417367788523626e-01
5.991085737179487225e+00
-4.187179487179486870e+01
-3.380158253205103325e-01
-3.759640424679232540e-01
1.723798076923078071e+01
-3.024699519230770761e+01
-6.760817307788938128e-04
-3.804837740386163292e-02
4.041967147435896024e+00
2.968724959935904018e+00
1.314603365384635347e-01
9.038211137820933994e-02
6.780048076923106848e+00
-4.159019431089743790e+01
-3.021083733974312957e-01
-4.118714943910329884e-01
-1.541967147435905905e-01
-7.599659455129434416e-02
2.293669871793969570e-02
9.731820913462055356e-02
1.751889022435897232e+02
3.325565905448715398e+01
-8.952824519230452305e-01
-5.426682692307814859e-01
-4.432176482371797022e+01
-9.019030448717941795e+00
1.225085136217917980e-01
-2.216859475159976556e-01
1.797135416666665009e+01
5.678235176282059982e+00
-2.001577524038521128e-01
7.523913261217314574e-02
-8.934545272435715502e-01
3.750500801282288243e-01
2.801670172275666504e-01
8.748372395808853494e-03
-1.727824519230771116e+01
-4.795923477564194015e-01
