-1.748795381926862014e-01
1.507010416942582698e-01
3.935947974897274423e-03
-4.243430750556241859e-01
2.265365758506317495e-01
7.770365132402125286e-02
7.800361114438907062e-02
-5.264602713845165649e-01
2.458543528153684099e-01
-5.357288102698034432e-02
9.096923594150922721e-02
-6.652865687442830467e-01
2.443272664967987284e-01
-4.150134030138172281e-02
6.705911608399620083e-02
-4.723110003332298690e-01
1.927762371954229448e-01
1.744904911951582482e-01
-3.586938183452794641e-03
2.520504702809073239e-02
2.468771738512093028e-01
8.648836270282610206e-02
1.300964051395054610e-01
1.455827913662164630e-01
1.242278278810065029e-01
4.982516055808798583e-02
-2.408961407911312802e-02
-1.923364934831109374e-02
4.861171382923658996e-02
1.068452376706751222e-01
-1.218630689487935903e-02
7.914635756782726923e-04
6.715032765887317401e-02
2.458364888261815526e-02
-5.622873071127603177e-04
-6.676826124885880571e-03
1.643665049851546212e-02
-3.375600436690214812e-01
-1.706127408493718703e-02
3.042534542399031889e-03
-1.774867294433195020e-01
-7.466514451404697092e-03
-1.449693349102640708e-02
-3.307854848496848826e-02
-7.472326707675060187e-02
-5.140504511186496511e-02
-3.571553139484760081e-02
2.029392716595465780e-03
-9.379841859666056270e-02
-2.449912048663939468e-02
-2.368313996399136825e-02
-5.337082037706389337e-02
-6.443331742899119363e-02
-2.150271650259409292e-02
-8.079756119055626906e-02
5.328286501457695640e-02
-2.167683106986790023e-02
7.401552394564434034e-02
-2.345255442772164745e-01
-6.609799977722005671e-02
-2.965056055520621722e-02
-5.521448730275900496e-03
-3.967156318337666798e-02
6.815932713972429335e-02
-4.947420961908604101e-03
-1.430519289507315578e-02
3.294277423172491392e-01
2.140999276143633681e-02
-6.329600967462936656e-02
-1.341679851791748599e-03
-6.033030607861750508e-03
1.073422113121143967e-01
-6.364288196323625822e-03
-1.135298424714741320e-03
3.987404413461305940e-03
6.524959973032469149e-03
1.038227280619394332e-03
5.510371688844536986e-02
6.991367923755522629e-01
5.202832787142834814e-01
8.750130916676968074e-02
-3.228090575379278793e-01
5.217399341506965271e-01
4.124143988906491809e-01
5.302530733509521615e-02
-4.282821913959406618e-02
-1.135619823416865876e-01
-6.208325889935525921e-02
-2.628104566973053433e-02
-9.867271964757931904e-03
5.477711170858104439e-02
9.507870008309735055e-02
8.296861310586873053e-03
-9.018570505710960796e-04
-8.607926668431615733e-03
-2.260462870725688574e-03
-2.974862875904067151e-03
1.778897780231864650e-02
5.652115390062059652e-02
2.237416373573368478e-02
1.539334536193186220e-02
1.398835224288189905e-01
-4.267014072180907482e-03
-7.413445940160256348e-03
1.190872767071520788e-01
-2.314059418512140823e-02
-1.554732243891535255e-02
4.430986244350990089e-02
1.103222034842753080e-01
2.497842844789898570e-02
1.004520251386420149e-01
5.522567708594391389e-01
2.972313703720919631e-01
-1.236244175534344236e-02
-2.592800646399815584e-02
-1.871941107959608219e-01
-1.542113420792918521e-01
8.626389332507906557e-03
-2.735351800992670643e-03
-8.997074687979429719e-02
-4.911323318889337930e-02
-4.596509166418649706e-02
-3.842296568272602492e-02
-1.350431308428151102e-02
-4.327754466530633198e-03
8.588581834174848634e-03
3.151504983674913076e-03
-1.837970868075779196e-01
6.923186580710560811e-03
5.921437775282903382e-02
-8.499511359624305554e-03
-5.638709244317494096e-02
-3.014351078380946014e-02
-6.232856203584769429e-04
3.372527479640821668e-02
2.282243755562229220e-02
1.748270672167867004e-04
8.240346495752153043e-04
-2.272582359572861057e-03
1.035154336162342689e-03
1.546736320643451665e-02
1.513123868870516232e-02
9.515435890385693166e-03
5.470550082034788056e-03
3.710741554877957857e-03
9.350740578702379383e-04
-6.238016689258298747e-04
4.582636224607740567e-03
-1.095142895610933670e-02
-4.462896197639567436e-02
1.083241867498547367e-02
1.626530661852121640e-01
2.381070262832424636e-02
9.878204350509064285e-03
1.261283384302175903e-01
3.874832960242473034e-01
1.013855392672880634e-02
7.182692209890476596e-03
-8.726189897337550266e-03
-1.803411273995164654e-01
-2.848027205974391993e-03
-1.361002485173447574e-01
-1.596754477788736581e-01
3.550500534119428730e-02
3.586401408237614719e-02
-4.212241415191498445e-02
-2.091037932089535867e-02
1.755102826359435444e-02
-5.418062702051786028e-03
3.307814026670835572e-02
8.928432425612718715e-02
1.518470887963413105e-02
-3.238285112678848058e-03
6.081182822628401242e-03
2.703205941419975500e-01
-9.115529930092233085e-03
8.781916275218303513e-04
-4.237805010006003709e-02
-1.637379723513560370e-01
5.485767065948677843e-03
-1.270611947593723590e-01
-1.986405542880151920e-01
-6.233711456416083166e-04
3.403808597224946414e-02
7.774093130306313632e-03
3.660512291830287507e-02
9.443902488652252888e-03
1.113485107573095392e-02
1.829517785937634020e-02
-1.407965683399284573e-01
-4.438383252691237985e-02
-3.722655903118034931e-02
-3.608765664632811454e-01
-3.638264803800379116e-03
-3.720519652630586115e-03
-2.438769056051460354e-02
-8.594517009525451043e-03
1.928448417294288675e-01
3.041535443013551263e-02
1.313081564063647323e-02
1.972032188122296026e-01
1.374768621457655993e-01
-1.903020230648243402e-03
3.346924469275884030e-03
8.965335636488436667e-04
-7.678054620789169504e-02
-2.067009787063827926e-04
-1.005819622002104702e-01
-1.625649627087106738e-02
2.048845894026783687e-02
2.129999358110608310e-02
-4.916753082535162828e-02
-2.543102864109664588e-02
4.211775679800677623e-03
1.173117149017618554e-03
1.057210296857941795e-02
-2.468681331573275017e-01
-1.231190369229839821e-02
5.426183734229613961e-03
-2.116564243615539354e-01
5.067196907684941298e-02
-5.143795323539864656e-03
-1.932003397848419332e-02
3.343015205399359896e-02
1.529610925701355151e-01
1.801193493900073855e-02
-9.139451546246244243e-03
1.850248634866384634e-01
1.224460337583326841e-01
6.157627426706579511e-03
1.724015759798492101e-03
-2.980607858464955073e-03
-4.538807612563486305e-02
-2.601226758801161981e-03
-8.930203184072373068e-02
-5.657295229218063659e-02
7.026785442047602318e-03
2.604193528363140178e-02
-2.237518180454619102e-02
-1.375035073027008545e-02
-1.443607601490423144e-02
1.123590387490991382e-03
7.597351355467994900e-03
2.883002425194713947e-01
-3.219088693231806492e-02
2.733927333208476321e-02
3.203572315278744309e-01
5.070058050192625121e-01
-2.760724943845825619e-02
1.170647778941239468e-02
6.377076349762672569e-02
2.852384196711336695e-01
3.651122121813264731e-02
2.259940664818150396e-02
5.209798040389252566e-02
-1.000830474106067930e-01
8.894695704769238834e-03
-9.664355681180344243e-03
-4.753331391187118338e-02
-8.165488755003477706e-02
-2.610754932678801231e-03
-2.070601153844258968e-01
3.755253072513602824e-03
-8.626424335906034135e-02
-2.004484487526298486e-01
4.717392648839120739e-02
3.049355531708552655e-02
6.498123374933593988e-02
5.727671326792544565e-02
-2.065503258471416623e-02
2.541656354481197991e-02
-9.982190204918466037e-03
5.887027669865019762e-03
4.346375182146625799e-02
3.983061676779207916e-02
3.099677371772406251e-02
-8.119130524916320923e-03
-1.555898729279205951e-02
-2.097353018699559413e-03
1.701643160549504543e-03
9.670263343164879665e-04
1.585706464776492561e-02
1.506320736008099096e-03
1.681697291103268019e-03
3.423502816844977217e-03
1.607294092333240096e-02
3.318219231407608209e-03
-4.476615340074324798e-04
-9.025698519890016855e-03
-3.218327886293766843e-02
-3.133264861537603252e-02
-1.828293968873449717e-03
2.814447345239134025e-03
-6.609714350919882603e-04
3.819333183350839996e-03
6.141330812989123471e-03
-5.812780686274430543e-03
2.899500149719670961e-01
1.347049688498477837e-01
2.260370093026988492e-01
2.387501494977567473e-01
2.589273472224767891e-01
2.870489389206917416e-02
-1.345802789902305133e-02
1.721932072996953389e-01
-1.845014470191993355e-02
2.761915727355079148e-02
5.929736666463646111e-02
2.232920417045566180e-02
5.475406714538150199e-02
1.064459765854788896e-03
-4.911422348766378287e-02
4.853072089988293841e-02
-8.603106255870410918e-03
4.168969297365127114e-03
-6.734889908868753675e-03
-6.827096878255122653e-03
-1.796803595925570637e-02
-9.232769203410625194e-03
-1.243426136724709238e-02
-2.147102749145119588e-02
-4.717444821682728051e-01
1.332251699389232769e-01
1.105231451559560716e-03
-2.486180104282004755e-01
-4.460937853914584417e-02
2.300052232233814817e-02
-7.726268727741162148e-03
-3.862822651674881202e-02
-8.647253516541394958e-02
2.134566088839374987e-02
-3.920081803082973992e-03
-1.333048792068021737e-01
1.349904655019420474e-01
-1.802065305402106646e-02
-9.195808890253294454e-03
-1.014406669923897109e-01
6.395787410353782898e-02
-5.765511959336115655e-02
-9.414208137866482418e-03
1.269368039691370353e-01
-2.387226849178166951e-02
-2.793572230517288660e-02
-1.187726625345683108e-02
-5.022252757633006992e-02
-7.820177206022160474e-03
1.488644579613885091e-02
1.061814623792503055e-02
-1.966621981231986283e-02
6.742831917645737694e-02
-9.591495169131563150e-03
-4.583452422876627824e-03
-8.244364315396891449e-03
2.492016386360952455e-03
3.080165433146353580e-03
5.955191427938761120e-03
7.848749616252023720e-03
1.027155547880146541e-02
-3.294516189279667051e-02
-4.487832027581459965e-02
1.293312665379266245e-03
-7.448818005212540748e-03
1.881772209283667230e-01
1.246843077416511791e-01
-1.395342175109216473e-02
-3.837024997705840157e-02
1.502925748459191333e-03
2.221066437023317408e-01
-5.349676789014085748e-02
-8.863413157038038670e-02
2.252495950251137136e-01
-5.007408263992364078e-02
-5.050689100515250163e-02
1.916404186184365692e-03
-9.590068338411635723e-03
1.038583780837043849e-02
1.278491036016483721e-02
8.732675615940680910e-03
6.442060749211732905e-03
-1.353505031431951645e-02
-3.565169667143202204e-04
-2.828355687882605756e-03
-7.417448892811484128e-04
1.675380049584229486e-03
1.181662947756348435e-03
3.300179947088308693e-03
1.468594889622103726e-04
-2.550621941800422900e-04
5.670712479681046247e-03
4.064745075626100359e-04
1.618652420845057092e-03
-4.386029124176649813e-04
1.560636632028207993e-03
5.744285169177026570e-03
5.075599585716529180e-04
-1.195380815386391229e-03
-1.450684251435577048e-03
1.278785616854653806e-02
-3.229267228661645683e-03
3.758715963976924472e-03
-1.498445775837987243e-02
-5.467500413229319824e-03
-1.216313898482382794e-03
-3.902052483285803341e-03
-8.842456631833280414e-03
-3.320335676725055980e-03
2.211447441749243587e-03
-6.945817444585271284e-05
1.581207639574192273e-05
-1.949421330409926642e-02
5.109363941844705104e-03
-3.940741283782148163e-03
2.572805279956258406e-02
-2.420363848516196570e-02
-2.279784135022714167e-02
-3.909279516375734065e-02
-5.240080590852084358e-02
-2.237963323801968329e-02
-1.122363853865797172e-02
-8.634718136771534630e-03
-2.620109944575242048e-03
9.864721980773889093e-03
3.942221601437858811e-03
4.459255975647342940e-03
-2.934828845424770991e-03
8.861141767050638440e-02
4.104223849898006732e-03
2.032766941009127477e-03
1.365493482044041473e-01
9.507077253679435680e-02
1.170122292278514328e-03
4.914237879868037229e-02
9.029938090989614308e-02
-5.867453960791236406e-03
-2.113417834686607405e-03
3.601540854089111364e-03
-8.658915428469830464e-03
-2.411525591961415776e-02
1.928711897270392046e-04
2.125999398927569048e-02
-9.203333439144473563e-03
-2.419556771669060038e-02
-2.796532462068492333e-02
-7.337775679016086960e-02
-3.839851220174577556e-02
-1.543929167685044630e-02
5.209824413625838493e-03
9.183604740210973838e-02
6.277343154488186638e-02
-4.017548780309756346e-02
-3.158852700518646750e-02
3.417645173110333331e-03
-2.640365730853103457e-02
-4.593858744922529186e-03
6.395634704490324885e-04
1.136215668890712925e-02
-1.019118825116304772e-03
-6.412840460329399112e-03
-2.892393521518036095e-02
-2.694715410226139127e-02
7.715343415612297556e-04
-3.993374269334654461e-03
-8.632304560298819209e-04
4.386088987712140168e-03
-1.598529695051301679e-03
-4.078510139893001298e-03
3.091528919308166121e-03
-1.661393872973479253e-03
3.649662841200654838e-03
2.406828874432456744e-03
1.198013339164709931e-03
-5.105201259840703824e-04
1.553297677019972560e-03
2.693576085021344609e-03
2.362463809997838310e-03
6.960175862050214067e-03
-8.742411344465296844e-03
-2.566135562058403929e-02
-4.514007365936408347e-03
5.156639553292268960e-03
-5.620752979837588363e-03
-1.426838334624830167e-02
7.461275718500267815e-03
-5.967221992761732180e-03
-4.775303636832273387e-03
8.756396998418167210e-03
1.728942006703319345e-03
3.629232725290451969e-04
5.975917532831740396e-03
2.936902646786601970e-02
7.713514969248405802e-03
2.277763240839861258e-02
3.532242336177192636e-04
-2.672787464993162665e-01
-1.456787939219938710e-01
-4.912008560186968409e-01
-1.862625762621541448e-01
-5.477266093474455338e-02
4.090442685615060942e-02
7.324549262720088383e-02
-5.286673162577323198e-02
3.221163874413575379e-02
6.313425629012382745e-02
-1.903803006872975545e-01
-5.361938498171631151e-01
-1.410912860514742517e-01
3.194669471142920214e-01
-1.052655413707444393e-01
-9.508282896595840472e-02
-1.955044550482873053e-02
4.810027684558388500e-02
-1.410365937888548582e-01
-2.352539495546854958e-02
2.651898305782765530e-02
4.321843952015473611e-02
3.414175880949500003e-02
-1.038621845435548467e-02
-8.834153736643589327e-02
-1.614132662812757524e-01
1.514898200466576784e-02
-1.341956161300351114e-01
7.502815992340584189e-03
-5.628811299908125648e-02
-1.426793439542103220e-02
1.529267901613531530e-02
1.485005784799878041e-02
1.929398451516292634e-02
1.241400532555280226e-02
1.860589779537515781e-02
-2.468974939147232026e-02
-3.912116207369420451e-02
-9.144742788349408125e-02
-2.386858083361180494e-01
-6.719937509761944594e-02
-9.637160732190541354e-03
-1.995203113686090787e-04
-4.966709966170630708e-02
-2.288033748358077601e-01
7.604025124795386892e-02
-9.148979172889103867e-03
-2.381111327612854267e-01
-6.087645518030522160e-03
-2.632156851435864709e-04
-8.751228656506018604e-04
-4.740946013551309603e-03
-1.495435130469373840e-03
2.459434854665388387e-02
3.554926982171906225e-03
-1.253467407347573330e-02
8.228864700368444460e-03
-4.629361895457101937e-03
8.331854928035861696e-02
8.002197113668564968e-03
1.609731086846208012e-02
2.178930568612650817e-03
1.820398576279345405e-03
-1.907046418893215982e-04
2.929250311884076721e-03
3.679020657424743844e-03
-2.125814535629163421e-02
-1.566120224530939339e-02
-1.379807502889062731e-01
-1.439115234203997354e-02
-1.042926102135302430e-01
2.782010245040947294e-03
2.784552742299329364e-01
2.514688111002095772e-01
3.737966090577451994e-01
5.854777194190052825e-01
-1.608903749754427293e-01
5.080206048064023899e-02
-1.415636452044537752e-01
-1.520585242717210905e-01
-3.938630863772298318e-01
-3.108335973586897616e-01
-1.546011953209468770e-01
4.365567216448303783e-02
1.181006163239701340e-02
-4.420833417400192311e-01
1.417326255265020929e-01
2.245390598951317596e-01
2.473873228960271342e-01
-1.479638711606781065e-01
-9.599527699794148383e-02
-1.383993415335936028e-03
-1.402441215746312864e-01
-7.461395346943404394e-02
-1.307314292316047732e-01
3.103180063489413554e-01
1.699470868747901264e-01
-2.086745035926325029e-02
3.269724782164911293e-03
-2.935617890634484306e-03
1.177279620414746313e-02
-7.284272011241300698e-04
-3.398142838122964089e-03
4.697652031460666788e-02
-1.233360067719270134e-02
3.858570233286928372e-03
-4.872170641591372364e-02
-2.968967517209221071e-02
3.322871751741003458e-03
-1.547300136957198771e-02
1.207653334223659503e-01
1.231627170649220171e-01
-5.310737548909809369e-03
3.192760326159171380e-01
8.147533459773766140e-02
6.796872005058347647e-03
2.600405779523086713e-01
3.348208269977909213e-01
7.565346596030586568e-03
4.847200013611339259e-02
4.576689012024217629e-01
3.636073871843416294e-02
2.611043417221264873e-03
-2.041234288708743442e-04
1.034352377737743529e-02
1.323250207656637145e-02
3.133846521192033569e-03
-1.497112659375282248e-02
3.683618917900405992e-02
6.792833709424096755e-02
6.278321482056486644e-03
8.228701176121960923e-04
3.652226039807501129e-02
-3.096195676990736952e-04
-2.897898942442848902e-04
-7.293422623625301499e-05
-2.968202302963254065e-04
-4.992186826081165298e-03
-9.811499466453425800e-04
-5.699081616566500268e-04
-2.899322047387397142e-03
2.649618103037673623e-04
2.987501885083204689e-04
-1.317124668631716084e-05
3.142097280745270184e-04
-1.392529206221935524e-02
-1.618399099093872223e-02
-2.493241094236244362e-02
-1.572184162474670258e-02
-1.401422014820601948e-02
3.182399632145508066e-03
-8.536290727071962903e-02
-5.758161692852119956e-02
4.235734378644980501e-03
-1.244764371705844516e-02
-1.494160028614163358e-03
-8.743659395193326828e-03
-2.729774181718201409e-01
-1.131300058443732992e-01
6.925020639534518185e-02
4.482634783977702125e-02
-1.457406700213477180e-01
-6.819008885198801773e-02
6.638992615390640895e-01
1.845164046132362623e-01
6.334256427121592870e-02
3.641255446740571111e-03
3.951347294876797370e-04
-1.309092201228982157e-02
9.457657666080379610e-03
3.344980980459806661e-03
-8.813171769311178849e-02
-3.225296520628977148e-02
1.120711447660858867e-01
7.281038541422292943e-04
-2.029313738866631110e-03
5.600881614425604060e-02
1.552273929787328791e-03
4.173425463996521031e-04
-1.949974382302432484e-03
-3.066267688510396217e-02
-4.199136949220075993e-02
1.636928069891346784e-03
2.475724160824407396e-04
2.964934679912632938e-03
-1.268869707726769935e-01
-3.047971996356838627e-03
2.657353468925276858e-04
-6.025947031410589655e-02
-2.516038183507975090e-02
-4.433283825510490883e-02
-7.510683649466358067e-03
1.165483277274888436e-02
1.857729888793399273e-02
9.978639827445207056e-03
7.375964146978748227e-03
3.570048524217347280e-02
-1.218024849183719088e-01
2.741939386807269383e-02
1.790794562622856356e-02
1.848771266654348350e-02
2.974010351721183623e-02
-4.570543069043186274e-02
1.812246679934141902e-01
5.285382661440361785e-02
-2.725057636718018761e-02
1.813924369233817962e-03
4.223395355396839115e-05
-3.862775528981166745e-02
3.202688757307254643e-03
1.410811655172173771e-03
3.036233394630174186e-05
-1.217048779851193085e-02
6.173564604356904240e-03
-2.443249222488945004e-03
-3.134961160822232178e-03
1.608646522811167656e-02
3.418101931846419250e-02
-1.957711611102323529e-04
4.203333921110386819e-03
4.033391000050219610e-02
2.556569907831039018e-02
2.483386353333437435e-02
-4.563873517056771939e-03
6.988923938085739480e-03
-3.483000383758906148e-03
-4.318261745217123575e-03
-3.765411914270346688e-02
-3.391871849784384302e-02
-1.764125869066340835e-02
3.141243552688852830e-02
5.880030912839316788e-03
2.827738657502585143e-03
-4.456703355549376626e-03
-2.153934265195096842e-02
4.049649081607219897e-02
-7.506114657471263558e-03
-2.894663533705124636e-01
-7.637417249827685960e-03
-9.790833751564211040e-02
-6.533090230334430704e-01
2.348125928127908074e-02
2.290623933686045943e-01
6.386427273657941939e-01
1.303412570957820649e-01
7.538157245472842938e-02
1.932209504077062739e-02
2.647863106225871177e-01
-2.439891238382218067e-02
1.122308990757847798e-02
-1.346337671990509299e-01
-5.391170974098022928e-01
-8.255740772750812251e-02
1.929742206035676283e-02
-1.158270380685147774e-02
1.159405654789949502e-02
-5.731118393552404530e-03
-1.065649915204006223e-03
1.701177342767342948e-01
-3.135962382623462552e-02
-1.131394196772612798e-01
2.371058535187695743e-02
-7.507492379347210920e-02
-9.608715775399354064e-02
-2.945938293724238363e-02
-1.521917215009867784e-02
3.147979069467744025e-03
-4.626974052438863338e-02
3.021307402489244176e-03
-8.285487354767131704e-03
5.480416043894411650e-03
6.400363595081507567e-03
1.736618541844202682e-02
1.308295029490461753e-02
-3.235878072413259088e-02
5.191157839135313382e-03
2.733913387235351045e-02
-1.038777530420318534e-02
-1.831545054928922049e-03
1.254636984693782709e-02
3.524961699281846383e-02
6.663621926443900889e-02
-4.493843044210226595e-02
-3.718415678762277549e-02
-1.770057915630820740e-03
-7.372125398602567825e-02
-1.130716409649744764e-01
-7.455723804808166155e-02
-1.393918839696724477e-01
6.010145274657215098e-03
9.661277657087734283e-03
-1.508133491889349365e-01
-6.017174227365141605e-03
1.155852254380161474e-02
-1.927317565263767006e-03
-1.169917162929122630e-02
2.637328076622322617e-02
1.533990340333456995e-03
-1.803176856689356691e-03
1.438207650978926347e-02
2.454306051170793688e-04
-4.090616913803330900e-04
7.622416621212614195e-05
2.802295769862885575e-04
-2.729010641310080591e-03
-1.913939953019552732e-03
-5.577545685024581489e-04
-1.086570363966807024e-03
-1.776875446019291133e-04
-2.906444777543730137e-04
-4.880174959215178676e-05
-1.640066192857136810e-04
-6.715480775115660259e-03
-6.522060028595189247e-03
8.042684051497666188e-04
2.361752445100972358e-04
-1.116532044520665958e-03
-3.778369180996224257e-03
4.707357849123784861e-04
5.431231195110094436e-04
5.837661710290768108e-03
-2.355937302603818527e-03
-6.273404739307911985e-04
2.577231361661036762e-03
-2.509290638031247411e-01
-3.206532519749691890e-01
-1.659170490096714690e-02
3.635919785141282501e-02
-1.136010975022903532e-02
5.327628891103121378e-02
3.241822166761165191e-01
3.151621706678869317e-01
-8.350060736965168873e-02
-8.257378168820805886e-02
-5.242399543316589652e-03
-7.382445725450584653e-03
2.750042556994274079e-02
2.396708540037131852e-02
8.394141873775859408e-02
7.962655468404243597e-02
-2.888019007071171255e-03
1.354807576548881613e-02
2.641386845007455842e-03
-3.794291560986175899e-03
-1.005250765160311697e-03
-3.853020190670891398e-05
-1.139048641012841692e-03
-1.000554355742105939e-02
8.135636179057652295e-03
-3.352800159381353999e-03
-5.701012257468529012e-05
-6.102423829565342033e-04
6.583018610631041767e-03
-1.295581591402160393e-02
-3.483226123340691250e-03
1.672690256387137503e-02
6.513813565248603374e-03
1.542786609143865888e-02
1.147516828240355540e-03
3.060142250074044442e-03
-2.687859200149285508e-03
-3.916736273311753960e-03
-1.169281496350386106e-02
-2.141741404840632676e-02
-1.120927382463410456e-02
1.250295233658551934e-03
4.424755933998650607e-04
8.613080279527323552e-03
-6.875177844285029587e-03
1.574646662837192327e-03
1.864809737509063106e-02
-1.141002517650161570e-03
1.285220817952949512e-01
1.734141044395644260e-02
1.805139181864401452e-03
2.181008069344377021e-01
-2.121812622151216313e-02
-7.155909609862705920e-04
2.921511408021267280e-04
-2.085739966537945248e-03
-4.367458336813040409e-02
1.290535642519563368e-03
6.031100467546728940e-03
-5.234708957031659199e-02
-8.333894296361456233e-02
-2.958788801760910830e-02
-1.582226795032509042e-02
-2.026683918792837047e-01
-1.981992363691965561e-02
-2.439380939802978168e-02
1.062320972319017245e-02
-1.173850944742129950e-03
1.014287949306852746e-02
-3.314201352350233751e-03
2.834887812603352139e-04
2.914355660864263384e-02
-1.598779393075768496e-01
-2.534336978315390732e-01
1.233631142092350870e-02
8.123884524146489719e-03
4.112515262404015104e-02
8.136211732457140910e-02
1.518271801995808579e-01
2.271498773569580187e-01
-9.852091026601328405e-02
-4.454858214902295520e-03
-5.837026974155572895e-02
-4.236008882785752272e-01
3.374135388206430525e-02
2.134613942557302690e-01
2.867397857665992533e-01
2.304553170758048275e-01
6.067230556740540320e-02
1.791023804158639252e-02
6.460563073717789928e-02
3.463233420839709198e-02
2.638528870840008839e-02
-3.188872710689054646e-01
-1.202996197288663249e-01
7.324839216486485512e-03
1.128666477826145015e-02
-1.070554499546935191e-02
1.241727145500747670e-02
-2.071167667482689753e-02
-1.123503395790837432e-02
3.982018573097547559e-02
2.024492751114048347e-02
-3.896265249165456468e-02
5.527205474021466489e-04
1.932519547709250296e-03
-4.313968216691373148e-02
1.526800679497152327e-02
1.415802752322815362e-02
7.082107045256554045e-02
4.516098616295274870e-02
-8.938252252288846761e-03
-9.459453876202963962e-03
-2.020013508359697341e-01
-2.064325523139786123e-01
-1.175980184468761597e-01
-2.630834020290749239e-02
-1.007720750762839887e-02
-6.008374895338536303e-02
-1.370429666356209053e-01
-1.058511910254074026e-02
-1.054816835869647890e-02
-7.923879794895075102e-02
-9.058848375592386606e-03
-2.165687262166972066e-03
-8.438972482708789269e-04
-4.551911020383117568e-03
-3.754478560620332171e-03
3.983774871335983223e-04
-5.008981893584701049e-03
2.625359368768120580e-02
6.616241226374498276e-03
-3.016137905371362414e-03
-1.316300521386511851e-02
5.817633449021339864e-04
-1.851287380887096457e-03
-1.962179438102458809e-04
-2.710582985444143071e-04
1.208030686015225765e-04
-2.035387103308159140e-01
-6.517081645327004813e-04
4.010186122936027571e-04
-2.725729815495652186e-01
-1.889421374565878053e-01
1.840074895272263361e-03
-1.390460080955931350e-04
-1.592132391302858718e-01
-9.900832129831707573e-02
-2.792121962144042445e-04
4.195110913321915542e-04
-1.270461848614325429e-01
-8.715416553503341213e-02
1.260848775227576104e-03
-2.668415826703656192e-05
-7.774371571835823891e-02
1.773409975844023089e-03
1.160454107531782740e-03
2.752344179803623697e-02
1.095629369393427525e-02
-7.012602040615432963e-02
1.804900717653330419e-02
3.094133954298074196e-02
-1.061640029429278872e-03
2.059121520606089616e-03
1.168798471928897582e-02
1.040099249459934955e-01
-4.686381794869629719e-02
-1.944587948810220287e-03
-5.901103602424601947e-03
-1.659310573879584257e-03
4.324306638869248503e-04
-1.764554009142337921e-03
3.473425633075822704e-03
3.319207698975888254e-03
3.098862108619932030e-03
-3.332807221342939941e-02
5.838030263207400448e-03
-6.032595009592213280e-03
3.737726378176152962e-03
-9.229272995530623386e-03
7.072168218213821349e-03
5.365644073576012613e-02
-1.498912504962271811e-02
-1.174945050125072027e-01
-6.161528806357642607e-02
3.506057658869791982e-02
-2.355155342983581909e-02
4.598830604765476865e-02
4.038933291768542072e-02
3.806476353916831562e-02
2.148813606916323907e-02
3.379495829317177846e-02
6.345859485151739143e-02
1.749341207032256360e-02
-1.164793717383334412e-02
-4.550755325317712950e-03
-5.554493595601307614e-03
-6.218471791957418116e-02
-1.001217486032417725e-01
-1.033495429060501784e-02
-1.372219604864821033e-03
1.360936916617835196e-02
-9.358606685385973886e-03
-1.208188810153924680e-01
-4.087493940239618137e-03
5.931717476860581123e-02
5.162652970442683370e-02
1.057457410674030596e-01
-8.149475057813349022e-02
-1.946110268921462383e-02
2.608426363364501135e-02
3.551460456184958592e-02
3.279013390191545113e-02
-5.614011570052890657e-03
-1.234019567703633843e-02
1.864823391379182016e-02
-3.695466851314550827e-02
-8.411256127117008874e-02
-4.753444274452411911e-02
1.042577367080582858e-02
-5.335001772200602746e-03
1.950515342082173587e-02
1.125232160136062712e-02
7.489171606692532346e-02
5.700713528654372669e-02
9.150766966380279033e-03
3.341355201110074447e-02
-9.346266130280302814e-04
-2.975231421117453356e-04
-9.283828029414332994e-03
-6.827715170497915959e-03
-5.036839441022755194e-03
-2.413457258940303329e-02
3.696145163494881768e-03
1.349484402315446682e-02
7.870312354750360131e-03
7.005137297073926479e-04
-1.242614456537281895e-03
-6.422543300845992391e-03
-2.426228107190720601e-02
-2.597190407283752819e-02
-1.167211271836190167e-01
-6.538119777476718297e-02
-5.960537623222143290e-03
1.787014035260717920e-02
8.101567679350130460e-03
3.087963122785405273e-02
1.172783825957148113e-01
5.626003253147817025e-03
-1.247241283806128503e-01
1.786998202340910405e-02
5.930647244712741045e-02
3.312620225013806347e-02
3.394730327947688853e-03
-2.604439654794554748e-02
-3.317786378849067047e-02
-5.255986811721512914e-02
1.417923174044249425e-02
5.775416490648508511e-02
3.412221334102288200e-02
5.421054395945188766e-03
-1.111116587852449544e-03
-4.877062608760933740e-05
-6.248913751495285593e-06
-3.614060505404359091e-03
6.811492643955182084e-04
6.428541275775317314e-05
7.102039976320137732e-05
2.806318236000068149e-04
2.070023251181418028e-02
1.341197051694593661e-05
-2.802647425428753439e-04
2.398731615221669569e-02
3.475366312094006760e-02
-7.746641479345097705e-05
8.031471748300554755e-05
2.642027514907805893e-02
-1.863020926063286078e-02
-1.207077346596574070e-05
2.522382682845696967e-04
-2.158858453699565721e-02
-3.127829680884607055e-02
6.971977331285338325e-05
-7.228324573501360823e-05
-2.377824763417013543e-02
-4.182424863895550793e-02
-4.529405612351991572e-02
2.203895092738403748e-03
-1.965793949624140141e-03
2.078094328608612665e-02
8.978583373930737119e-03
1.443856325900479826e-02
5.520818170726755902e-02
5.604155099678374483e-03
2.576457333184398353e-03
-1.621551848591510844e-02
1.766741012799480925e-01
8.669022353296480798e-03
6.721862353533815501e-05
-1.383226118839009583e-03
4.648422023791714403e-03
-6.091485735083511203e-03
1.625473160628678653e-03
3.585005628039181907e-03
-3.406424927133090003e-02
3.263841504302103947e-03
-2.735304010418012841e-03
9.364758617644744314e-04
-1.454796235379584302e-01
-3.020993428556794855e-02
-5.441675177241550587e-02
-5.011366187972786379e-03
1.159027119058480713e-03
3.299623630971211595e-04
1.078301023166401175e-02
4.011259495976828710e-02
6.637489816873323734e-02
4.075779110240745429e-04
-2.795765331649051055e-01
-1.497366293750132917e-03
-1.236840661211679321e-02
2.790183393677198032e-02
4.874433716632927543e-02
-4.056044724870257884e-02
1.920672252489875054e-01
-6.831199049984898637e-03
-4.252221346940656364e-03
-6.234064450660905393e-03
3.054062086706256507e-02
4.340254971487515420e-03
2.449937742295302495e-04
8.743326376711841024e-04
7.179484830619014245e-05
5.576971158647752499e-04
-1.133531325989182385e-03
6.961320427388800573e-04
2.126300095740210269e-03
1.076667278354622934e-02
7.400226564370580851e-03
5.600033975031286533e-03
-4.429795605021417254e-02
-6.825102451093938236e-04
-5.312438044238091545e-03
-1.485330348563715418e-03
-3.767298078831290514e-05
1.201014004803818399e-03
1.855806892174825980e-03
-3.305105193987364388e-03
1.521664180521849685e-03
1.223533169822609359e-02
-5.239906843909330342e-02
-5.283101885576861091e-03
-2.920579628083335203e-04
-1.048401289105626178e-03
-4.012091232147932569e-03
-1.875351942897653806e-02
7.582366732409986931e-02
1.430040857193222437e-01
-2.675483544051023010e-02
-5.213305526645754242e-04
2.251603940015832125e-02
-6.160000781180445528e-02
1.529730060945977757e-02
-1.088065478467694080e-01
1.012838599837341882e-02
-2.506980618001323352e-02
-7.948942730130352519e-03
3.895196932804028105e-03
4.266130555768268828e-02
-1.978230679414125781e-01
-1.621131253379508308e-02
9.302862761662272773e-02
1.021589880810477718e-01
-5.151505570870374556e-02
-1.178567631273288660e-02
-4.895097352340462308e-04
-4.316355134355489426e-02
1.861433864519733763e-02
2.668986953224748368e-02
-4.927932090070764187e-02
-6.056778669441537435e-03
1.304582510561196410e-02
2.636468196981402862e-03
-2.968526781761860953e-03
1.556230606374339569e-02
-6.294419846847921531e-03
-1.657894325875411108e-03
-2.378890577832535810e-02
-2.387484634380751536e-02
2.726712750135988975e-03
1.313377286213317924e-02
-1.571067163388540147e-02
-6.992473558307362932e-03
-1.402757111401874146e-02
-4.653556149714204240e-03
-2.687440670208189435e-03
-4.207305263550425241e-04
4.163463029262091074e-03
-1.271909771501839080e-03
1.206616913775704868e-02
-1.394557241710007132e-02
-8.486531412599343516e-02
1.493005707327411643e-03
5.632582861746711876e-03
-5.604205370825054988e-02
2.817209152812403389e-02
8.624008835182368424e-03
3.424090313026463550e-02
2.801561915601960204e-02
-9.655921114126585214e-02
1.439980136982118783e-02
-1.355922539265311810e-01
7.182145607263504478e-04
1.141798991745111500e-02
3.906348620790836557e-02
1.214900027714830577e-01
5.239480469007026103e-02
-1.264939741814886665e-01
-9.881768747939686723e-03
-2.124778832396303010e-02
-1.796612898240999567e-01
3.852878939013488352e-02
6.490770007580055900e-02
1.290748564194516348e-02
6.416216354107320829e-02
2.210278027377368150e-03
-2.528530275901415617e-03
-3.405495168277343043e-04
6.641545331982574678e-03
-3.322961364466316125e-02
-2.981509761504993420e-03
-5.007713557011569255e-03
-1.532163739887016513e-02
2.681235017884545536e-03
-7.578153904295851541e-04
1.036260510145920084e-03
4.082642508868492524e-03
3.633316049923113536e-03
-6.019628558738026290e-03
3.361500092905286147e-02
1.765175316997011443e-03
4.501844699729216047e-03
3.827683478763340558e-02
1.003426277162018133e-02
-9.885775807930621134e-04
-4.501317151633730217e-03
3.078652653574439138e-02
-2.485503484577022189e-03
-7.709544048985117644e-03
-1.485158714843586719e-02
-5.037239075491230927e-02
-1.668706991424641906e-01
-1.669870844418063632e-02
5.939813128343072318e-02
1.495636684539481398e-01
3.731746946901792761e-02
-2.638219948495573123e-03
-1.396557707704827039e-02
5.034178731339525315e-02
-8.081879169668555393e-03
-2.598170009156258557e-03
-6.405765573149016512e-02
-8.644580159524131724e-02
-1.976421239811668173e-02
2.995635716206696345e-03
-1.815274369028138744e-03
1.059333693120456318e-02
5.853626167950087660e-03
-2.483360934215162689e-03
3.311524480035295953e-02
-1.706398883904431882e-02
1.202370428552709467e-02
3.891695626273064361e-03
2.016548689181737464e-01
2.395920766191175499e-01
-2.173109102301144444e-03
3.341332828195889282e-03
6.638012930437356407e-02
6.478491729514539166e-02
8.059494387114628927e-03
-3.559951249361825460e-03
2.124815147667081204e-03
-6.219160538213835965e-03
-5.767792457533670123e-04
-2.582016901354169600e-03
-1.163557545421689890e-02
9.470143961853170339e-03
-4.587514950428058652e-02
2.586184475062423480e-03
9.068826040212862871e-03
-9.757274968011436789e-02
5.863158943360678894e-03
4.377822918946816175e-03
7.979910917865797038e-02
1.616380828670233027e-01
-1.879457364003024947e-02
3.555537502427519726e-04
-2.128119951820119649e-01
2.293946295961108578e-02
2.464993200051579861e-03
7.764426680836608932e-03
3.075625076321392495e-02
3.576272339281205692e-01
-3.465261844716754913e-02
6.578797446500563896e-03
1.630390450899558627e-02
-4.375445444596483269e-02
5.529453258892127500e-03
2.654146268665604543e-03
7.748237400989998851e-03
9.332575751505658990e-04
2.157561393934530336e-02
4.617269998486905370e-03
5.595101522330055838e-02
7.133762010135834275e-02
-1.766953266967657976e-03
-5.068411718580304731e-03
-3.250934123209165555e-03
1.155691958877147962e-03
-7.516400464924713649e-03
-2.139205299872030779e-03
2.006338908567133726e-03
2.046585385699657006e-02
7.825548512023032793e-04
-6.955577917480841631e-04
-2.374143822336949403e-03
-3.043677023531718515e-03
2.859739007507856347e-03
-2.007719472918289422e-03
1.271809812912708636e-02
-3.544016442488166080e-02
2.187265849827883107e-02
2.325444724936535229e-02
-3.441714855863593769e-03
-2.024101175747153748e-03
-1.179473237770183904e-02
1.441370807264505274e-04
-3.028198333174827658e-02
5.821392031318274249e-03
1.123562939076335615e-02
-2.592397527383896293e-03
-1.120150420131508454e-03
4.048227455718759332e-03
-1.410353372495721028e-02
1.258080922654450850e-03
1.323589144691434544e-02
-6.723351756921320567e-03
2.411439671467504025e-03
-1.913415310848729650e-02
-9.839993873566301927e-05
-5.579643761311740661e-03
2.430511216414853529e-02
1.146501291518855136e-03
-7.091902789368172144e-02
4.946887667799545335e-03
4.408746199458071779e-01
7.977797207696883663e-02
7.557995346680080988e-03
-1.115383260159007184e-02
1.082290951960362541e-01
-3.046266380273384561e-02
5.052045635086910291e-01
5.255804710970332083e-01
-4.073847542233489244e-02
-2.843097733460429183e-02
-2.273267694330475819e-01
-6.180886260074420352e-03
-7.989490380781240075e-01
8.661510510461863099e-02
2.608499867214554291e-01
2.009088138538223014e-03
1.031223480637083988e-02
-1.001428939652968669e-01
1.554374846977274183e-01
-7.421458461308746112e-03
5.205799057786064665e-01
3.140159763350926503e-01
-9.053610710017036267e-02
-1.119363294134233383e-01
-1.323026868043568338e-01
2.695181342455108160e-03
-5.065410510724922544e-01
1.661972930582893970e-01
1.180397600242751727e-02
8.699968856133747860e-03
-7.316451915288565283e-04
5.662448013209066960e-02
5.273400646080588471e-03
-1.217054607958576460e-03
-3.820345597124950865e-02
-1.334686326263446153e-02
9.915580995279745999e-03
1.512767335629764363e-02
1.029544487067690361e-01
6.999831542980719523e-02
3.799820265251075552e-02
1.710914359058635648e-01
-5.853679790608242589e-03
-4.852043198510760241e-03
2.355722446031069742e-02
2.736541254277472315e-02
-6.647043530921027676e-03
-8.676758180270655735e-03
-7.960138628209977377e-03
5.613891796036508605e-03
-2.086012461895270578e-02
5.853608455792825953e-03
3.375654158999531057e-02
4.727077854117810174e-02
2.016657600486765692e-02
5.994930462276522320e-02
-4.386219700299732712e-04
9.128433024971114402e-04
-6.660934505595163257e-03
4.719305026464539897e-05
-2.314515555636652636e-02
-8.081044075262151793e-02
9.761460920988458689e-03
2.070364503903755413e-02
8.026385497763974600e-03
-2.398833063275855604e-02
3.136211401145583624e-03
-1.157740579406997192e-03
-2.124283235738821940e-03
1.860566789516441286e-03
-2.455421100252657904e-03
1.887492797074551707e-03
1.001107506922838553e-03
-4.770113475162081861e-03
-1.043488137443645929e-02
-3.249445966545478487e-02
-9.577501579091329126e-03
3.283610102952642246e-02
-8.969072203684463201e-03
-9.670142768048785656e-03
-4.417276471561616506e-03
4.359637163379379010e-03
-5.188878011963193523e-03
2.871060996220854006e-03
1.609760699388540495e-02
1.613637268131859828e-02
-1.466997094024235886e-02
4.626497274603466603e-02
-3.170678165167606279e-03
-4.670424686554657152e-03
5.292845637696674127e-03
7.666071131833583109e-03
1.461310527336316493e-02
-6.482219458556892633e-02
-4.747669235007440092e-03
5.862872780891971621e-03
-3.271807852791276346e-04
-1.027034338191036220e-02
3.783726249052004557e-03
1.907564091607733925e-04
-3.177657898614253611e-04
1.205553607769211961e-03
1.411504943937573345e-03
3.974785664949193791e-04
4.859420769646207697e-04
-2.972644898514941250e-03
1.015984105667973834e-02
-9.610908494468006075e-03
1.243474483333181476e-03
1.818410113525546073e-02
-4.586993503352472697e-04
1.079677828374693517e-03
-2.261887196999283391e-03
1.270283641720341018e-03
-7.865314271305296574e-04
2.392751012096775494e-04
1.461180711176183718e-04
-2.243127165544193946e-03
7.073845263922205751e-03
1.581946345574206797e-02
-5.250599567430223359e-03
-1.630496308992600545e-03
-2.573553131002199231e-03
4.579670538188519019e-03
-1.537300901357991668e-02
-2.788968498968288565e-02
4.613632802023461682e-02
4.917444880728968036e-03
1.162895915034700732e-03
-1.139740005015238422e-02
5.952390581826776973e-03
3.497708732902784232e-04
-9.835675299388715875e-02
-4.105730048198915488e-03
1.521081681383546630e-02
1.309469972973846411e-03
-9.976328616028639577e-04
-2.202441752798961136e-02
-7.447389381948356368e-02
1.315926637490831552e-02
-8.233559975728454300e-03
1.599523791654297866e-01
-3.047027580978096950e-02
-5.555728275808176873e-03
2.371194331478797962e-02
-1.685693016734509941e-01
1.179378228549983303e-02
2.869366496851872075e-02
4.778588914157039930e-02
2.746652906759111112e-01
9.436980311223468199e-03
-3.244686011735593498e-03
9.602577716402238908e-03
-6.158359724131658858e-02
-2.897878747980049859e-03
4.686054465438667035e-03
-1.343441735390712120e-02
9.973802288068699118e-02
1.504053725468863572e-03
-1.036681034716078337e-02
-3.667263572455555648e-02
-1.050052673365898907e-02
5.172380085886356914e-03
-2.727266308322143576e-02
8.418383256614003253e-04
1.491347378592834672e-02
3.489099267761680296e-03
1.504237520851334914e-02
9.677625811335818437e-03
3.845617543635018731e-02
-6.398399953770352554e-03
1.342951032220901725e-03
-2.194739223089709271e-02
1.449215847822182259e-03
-4.413392224178960149e-04
2.930668387351600436e-03
1.644011655247821623e-03
2.493614134377190525e-02
6.542255020552498364e-04
5.824298816623720357e-03
-2.407148263139388678e-02
1.018448953437113471e-03
-3.326963109406650548e-02
4.924968497032836817e-03
4.289421251984684713e-02
1.652538728946495450e-02
-5.885543757128010312e-02
1.429124142214915558e-02
7.859882339309251379e-04
-2.321274603331247369e-02
-7.926684113103181148e-03
4.934109242578095522e-02
9.332832153216492552e-03
1.018872715359540604e-01
-1.599139215570590522e-01
1.075143831804670561e-02
2.460845823518178002e-02
1.864856761392564288e-01
3.453839325217855083e-01
7.087429698248415288e-02
3.116933780520932465e-02
3.309588621558783861e-01
-7.159202663586240745e-02
-2.544539939526558291e-03
-1.502149492779168150e-01
4.707085285576864848e-03
-2.941097581257339222e-01
-3.122675089645124066e-02
-1.266848455661587214e-01
-4.445868859555953539e-02
-4.835729021632953484e-01
-8.021033804213191509e-02
2.057340833968946403e-01
2.671683840252397218e-02
-2.527126930028532684e-02
1.837202758872631334e-02
-1.310583599866548682e-02
1.316019468250802064e-02
2.604917720231503253e-02
-1.360225473217186176e-01
-6.646083046706674491e-02
-1.915693135482579579e-01
-2.155347129544557538e-01
-2.691207889646180518e-01
-3.272239003960506487e-01
-5.656769200805970010e-01
-4.882333628323373698e-01
1.009005406637494551e-01
1.312709168884208522e-01
2.302522762350689145e-01
3.299962890075634481e-01
4.863423106565357701e-01
7.466160252772704453e-01
-1.277228832065360406e-02
-9.285622523533432204e-03
-4.357696038371518081e-03
1.727953830346426467e-02
3.517967511074471254e-01
5.382326886179945175e-02
-6.730621270001671194e-03
2.734460860732839116e-01
-1.143311162144750037e-01
-6.912796703122751560e-03
-6.850839857375685960e-02
-4.016579932093828492e-03
-2.961975138544248876e-01
8.986067666153641290e-03
8.860921474944327692e-02
4.436311925135279276e-05
-4.394400336076689229e-01
-1.689887551695967065e-03
1.580985147783270373e-01
8.923602517899180409e-02
-1.191941291147985936e-02
-2.846521298419494271e-03
1.801790975917348658e-02
9.064472055956934032e-03
1.071956853270052135e-02
-2.132531868442435474e-01
-2.386759759552329468e-02
-1.794598951827670041e-01
-2.284204387617942977e-01
-2.382944905726165630e-01
-4.280135438513418822e-02
-5.814660476357608188e-01
-4.029413742116123576e-01
5.330986286096118382e-02
9.397202133850103556e-02
9.979324234836896290e-02
3.830562955313338569e-01
3.912964498760074933e-02
6.820276611585909254e-01
1.182974030839707008e-02
-5.691537780740237203e-03
-9.842341727118080266e-03
1.635128907979968224e-02
7.858182967243895018e-04
3.271889643120881683e-03
-3.104984849272665257e-02
1.134958659035368092e-02
-1.864053131061313992e-03
-9.530356345713201854e-05
-9.122533032186874312e-05
3.997745195200734297e-04
-1.975066701207308859e-02
-2.654751682994926226e-02
-1.679694762006571579e-03
5.158388542001086929e-02
1.304640351558588873e-01
-3.033057255845948708e-02
4.593786938168096905e-03
1.136042842147794944e-03
4.343961173921841862e-02
-1.935473237365791519e-04
-1.455486907318928880e-01
2.939877160287759569e-02
3.810852803747505173e-03
2.399763516852986556e-01
5.989610175735324976e-02
-6.526354457264859493e-03
-1.184748397800027518e-03
8.855250814554601127e-03
-2.426775895911597800e-02
4.822880785799633571e-03
-5.741823346174135950e-02
1.423688602033267850e-04
-4.247081146887064090e-02
8.255556463940430176e-03
-3.017801938064546344e-02
-8.186878556374805899e-04
5.417511705374200744e-03
4.324471466201161574e-02
7.271196047354761341e-03
-3.124230636373933820e-02
-1.141087609809703085e-02
3.204519326919878786e-02
-1.761200450638407411e-02
6.837263143565967816e-02
2.396569193805131448e-01
5.745957487385879026e-02
3.559586308524299858e-02
3.133118267134821916e-02
-3.141940715551906349e-01
-3.982819652552329476e-02
2.350786870992984945e-01
-1.308025410778138574e-02
-5.463035164065520588e-01
-9.454349661680094830e-02
1.597692251742993119e-01
-4.890889859947036150e-02
7.928512762158144989e-02
-3.240954316771765265e-01
3.337384013053857484e-02
-8.315179038063790218e-01
6.794952370033938149e-02
3.012846731738160200e-01
4.697297442491119024e-01
8.953829063986880055e-01
4.154668718726612919e-01
3.873278000839888453e-03
3.200157798135872672e-02
-5.231127988625783320e-02
-2.615537894697743670e-01
-1.887675206521566285e-02
3.899973727413406574e-03
2.358032588063102564e-02
-5.866817189097556229e-01
-6.834146784903440131e-02
1.421345627274293033e-01
-5.468053650765099943e-02
3.729505762697382654e-02
-2.502819080485687020e-01
2.088713667726001602e-02
-8.721941045240487744e-01
2.095235926231953094e-01
3.090566357183387458e-01
4.027939419060181936e-01
9.730487573571530158e-01
-2.135117989763217206e-01
1.373116179254115464e-02
1.335231449896318381e-02
3.588220085581271257e-01
-2.710692223096814596e-02
9.202449748380759839e-03
2.673745286956047407e-03
4.546183827958097390e-02
-1.146754479697662844e-02
1.297736685352574026e-03
1.414626689633151913e-01
9.223511302665726719e-02
1.388479952793720239e-02
-1.198246652593754703e-04
1.381213490690816597e-03
-2.023428377981211293e-02
1.327806163915516702e-01
-1.051182376642148704e-02
1.772853643829312015e-02
-2.211257838613977789e-01
-1.269013757280323257e-02
1.768204083194513778e-03
-2.561966863298030875e-03
3.581632050751620312e-03
-2.270983965255668653e-03
2.462767016817662968e-03
2.258708935290572664e-02
-2.224254910110152333e-03
1.007668153199687720e-03
-6.468431377990641789e-04
1.123429109102944568e-03
-8.899408120791848023e-04
2.555050994858261773e-02
-4.400012131776716295e-03
1.304274511978856244e-03
-4.484362458194192380e-02
-4.245443355831064747e-02
-1.836512486678906417e-02
7.135146600933932153e-03
8.557626202143311933e-02
-7.141946852240729782e-02
-2.741841402043054734e-03
7.385215517571187827e-03
1.205926507031391537e-01
-2.940105916132654262e-01
5.775601203702945829e-02
3.756674177065449927e-02
2.694655935858529527e-02
-1.336196002702829677e-01
-9.994844794922991271e-02
5.707907819841698815e-01
-6.951097210889301513e-03
3.352118143885588191e-03
7.503435189869680014e-03
2.108665148627554900e-02
-2.326424744462074132e-03
4.666472750280729609e-01
-9.580615082639544478e-02
2.303104817043369612e-01
-9.136733640716657723e-01
-1.036016818016996521e-01
3.368189865133742328e-02
7.779636247502650682e-03
4.618590341930151749e-02
-7.994480704255467474e-02
-7.086315769076281801e-02
2.528158253320442750e-01
-2.168935321404852345e-02
-7.366951891556057508e-02
3.856831122944881941e-03
1.905238789717665637e-02
1.117697894480924048e-01
1.687864749458470315e-01
-1.101372748290581766e-01
1.371228468148193158e-01
-3.973708361457120031e-01
-1.169532555327956747e-02
-7.693704963292800989e-04
-3.920560883756928766e-03
-9.210151319466950912e-03
6.845069075555276729e-04
2.078809574326459693e-03
2.056531779482539957e-02
-7.967883849881531077e-04
-7.980344540302174855e-03
-7.953259109902672749e-03
1.060671301757244202e-03
1.581924052326674421e-02
5.037235346294609978e-02
4.816745670949559160e-02
-1.002865136628392807e-02
-8.706524658778944104e-02
-3.479351489782059326e-02
-3.865019879884429299e-02
1.056246192600063943e-02
5.838554936223065706e-02
7.895544050601675801e-02
1.401467874417357817e-01
1.611076330540964913e-02
5.112782746297454134e-02
-3.326483713771642356e-03
3.530309658090118995e-03
-2.854877113503354741e-03
1.511962324465771466e-03
6.713967074078055694e-03
4.366477760628807020e-03
6.056537410254051075e-03
-3.011521014405469949e-03
-2.683082873047712077e-02
6.799356711669016576e-03
1.496813042045464989e-02
3.519410232708903435e-02
1.015395544209494322e-02
2.063706533133324514e-02
4.658751645480428694e-02
-6.075389642025953718e-02
1.989649049442725540e-02
3.321501234083563438e-03
7.495272793331349270e-03
1.434193176734628941e-02
4.306247695266918717e-03
3.423344604298178811e-03
-3.142967383798016962e-02
-2.486537394006098703e-02
9.002230095850120850e-02
2.078276449832008876e-02
6.873291799803382283e-04
-1.448170829228037360e-01
-6.247245023934413707e-03
4.877249077491169899e-03
-3.557010812997945647e-03
8.606720454881330515e-03
-3.389757711241601218e-02
-1.039783571186550818e-03
5.661742852672842045e-03
6.382165238443585076e-02
5.823569852414500064e-02
5.218767368120603468e-03
6.876442183427984578e-03
-6.987268254441589277e-02
7.526943197848712241e-02
-5.363881717862817311e-02
1.528050369813912235e-01
-2.487376578348876044e-01
5.837142420359596462e-02
-2.539744063813343961e-03
1.053796484339681178e-01
-1.266477081649895753e-01
1.843069393322186930e-02
2.881011961847343688e-03
1.394586421733907435e-02
-8.476008988349385820e-02
6.323544227551840258e-02
