1.015273019998804642e+02
1.861884083811536925e+02
3.381660657053508351e-02
6.833116023445931830e+01
1.086778578923968155e+02
9.172752277394813802e+01
1.802773953458109020e+02
5.748618246627344064e+01
1.070663549124619891e+02
2.180659954139598788e+00
4.903252389126517130e+01
-1.208198060931912643e+01
8.795467424914586729e+01
1.382589573795597282e+01
6.147268577556705793e+01
-1.623219127458335009e+01
1.005596541925895337e+02
1.881873189967972237e+01
2.356113952410237911e+00
3.171204966196070063e-01
2.753759557638109357e+01
4.551715195565801508e+00
-2.000928781326422623e+01
-2.539703960420797557e+01
-3.200616028551127590e-01
-3.151459534784699645e+00
7.020034320322703358e-01
3.534018891947484864e+00
-5.842452044993675209e+00
-2.981588475061056620e+00
-8.236937049197956995e+00
-4.573875770735030599e+00
-2.831107215562638224e+00
-4.707645508996944339e-01
-7.069170021994299891e-01
-4.564536168471861610e-01
-9.312265509778937939e-03
4.304771765877768885e+00
2.315454847505689528e+00
3.747894684947131072e+00
1.346019658972456678e+00
-6.021353641154394865e+00
-2.035388827550193724e+01
-3.606750600694896036e+01
-3.983527467949711109e+01
-3.736036345582071760e+01
-3.167065767186385017e+01
-1.623016079474367857e+01
-4.110452163918288271e+00
4.139931224401216525e+00
8.486844383820656645e+00
6.022036857692357081e+00
4.729426296324836798e+00
-1.719254946268686524e-01
1.443637895437490215e+00
3.150546808427644674e+00
-5.192150773146367859e-01
-1.004907758020549879e+00
-1.630280115459548984e+00
-1.705136479568645003e+00
-1.164335043716141049e+00
-1.116113449067174379e+01
-3.447849835700110788e+01
-4.147816338093171851e+01
-6.887928297678193701e+01
-5.685447808246860291e+01
-1.086108959794108131e+01
-7.653469679537535875e+00
-5.157652550657907398e+00
6.379664065509606630e+00
9.862608398783198282e+00
9.816122401140487952e+00
3.933107995521418587e+01
2.779701973716109364e+01
1.038557412784155254e+01
1.040515689792080423e+01
1.878157164584026706e+00
-1.153939559219804956e+01
2.688874726955041439e+01
1.599649134629109959e+01
-4.185267652641381453e+00
-4.320306015401400401e+01
7.483256630032540713e+00
2.425532276066534010e+01
-2.896956809132625210e+01
1.412614324773753083e+01
-3.022673978221522173e+00
7.248708574393653015e-01
2.360493467410093871e+01
-1.151449833489485428e+02
-1.391942395265485644e+01
-8.558336658751491299e+00
-1.105808807378391805e+02
-2.133185777243644221e+00
-1.066196193910280643e+00
7.806482120024440530e-01
1.577391321386649059e+00
-1.767791666666802541e-01
-4.830745192315089032e-02
-9.006657736768289846e-01
-2.552560051050557499e-01
-4.560916990159937789e+00
-2.908022582256940769e+00
-4.149435434013194701e+00
-3.550769142717804971e+00
9.472820525835042860e-01
5.164435166630867435e-01
2.359798952884534784e-01
-5.512957145704384943e-02
8.721495522396426336e-01
1.768498010828760403e-01
5.316075776145440940e-02
4.887267237846545376e-01
9.618916234831655920e-01
-4.796620663160539727e-02
-1.962660803699461665e-01
1.208714241652564692e+00
-7.902319428764036091e-02
-3.206218426854667292e-01
-8.352390510920837396e-02
-9.470745149060413870e-02
1.092479637351450261e+00
1.285651755476196478e-01
3.641913993158071849e-01
9.989623144602804983e-01
3.705117766095483156e-01
4.414114070256708877e-01
3.721834901678690993e-02
3.265781808354915605e-01
9.799559622786160773e+00
7.917565194579339050e+00
6.643625200115683249e+00
4.109992381053399590e+00
3.354920350928345396e+00
2.313590664807052111e+00
4.326146273064241043e+00
2.461423161534829873e+00
-5.204588694924789039e+00
-1.606124047441316538e+00
-3.256321786188838718e+00
-6.707525991668555898e-02
-1.372063277808671558e+02
-8.363896445483099740e+01
-1.144174514909008167e+01
-2.849282684120829856e+01
-2.986538535851035903e+01
4.348331697287603076e-02
-8.461664706439587746e+01
-1.335351616902462411e+02
1.776855154280947868e+00
-1.808647020026303665e+01
2.421626302854548385e+00
4.885731630419837268e-01
-2.957380032859823205e-01
3.375290282900277994e+00
-2.793069682560263800e+01
3.558236332369683286e+00
2.530843203011174936e+00
-7.383441958804606742e+00
-2.326527727417324609e+00
6.522008139113351088e-01
-7.209461786012171025e+00
-1.241737503498235462e+01
-7.616025224301939289e+00
-9.937344941966031797e+00
1.125136837538675660e+00
3.317987811575640933e+00
2.836513389753075209e+00
-1.177264312404371627e-01
-1.606581724519463350e+00
2.529522605052093809e+01
3.257396109994242295e+01
-3.786713484249919937e+00
-6.736106169871716176e+00
-8.526176252373051101e-01
7.581964525702539426e+00
1.038731037512446775e+01
-2.751061550331886929e-01
1.432171771128586402e-01
-1.964436528389295500e+00
-2.776597418120390959e+00
1.227970521042676788e+00
2.357129396806527311e+01
2.413523310381108189e+01
2.623521376734372801e+00
-9.730609124811790522e+00
2.847314647290253298e-01
-3.088802509490184423e-01
-1.255332098980776045e+01
2.511336432101199723e+00
-3.771179345367483116e+00
-3.698217052950650174e+00
2.997998713683590832e+00
-1.559497645619114747e+00
-1.794186588913727620e+00
3.781238158858473697e-01
-4.690181990700614811e-01
7.006321240097911129e+00
3.315381117504588815e+01
6.698937502973940639e+01
-1.461978579408777819e+02
-1.131499560097710457e+02
6.583814260224750115e+01
2.917008336273857694e+01
4.317380265988151677e+01
4.818313817691034728e+00
7.961308008793041679e+00
-1.162980624859946488e+01
-2.200469356769540141e+01
-2.693037113216341183e+01
-2.415199259502303164e+01
8.875541459993295135e+00
5.614965746492991627e+00
-3.557336906798301612e+01
8.906354444621184641e+00
-1.727918187208568312e+01
-6.809159567686425873e+01
4.937946858358955637e+00
3.941156397433995551e+01
3.908461068514138503e+01
4.464926494066378204e+00
-6.838144741641281055e-01
8.190518401882359001e+01
7.912848930085620225e+01
-3.259397956227426452e+00
-5.182577626782596258e-01
-7.281782539056183001e-01
-1.911302770300748577e+00
-3.733747390509545294e+00
3.877523452555935446e-01
4.781935477937491186e-01
5.056951758629225635e-01
-1.128950338987459862e-01
-2.266853071431898403e+00
9.446889595989221178e+00
1.201746319322202972e+01
-2.412641481420653378e+00
-3.723111152887122355e+00
3.973823133154961607e+00
8.404068625746004273e-02
-4.016018957245840681e+00
6.626870433859406440e+00
5.949894206481306513e-01
1.029211001183212515e+00
9.062851886734954121e+00
5.804067297035116368e+00
1.606812755515405255e+00
4.199866361126090908e+00
2.020233985174698432e+00
2.300862587098890444e+01
-6.342530869053373266e-01
-5.301772087896477359e+00
2.428394943457660204e+01
7.619184607188279834e+00
8.060469445495945351e+00
2.885403883250224677e+00
4.608239383012730173e+00
-4.707662682589224268e+00
6.037387013754381693e-01
4.477660108023602259e-01
1.904438805792552925e-01
1.297665190573596306e+02
3.884391464494882484e+01
3.992469461416006737e+01
1.314709046130975878e+02
2.872835978180229404e+02
5.366748200026817273e+01
6.649003987970259288e+01
2.967950581197235920e+02
1.090408559455117610e+00
-4.508065051263376311e-01
1.853525126101311093e-01
6.185382239418159012e-01
6.691788549779678874e+01
-1.389145443304980709e+01
-1.995679158094474825e+00
7.725342132044325183e+01
3.592850714772821696e+00
7.255642486955246051e-01
1.904721543135157846e+00
6.759456868289256626e+00
7.199053562266521489e+00
-1.666506700505796246e-01
-7.306743992861396420e-01
9.742464854659205642e+00
-2.434778934842142561e+01
1.224853143881006634e+00
-4.530090448538981462e+00
-3.180301806053463665e+01
3.430870201482986381e+00
-2.453630612629146501e+00
-2.239218102222508389e+00
5.041037106480906971e+00
-2.043459676827026783e+01
1.592740610407727297e+00
4.084469267078534749e+00
-2.933536007850531746e+01
-1.874409313522284570e+00
-1.772870569353182102e+00
-6.594049533219977555e+00
-3.465785988246707916e+00
1.161208747482438852e+00
5.914419893155202779e-01
6.073006057259719981e+00
-1.886275286792343797e+00
-1.280311407465303297e+01
1.863520803888714106e+00
1.825042444281179232e+00
-1.213809568584412091e+01
-3.085877524333575206e+00
1.349639903789580586e+01
9.198267297950177834e+00
-5.088270199278881911e+00
4.432826104357635022e-01
-3.297028992058706365e+00
-1.681840285209503572e+00
-4.816415922676253736e-01
2.704302294147238968e+02
1.432398661671861930e+02
1.504032626152860530e+02
-1.618694506623088714e+01
4.552269757909880354e+01
1.965533479235753305e+02
1.854212336682677460e+02
3.320636525007224122e+02
1.674768101563595621e+02
3.174661686066880506e+01
1.391220483374505790e+01
-7.735210024495000170e+00
1.308920845757195650e+01
1.010310418716091085e+01
2.461091692447045176e+01
1.950881975372441843e+02
-6.302571579305236149e+00
-4.709902500856007812e+00
2.750398593146349269e-01
-3.114506300398335092e+00
3.579057041432661634e+01
-2.166595200977365820e+01
-8.311290808320801915e+00
2.521942471790992002e+01
-3.326996664559284111e-01
1.887149776022170711e+00
1.617779331218189620e+00
-5.745213402831861327e-01
1.758013630762798130e+01
-8.877261043249828276e+01
-6.481423818253175284e+01
1.077503822961643642e+01
-5.657111981965482705e+00
-3.142643349083291238e+00
-1.255263771039455190e+00
-3.819142374217816105e+00
1.483970693853320144e+00
1.009250479680986246e+00
1.576384704476117005e+00
1.917307613213992346e+00
5.909236650928874290e+00
-1.085480315862471556e+01
-7.981012313219529197e+00
6.263867202143255319e+00
-4.524675443178054479e+01
9.707905401010266999e+00
1.243176435976605987e+00
-5.486489108367524636e+01
5.042134392211075067e+00
-1.897679978964319780e-01
5.070190108885041375e-02
6.321379087452418055e+00
-1.435998367675807241e+00
1.927842634985939663e+00
1.581076767477852085e+00
5.413327033306817304e-01
-1.110614659941278148e+02
-1.111873356271780295e+02
-1.109153017890715631e+02
-4.316573180998112491e+00
-3.024489170139898420e+01
-1.442755495199565132e+02
-1.445179696021935740e+02
-1.358441009823410184e+02
-3.021507929714500662e+00
-4.461485147308400911e+01
-4.453217705192459164e+01
-5.135254539161501874e+00
-9.008345464981724504e+00
-5.755682128578023082e+01
-5.766699906192963709e+01
-5.108020876783331055e+00
-5.710256711198796609e+01
-8.434435664944313515e+00
-3.217098459911281516e+00
-3.995863333756534530e+01
-9.802245201294057964e+00
3.894709854580927999e+00
-1.581234575061373437e+00
-1.483610520357158080e+01
-1.454104779267173626e+02
-5.885919147024267772e+00
-2.834481532121330716e+01
-1.531110502333540921e+02
-4.385835866700134034e+00
-2.595133022959929647e+00
-6.904938781868276143e-01
1.090191985372656935e+00
-5.601159963903723593e+01
-6.865845651425681240e+01
-5.084205318249261296e+01
-4.826366432636297787e+01
1.107013748591883306e+01
-1.282546298779094407e+01
-1.610543156945935550e+01
-8.808547013840760442e+00
8.972005616807193107e+00
-2.087306232580493415e+01
-2.877706353909273673e+01
2.259662235067188973e+01
4.531990731922163462e+01
-1.028240962929393199e+01
-1.594209671233258874e+01
6.524938941047822993e+01
6.421055695296688626e+00
5.451207086541175251e+00
-2.647383800292046008e+00
1.373964342795666704e+00
-8.996531888209322858e+01
-2.052465005928020148e+01
-1.122453010631286752e+01
-7.583569223729961095e+01
1.939031851778448967e+01
-1.327973207454026117e+01
-1.083474477608706366e+01
4.439890203742795904e+01
2.888007537400171021e+00
1.078497343656456486e+01
8.711964701446271775e+00
2.100486623614760795e+00
-1.655321621211200064e-02
-2.341893883121607622e+00
-2.374710590464339521e+00
6.229907356854065548e-02
-1.180652658898175389e+00
-7.386640420540122598e-01
-5.645835561298099270e-01
-1.326275320025018578e+00
1.603789875327975878e+01
3.087121230144030282e+00
1.055506474365995473e+01
1.606607239718875491e+01
1.235349517083454352e+01
8.451579274724966950e+00
6.610889941842850170e-01
1.232616806842634993e+01
-2.539145487709302884e+01
-4.945548942037055085e+00
-1.696704289686834599e+01
-2.543579414162856622e+01
-1.953516573436466430e+01
-1.357800321945681787e+01
-1.064065531110879981e+00
-1.949172938293514434e+01
2.741926224532463152e+00
-9.366831364146175343e-01
-9.282995581488826323e-03
1.647483727801882569e+00
-9.106765482204746576e+00
3.009876995380763809e+00
6.637210874425679696e-01
-9.124712195953637917e+00
-1.945064086983457674e+00
1.899091203153949192e-01
8.505372797111775407e-01
-1.680867012777434333e+00
-1.579850016780364008e+01
2.089154036858928976e+00
9.923753776120313175e-01
-1.549320081118004033e+01
9.839685429409641415e+00
-2.938325847552271330e+00
-3.432230813286550664e+00
1.115996505545301432e+01
-1.918848514575048014e+01
-4.286535093359072235e+00
-2.964428072433131778e+00
-2.157657992985605588e+01
-2.419473974199456023e+01
5.916175667525663151e+00
3.727751806192904360e-01
-2.369236038056419957e+01
2.721090120155056802e+00
1.720078237103787933e+00
3.575523745603772952e+00
1.698331873521152557e+00
-6.274445810068231211e+00
2.727228364873134581e+00
3.722543644620610603e+00
-1.255125816700160879e+00
6.500865900604365777e+01
5.066778283545592565e+00
-8.304243094583674267e-02
6.487115238189873878e+01
2.299751692489483190e+00
2.786626029810242322e+00
1.327290655047914658e+00
-1.415977664264374825e-01
-2.896708747073689083e-01
-1.676545710089545962e-02
-5.497512613094783340e+00
-7.322863615343170984e+00
-3.441403819148384891e+00
-2.739835647690856302e+00
-1.014117654292468584e+00
-1.136578024045898028e+00
-1.944257011219660547e-01
-5.108285657051183648e-01
2.460428686663260756e-01
2.790985224590780689e-01
7.200979214052813937e-01
4.047119630443695160e-01
1.403744097055880991e+00
5.220952240522847010e-01
2.210259282614632639e+02
1.966499932805760409e+01
-6.559847288743481997e+00
2.011626965880712419e+02
4.639011561034773479e+01
8.263792192856811880e+00
3.612015257448670358e+00
3.429417439356272723e+01
1.171118509622973036e+01
-2.392430776418075222e+00
-1.283032771539612815e+00
7.424176736008572419e+00
3.601537060418180403e+01
-3.417761353490213594e+00
3.287722053787004994e-01
3.597312146919408349e+01
1.220412241758441763e+00
2.049094172862490737e+00
-3.250476205563638921e+00
-3.610317612361390038e-01
-2.017212069654374940e-01
4.071672233799775859e-02
-3.312285878615606194e-01
7.532442056503584060e-02
-1.597345457302890566e+02
3.564685675884138760e+01
7.656637306777566820e+00
-1.742643157562745841e+02
-3.361265196715980608e+01
1.140234442449240992e+00
-2.694043374440232785e+00
-4.263866748051083277e+01
-2.569786071725569627e+02
9.965441860218582804e+00
-1.732089291647175244e+01
-2.746660601164750233e+02
1.288102657861125877e+01
-2.629695125144849488e+00
-1.514563261791904147e-01
1.079102813374721137e+01
-4.198867943993458596e+01
6.925816688422834488e+00
1.340831415963428253e+00
-5.958871675961424330e+01
-1.174494321924038687e+00
-9.706303245738938656e-01
-1.860338809289975526e+00
-4.079331888200453449e+00
5.700710236883960169e-01
3.645999134214623627e-01
2.845480834449098495e+00
-2.603281704519346818e-01
3.664046839243038534e+01
-2.631924360589434464e+00
1.260597659706035767e+00
3.887898985603487034e+01
-7.525936081419589918e+00
3.415432297530214711e+00
1.995631785770310529e+00
-8.659126955669682602e+00
-2.749883093727341787e+01
4.082687289537672015e+00
-2.526226124031279996e-01
-3.141440061569855047e+01
1.321583147544944215e+00
-7.184632760985676381e-02
1.078282778926882741e-02
1.334149988432240974e+00
3.129717625549908056e-03
4.662418142912277408e-01
2.956049630089152558e-01
6.055545327854122695e-01
-5.240223336761482109e+00
-1.856807459097383273e+01
-1.851453881975054472e+01
-3.914214997585292455e+00
-2.396935049309215415e+00
-1.861872125927784793e+01
-1.867672601690143352e+01
-9.852569714657500866e-01
-6.043388441171970271e+01
-1.260211683624323165e+01
-1.250394749599324129e+01
3.957777529234669522e+00
-3.177058860853425148e+00
-1.011262797857174434e+01
-1.013426657447929280e+01
-7.187617980900880355e+01
2.086367927457807880e+01
7.292159963403827660e+00
8.999353870584476667e+00
1.274440010104237508e+01
-2.201707841808223520e+01
1.953653263721728539e+00
4.351179626057870564e+00
-2.978149485123876161e+01
-1.549044844016446199e+01
-2.196689642225756955e+01
4.042901446794611608e+00
1.764492677949564214e+00
2.339598138998528043e+01
4.361266549274582793e+00
8.371319964271090042e-01
1.350416269064525743e+01
-2.599399534389599609e+01
-1.805510437924451983e+00
-2.515818592471512627e-01
-2.964677582801652989e+01
3.167544513187739597e+01
-4.418828656327629112e+00
-8.674265286262479169e-01
3.004316533824579949e+01
2.427426159855733090e+01
6.648853396025516282e+00
7.836852433343855395e+00
1.077695009533927006e+01
8.052401524821315437e-01
7.982898909381017649e-01
-3.614000406797734044e+00
-3.692530245455286853e+00
-3.628737432128924245e-02
-1.727305952519898047e-01
4.131873730430569713e-01
-8.680585631390892454e-01
-6.145895311392302496e+00
6.028808909855042586e+00
4.216096137908131425e+00
-6.166935582902437929e+00
2.006482452153814577e+01
7.798148718254319434e+00
6.602587028719749895e+00
1.668768967964367889e+01
7.105824236485398515e+00
2.029708216518517183e+00
2.557930324535951261e+00
1.216341742485772670e+01
1.104827856448491445e+02
-4.643644270731621226e+00
5.879381370552626329e+00
1.164523676820370781e+02
7.098825321794719478e+00
1.835712941190398073e+00
1.311707536885677650e+00
6.505685035312533060e+00
-3.829419072392034451e+01
-4.759200175927031040e+00
-4.616202383742759707e+00
-3.977225685549608869e+01
8.382986390793430331e+00
9.263226465130264486e+00
-1.492312883537180168e+00
5.252369001720087749e-02
1.974670139246737399e+00
8.686683743368785571e+00
3.457882655479551648e+00
3.742260039634725199e+00
-1.472002810788791471e+00
-1.787028802981121545e-01
-8.597077715747808435e-01
-3.885848471670732440e+00
2.701104756623587733e+00
1.091860027462227212e+00
2.313185454202822122e-01
1.621369503403403467e+00
-3.291116898743931873e+00
-1.447780623894841234e+01
-5.763137759132745508e+00
-6.237100066057389647e+00
-1.722784388536968336e+01
1.710036774365331080e+00
6.155499190853718217e-01
-8.798112369029803759e+00
1.939101803383208589e+00
8.240278242936892317e-02
1.212740633183081673e+00
2.716398498486766400e+00
-4.960654282406053106e+00
1.888536936351129236e-01
2.484692091065795194e-01
-3.061123665917719006e+00
2.871307314228268126e+01
-2.850061290609068543e+00
-1.025916531808979792e+00
1.466352061504974635e+01
2.880635452437029453e+00
5.806638478784789670e-02
-3.044786157851164798e-01
-4.340189302892606682e-02
4.382914019576822362e-01
7.280697902354434925e-01
-4.801059087395680436e+00
-9.677730797922202977e-02
1.597912345469332029e+00
-5.274591346158061800e-01
2.616467347756826767e-01
-7.385196314112983662e-02
5.290948374536875720e-01
9.086408253220734643e-02
-2.663187242448183056e+00
8.790985576927524692e-01
6.345880558990268128e+01
-7.303062229911194692e+00
-8.502382995405941557e+00
4.130001543289947818e+01
-2.123809391013193704e+01
5.596605153805482402e+00
1.846025459921813328e+00
-1.423620038932614307e+01
-4.525266248406865401e-03
-2.458149145797007551e-01
2.512080976750573069e-01
-9.182563008580203745e-02
-3.456507424805327577e+00
-1.569430432971455236e+00
-4.626425467783846224e-01
-2.893942171415347708e+00
3.539682318355313129e+01
-9.327675256342503829e+00
-3.076709099869641584e+00
2.372700064887710170e+01
-3.829375886386581840e+01
5.551002433954540294e+00
1.302568099461950846e+00
-3.059616851175624319e+01
1.590314647162477613e+00
2.754722044039165790e-02
2.780857046229606722e-01
2.375759745506261122e+00
3.427774291023420350e+00
-1.198954880500357589e+00
-2.826158284776468799e-01
1.727811877254846307e+00
6.382293143977604899e+01
-9.251670723257436890e+00
-2.170946832436493334e+00
5.099361418626100573e+01
6.156878642256157441e+00
3.227728234460877310e+00
2.323240234375793800e-01
9.277035306489670452e-01
-6.341343084649490036e-01
6.793430417224588513e-02
-1.026146440376018276e+01
-5.379547057434694857e+00
-5.777974502052133365e-01
4.926261675822257158e-01
2.363628906250588579e-01
2.173982572114816214e-01
1.927320570052571125e-01
4.713286830359160462e-02
9.629957503424896315e-01
-8.210436126370702636e-01
2.089198116953259188e+01
-3.216585529157693468e+00
-3.125951342003849387e+00
1.252972509701212722e+01
-1.688643870481372185e-03
-1.194729399420853433e+00
-1.249118641659254791e+00
3.065449172822083072e-03
-4.585156735161419750e-01
-1.790442706358416070e-01
-2.927143813823492313e-01
-4.406577992991794757e-01
-5.488164492079718570e+01
-3.733742313787591627e+01
-1.083569917453769449e+01
-5.478672999570714097e+01
-4.199089060675643026e+01
-2.345427181724089483e+00
-2.985790936102095827e+01
-4.208510040307282907e+01
-2.025232012286931393e+00
2.901514468684106340e+00
5.689984064567173982e-01
-2.017300596730594364e+00
-1.934453682205544922e+00
2.045011665393901279e-01
2.195605969328104479e+00
-1.935056353778689120e+00
-1.764764960103718083e+00
2.685113917082669610e-02
-9.146601402567833749e-04
-1.252862147590216413e+00
-1.228148929227013963e-01
-1.936118956327643470e-01
-1.355540880715311591e-01
-3.626728280137131999e-01
-6.681657889185410681e+01
-1.254766093336870725e+01
-1.244968038112516240e+01
-1.781116562352726751e+00
-8.471481491124206897e+00
-1.002918388520352799e+01
-1.005103241081926058e+01
-7.013572039436154171e+01
9.072352629495652465e-01
-2.251169658677242350e-02
-2.366378273906569185e-02
1.745507220656807856e-01
2.732590585121080218e-01
-3.378452804103269924e-02
-3.425703802289199740e-02
1.115748579627255488e+00
-2.291064115145290003e+01
6.345186278401208080e-01
2.917360752217530440e+00
-2.425647669843748133e+01
-1.544315244139818866e+01
-4.348272906027313311e+00
-2.887220706656804747e+00
-2.411480419858464330e+01
-6.710431306886494029e-01
-7.664935913477436413e-01
2.842463812093685593e+00
3.433796458976659860e+00
6.482649069323587199e-02
1.258465551169121732e-01
1.279850290609051318e-02
5.704719571193554994e-01
1.086498565535387861e+01
4.290688187024566780e+00
3.938472259663170938e+00
8.759612839154506503e+00
1.008948843488669240e+02
1.098890303477198138e+01
2.254381161694964053e+00
9.948300360624646999e+01
-2.314073749859998086e-01
2.501906404623695235e-02
5.539349690168256235e-02
-2.328072891894330254e-01
-1.700880503758990248e+00
-4.254220006888161376e-01
-2.763680746711743019e-01
-1.394940090698287394e+00
-4.554044218355183027e+00
1.115708023282411920e+00
5.595112737320582230e-01
-5.389069820661854138e+00
1.318051376481306569e+01
5.952219475820808903e+00
4.235618591413848222e+00
1.263379337237574696e+01
-3.768375721332474448e+00
-3.229429642443779613e+00
1.086384046108936241e+00
9.575253937352049549e-01
6.460144350127225543e+00
-1.435754793963188503e+00
-1.499033812585432779e+00
9.229022861424912350e+00
-6.052891717398541260e+00
1.610106626425477527e+00
2.607608812005073329e-01
-7.554883939629584155e+00
