-1.029819091263816239e-01
3.228778743631666170e-01
-5.414782939990180240e-04
-3.909754952478201040e-01
2.463940523070362876e-01
-3.363318983822766433e-03
4.023481996005016104e-01
-2.462643857356012211e-01
3.731944008718531269e-01
-4.099794793541852722e-02
1.274986130887377674e-02
-4.169824181190476264e-01
2.624096292653896323e-01
-1.418182479955783920e-03
-7.044186300417499928e-03
-3.286235534076982767e-01
2.300250601501188097e-01
1.288085274910150679e-01
4.440443107358135050e-03
1.188984318283358051e-02
1.542536988754826532e-01
3.106892209620215062e-01
7.006123257822899353e-02
2.382602005917075147e-03
1.855425287097081655e-01
6.354205598060458371e-02
-2.124558647431490019e-02
-1.993045529979523001e-02
4.235202569437957615e-02
5.353232426263911797e-02
-1.964682478261410570e-02
-3.625692914737195516e-02
3.340388533281308386e-02
-5.067044653192879708e-03
1.094639613749617000e-03
2.562992902086699224e-03
-7.061642641806341499e-03
3.534599385534391552e-03
-1.604028812905492277e-02
1.557471403796737959e-03
-8.951235169680682793e-03
-4.448977274121900666e-02
-4.046132620839443250e-02
-1.050052759654313689e-01
-7.745327440183784155e-03
3.320419104038072750e-02
-8.904154592029320248e-02
1.014360198659632929e-02
-5.869557663619642818e-02
5.757654724952331743e-03
-2.431877245373506927e-03
-2.153468144175256331e-03
6.546616583700768169e-03
-1.706802134932299334e-02
-3.175564903151058965e-02
-1.319024916172465388e-02
-7.151863340814211545e-03
-2.366307426294136495e-03
1.071460622628208487e-02
3.275889901662999183e-03
2.016755011817183366e-03
-1.649520110471184523e-03
-4.561612841061810954e-03
1.264877822958359876e-01
4.191001259828889824e-01
2.543404256036216893e-01
4.674729092501180190e-03
-1.059669961443936159e-02
3.507560278800680997e-01
4.441341963005289717e-01
3.653064934735400504e-02
-5.167295765565638188e-02
6.231585069799840809e-02
5.516759199577103701e-02
1.476274630692292304e-02
-1.029755830991429394e-02
6.069410406295380929e-03
3.044910785577560966e-03
1.017552757070250974e-02
-7.399960463777547313e-03
-4.928395008447239781e-03
9.645398375756822698e-03
1.635300595134466569e-03
4.348569222685743155e-03
1.295557629903870862e-02
-1.948439078432070244e-03
-3.853145635473414002e-03
-2.092822288047280557e-02
-2.106044009639385789e-02
-9.977010351339276814e-03
-4.861970225870224614e-03
-7.478516896696982275e-02
-3.609172482909023955e-02
-7.712924237827853413e-02
-4.846366042772851102e-02
1.059490568816334483e-04
-1.366239876382833486e-02
4.540948547399522792e-03
6.213915019574020766e-04
2.725500332220121263e-03
1.655030540748515886e-03
-5.576133877990301817e-04
-2.068823620202608904e-03
-4.589746323432746314e-03
9.811849979595968670e-04
-2.126039767670431704e-03
1.680250547368599204e-02
6.272790527680015271e-02
3.314079845295742066e-02
3.712841097451454711e-04
1.491859236730551722e-02
-6.195353410310706216e-02
-7.635205566635781815e-02
-1.662495148426681654e-02
-6.123991025712783101e-03
-4.458709293023462722e-02
-2.826464684700954674e-02
-2.933080050866510458e-03
2.619105424739809687e-02
-3.090937734386851442e-03
-4.938791567954719164e-04
-2.274245672349970663e-03
-5.267837571929944633e-04
-2.334884224247334421e-04
-1.858484993080334463e-02
-8.029916241468823893e-03
8.757474545896443835e-03
6.840521133251608113e-03
7.838407993130071597e-03
2.186733107819737679e-03
6.966944444457064557e-04
-9.167512359191764930e-04
-3.421310886402276121e-03
6.133666156051260747e-04
2.419237539215253474e-03
1.122861287151998844e-01
-1.960934402402384532e-03
-5.517170021007697378e-03
-2.940665291989684894e-03
2.193829314351535692e-02
-4.951434010236452528e-03
-6.807169412451747302e-03
-2.687012678637910965e-03
-2.701817202251380681e-02
-1.723768601738424801e-03
-5.545962576546461381e-03
-5.782729765221039653e-03
-4.102513796863509893e-02
-9.807081510526902482e-03
-3.397792513253767351e-03
2.139335009872860363e-03
-6.843268343688619672e-03
7.246759286702202964e-03
-2.000879663153234608e-02
1.052609584098567180e-03
-9.621248099569218101e-03
1.015613234978481614e-03
2.898785585531681377e-03
6.482906469187527457e-03
1.766647950058454486e-02
-2.478467133520143115e-03
1.170835664765520036e-03
1.634121649413972435e-02
-3.749394496702423626e-03
2.528697998502522307e-03
4.192791973426035490e-03
-2.527460611166434598e-02
6.345349001581871047e-03
7.483051671202750610e-03
-1.311076569928558595e-02
1.183183944292570330e-02
3.902739567611393989e-04
2.702602300045029750e-03
6.123977077271379466e-03
-8.644444444452565777e-05
-4.263222222221278376e-03
-8.541595500349156772e-04
2.994904210682297835e-04
-1.373179895350015245e-03
5.373846091154330443e-03
-1.551655691725518926e-02
-6.124492887994174330e-03
6.158116140153690674e-03
7.346740196483133624e-03
7.438088509839456278e-04
-3.278061723113840590e-04
3.717694444444369015e-03
-2.367432620985544280e-03
-5.509207578447062508e-04
4.499999998963175035e-06
1.126388888890210438e-03
-5.005555555527663549e-05
2.166666667760816261e-06
6.580994229742547852e-04
7.007152247574549185e-04
1.145774033268424268e-03
1.749888385074344652e-04
-2.997795899929615133e-04
2.467582619615913547e-03
-1.270535964200903355e-04
1.383925730281263726e-04
-4.977777777742845537e-05
-8.183333333340244179e-04
-1.275443636518109073e-03
-3.134368842111738638e-03
3.374813537359622239e-04
-5.449825642416494505e-04
-9.719444444452165002e-04
8.661111110999365715e-05
-2.849438602451668883e-04
6.665239428622636618e-04
-3.859619777314775269e-04
-1.318236261934583209e-04
2.575916666668209495e-03
9.399086620185324826e-04
-1.533776306530564102e-03
5.449999999955777084e-05
-2.201388888886010239e-03
-4.894444444474968433e-05
-1.166666666682811027e-06
1.372916423472767987e-03
2.909357189220705350e-05
-1.457291023146606366e-04
-2.872803841755423447e-04
-1.440344147010031994e-05
5.310719796170548096e-03
4.676699597725039693e-04
-4.488700560544423143e-04
-1.242222222214277869e-04
-2.316666666677657518e-04
2.748184460067965690e-04
-1.276329648299861803e-03
-7.068280043964784640e-04
-2.773776586878069187e-04
6.369444444426286068e-04
9.438888888824414338e-05
-8.033694139945481280e-04
-5.773858659678713333e-04
2.757050767838184566e-04
8.120935699258662987e-05
1.932583333334891244e-03
1.316062044480632289e-04
-1.856254682770878137e-03
1.022315614269954931e-01
-2.297198666310764636e-01
2.945702533450988633e-02
2.502346271046155812e-01
2.038861375136855336e-01
-1.056066729462914883e-01
-3.231054880294512155e-01
1.573389127958855355e-02
-1.584249319727031383e-02
2.667633664010405845e-02
-1.058631036361865757e-03
8.857002243725035917e-03
-1.525242027358788589e-02
-1.145200820115575141e-03
2.267961885922907539e-02
-1.579100968246612002e-02
-8.091646671970103774e-03
-3.271846947708821271e-03
-6.617080712871602211e-02
-1.998929592731404636e-01
-1.229110380500613720e-01
1.098850378494064910e-02
4.998668838508069784e-03
-1.192453520812371617e-02
-1.151030820532787137e-02
-8.003795953238053776e-03
2.848940680346402372e-03
3.498162868116020535e-02
2.883886602676609748e-02
-1.900006846672982336e-02
4.191490951889846606e-02
2.374092772482312708e-02
8.290086409583993787e-03
6.035491807622582472e-02
-1.375225018444287649e-02
1.171872300514086203e-02
2.205196118146858595e-03
-4.018553994017108085e-06
1.669569579451563208e-03
9.066246005653340670e-03
4.512540698542724313e-04
3.006297620928723808e-04
-1.518300231156576377e-02
-4.459177304057241123e-03
-4.546689380748076756e-03
-5.636416109573568096e-03
1.478686112285037060e-03
2.443592774881007523e-03
7.703946804912075071e-03
-2.260576153263868428e-03
-9.273850468788743433e-04
1.030710151226191430e-04
-1.664981932936092802e-03
3.764199387340086411e-03
9.287906782052193777e-02
8.381088399907600170e-03
4.436754060877544370e-02
1.398839835655501795e-01
1.744756110375378644e-01
2.493208812787921572e-02
1.503752811450279232e-02
1.308199451059368912e-01
1.579815010645976847e-02
-5.257413943640368813e-03
-2.427685924054344933e-03
2.082185072865500031e-02
-8.551987484187464905e-03
1.059694381364625557e-02
-8.107914074158610596e-03
-1.190295008599119402e-02
-1.189184101175929861e-02
-2.163366333179382421e-03
1.042230101547702605e-02
-1.311264560936355184e-02
1.546368195195255051e-05
2.598925933409075052e-03
3.287948294277590316e-03
2.110328531609552893e-05
-1.525854221881585981e-01
-1.102301950127862647e-02
-1.003029627046031630e-01
-2.053605659076533640e-01
-3.404138557561890016e-02
8.640343541208002007e-03
-2.036505516658741050e-02
-4.229741842362339660e-02
2.874053708705749319e-02
2.502804909284717105e-01
6.119690229202359721e-02
-7.055628686606305044e-02
-8.575673853051389572e-02
-6.607654897185480554e-03
1.623712395086812366e-01
-2.138571092256369433e-02
-2.251442352282222517e-02
-1.543457003980431793e-04
1.384206161435674008e-02
1.843195210598198115e-03
5.469049000619079573e-03
-7.901106483301084671e-03
-1.029961776312797624e-02
-9.439752196485171054e-03
-5.724093943851206456e-02
-2.013983792644043289e-03
-1.570258839911820720e-02
-9.756379868554188040e-02
-6.962109688888980241e-02
1.152531139163480043e-03
-6.703131846987298199e-03
-1.132908749099656998e-01
3.986795573645309648e-03
5.470543689866671187e-03
4.244256132580619297e-03
-4.435266568692926509e-04
1.220606008888652956e-02
-4.236580483913849476e-02
-3.591815998956196521e-02
1.019035904795838332e-02
-2.715775651366710811e-04
5.091134392880709500e-03
9.131970539575715376e-03
1.633601036524038935e-03
1.243783875256692338e-02
2.736655325005507219e-02
1.701493475081603257e-01
7.318284674728607608e-02
1.571069682847986426e-02
7.453585770661423637e-02
7.271608502434285734e-03
-1.516972887993815397e-02
4.642387675697939864e-03
1.296065021907369906e-03
-6.782400833676309471e-03
-1.684196078771353286e-02
-6.864526817401889365e-03
-8.529361452046834921e-03
-1.016978132603859513e-03
6.501274984121180843e-03
3.409106861805769723e-04
2.971506129991734017e-03
-5.240766728356112403e-03
3.049863097423953441e-04
2.517087837858688996e-03
3.857516917281572167e-04
-1.470304514308128172e-03
2.093395207430263135e-03
7.805644074392454040e-04
1.719387313145264394e-04
-1.071517247271242782e-04
1.754593686637968527e-03
-9.682050188566826854e-04
-3.562681573495968864e-03
8.493568502520365548e-03
-1.132786596939194248e-03
-4.769451252522656504e-03
2.000701453207682449e-03
1.329974089946007717e-03
-1.107408468838173626e-03
-5.078381682173351529e-03
-1.507687256698625857e-03
8.758105493298382147e-04
-3.687007499541916471e-03
-2.174444954255361565e-03
-2.137835472064626794e-03
-9.721249804900648902e-04
-2.375185918326135331e-03
8.550266776521958656e-03
1.464658418246949853e-03
1.841468022181804972e-03
2.304551708214808581e-03
1.634211326167943346e-02
2.954742584525501745e-02
5.870802300505863734e-03
-3.781699659205300934e-02
-1.603140002320717046e-03
-3.349636074023803166e-03
-1.176095369192406079e-02
-9.303958514037966032e-03
8.898390017411186154e-03
-3.378075713124754909e-03
-6.237177307185404499e-04
1.323580308657141928e-02
-6.409165809419695159e-02
-9.360566300053768662e-02
-8.640264358227299490e-02
-1.878496869361103924e-02
9.725463555655306652e-03
4.774286324145839491e-03
5.488190400574482000e-03
-2.403971377772717508e-02
2.830744628295486093e-02
1.258651346130281769e-02
2.792573884910327237e-02
-2.999329358404559734e-03
-1.052763819945019136e-01
-2.551153515148328887e-01
-1.864190446287432856e-01
-5.880695233708625388e-03
-2.235083797855371562e-02
-2.928790376236758454e-03
8.104602893089679280e-03
5.183795930314298410e-03
6.737349613793471026e-02
1.090627294121299871e-04
4.544364910037833674e-03
8.541046182583870994e-02
7.626360791127920202e-02
3.592745090721750911e-03
-3.450297765907558468e-03
5.286603188532938702e-02
-5.072678523139608625e-03
-1.279360125449085760e-05
-1.333102518668144692e-04
-6.056772084403136587e-03
-8.725658671777530156e-03
5.495552543297372488e-04
1.329756629439412781e-03
-8.944552820952604219e-03
-2.009876922943303751e-02
-1.753312720090794904e-02
-1.843677745162132856e-02
-1.296350505986528130e-02
1.715683545131438436e-03
1.058834492851735585e-03
2.905848484534326662e-03
9.433281912272693109e-03
7.306420393844050357e-03
5.542038248221962081e-03
-4.792646679213021996e-03
-4.129935877724809877e-03
-9.259550065982959099e-02
-1.158904542249209607e-02
-9.272870223286353714e-03
-6.499967984447907465e-02
-1.440514547207615535e-03
-6.235757261650735125e-04
8.043053336698909300e-04
2.742418838208372442e-03
-7.700610990277688937e-03
1.401151476921248806e-02
-3.941303020561860715e-02
-3.186835297738723621e-02
5.982021270068764787e-03
-9.572217919237359027e-03
-9.674982237829783801e-04
1.693608845740684609e-03
2.802735515162799521e-02
-1.028216910411259254e-02
1.396962367041484085e-03
-1.652993488821829712e-02
-2.959662781864709209e-04
-4.373357405052566600e-03
-4.660744748983823398e-03
1.148014782656032800e-03
-4.492005708605255505e-03
-2.022225193794452436e-04
-5.115396072970181465e-03
-1.262243452439644150e-04
-1.269965435350829241e-03
1.025251640759748889e-03
3.689405120761820640e-05
-2.379245423198498265e-03
-5.239310084951387782e-04
-1.755445023086736308e-03
6.931963080521377947e-03
-1.527085172154624615e-03
-6.904266381890465480e-03
3.286424281894214598e-03
3.148242799847949039e-03
-1.476546074399506456e-02
1.156837873018904707e-02
7.491957941234551714e-03
5.805347498244023061e-03
-6.955637991590068493e-03
-4.666099191597558940e-04
-2.946322415815580561e-04
-1.943998127850424425e-03
2.344749414947989736e-03
9.671366932959942625e-03
2.516487624269408280e-02
-1.914159936078359617e-02
7.893883508611769864e-03
1.920629776588591436e-02
2.115576299619517306e-02
-2.509362085541862186e-02
1.207232137539451799e-02
3.511992345642811486e-02
-8.380076336038819141e-04
6.781573688489697920e-04
4.479482595105353099e-02
2.155761401344190656e-02
4.760393718691887169e-03
-5.187735263912795873e-03
1.579077936806766100e-02
-1.601501798976846238e-03
-3.664078624353892888e-04
-5.749200761732553436e-04
-2.794620578591805373e-03
-2.223298570379490888e-03
-1.011373949035911145e-03
3.033851898581719619e-03
-6.428414383567597522e-04
-1.855683997958790937e-02
-1.658042900191315089e-02
-9.036776141333221872e-04
-7.505188960982433696e-03
1.119296351902875205e-03
-1.462199790043537933e-03
4.615641908572908937e-03
-4.021993532723511537e-04
5.990885510175008623e-03
7.142761950514692421e-04
-3.094981163490556717e-03
1.203689312573156048e-02
-7.371883645945763106e-03
-3.440225862177901869e-03
1.703102015006029797e-03
2.883821817181935355e-03
-6.136606701627828932e-03
-4.398275854118787950e-03
1.623802904536441770e-03
1.667372414787254972e-03
7.462717108901301393e-04
1.080268897092934340e-04
1.027584181726201064e-02
8.196999327195484200e-03
-1.161106519301513124e-01
-5.984959619118316275e-03
1.424431920105068312e-02
-1.412515625897179349e-02
3.399372864317004583e-02
-6.594070879741920424e-04
-1.657427174680425885e-01
2.129154490167442862e-02
-1.613199219244702311e-03
2.921126852165481427e-03
4.625154678109145989e-02
-4.092137685776291254e-04
1.467125052575011246e-01
-1.163191263927463096e-02
-3.470339256276450818e-02
1.027008831008335323e-02
-2.798559022206524756e-03
-5.748169433608421759e-03
2.357700950407066315e-02
9.307540134455631956e-03
-1.531968201058736025e-02
3.401652771071301228e-04
3.548017463630440127e-02
1.474262052688353128e-02
-1.994008414015564085e-02
-1.049734498007622550e-02
3.799332234086868348e-02
-2.035695138650722973e-03
8.440520138450376131e-03
4.215648190694473718e-02
4.055765701283378655e-02
-1.111636288912911654e-03
1.217027178205381957e-03
1.194246344333725748e-03
-4.925401385088250608e-03
-5.586906228695322435e-04
-1.096057920251610916e-03
2.394884041138574220e-03
8.473211603297236411e-03
-6.760193537815309872e-05
7.511185020006899866e-04
-3.373101391914699898e-04
6.644664728179708151e-04
-2.394290124116506442e-03
-4.104026836203883248e-03
8.821000120156467089e-03
-3.522389688572405420e-02
-8.960695873880559353e-03
8.032210317101285899e-03
-1.667411799669525196e-03
-1.363131979989432767e-03
9.791487106115251329e-04
-9.039319215860897386e-04
-4.146285434637688588e-02
-2.643047039408564017e-03
-6.777275643704606251e-03
1.237367628352138704e-01
1.682896959822993421e-01
7.304518542357773571e-03
-2.302070809303128837e-02
6.057927264368973691e-02
-2.647181816922620709e-02
-1.318960155783950247e-02
-7.237454066063355243e-03
-1.945794575659418827e-03
3.198579184220783165e-03
4.474664067677756461e-04
-1.010603799150893226e-02
-9.179589056517863457e-03
-7.765167556857129061e-02
9.423079757786487209e-03
1.721848767598763846e-03
-1.213806493359999711e-01
8.924222323846727964e-03
6.972116290549415681e-03
2.154051058696569883e-03
1.164145241197155067e-02
-1.107245052676431030e-02
-1.412757955017800680e-04
-1.310319100976010676e-01
-4.163426481672872180e-03
-3.131964739831567812e-02
-2.625287064457877961e-01
1.015101546090894924e-02
1.833656015691251652e-04
2.373943616982973712e-03
4.167317584285558547e-03
-7.950115984678109149e-02
-1.941575311322680814e-03
1.345917403428184599e-03
-7.589700435811165546e-02
7.941420376261769387e-03
-1.307759254601939059e-03
-2.468150957193183340e-03
7.960018800065143604e-03
-1.105726631208206467e-02
3.115437906605483809e-03
-1.127763319928456499e-03
-5.888847962133050319e-03
7.031197733478895991e-03
4.041236036122283250e-03
-2.306625883072576516e-03
1.226058480386825944e-03
9.274688505684463820e-04
4.086422988710700262e-03
-2.725642081813851522e-02
8.188340567689623289e-03
-9.152431763712524579e-03
-3.668535956540142778e-02
-1.772857257850149514e-03
3.989216208783737767e-05
2.816882168033896846e-04
-1.713576126044500650e-03
1.074012081483067095e-03
-4.544323446020908860e-03
9.002212576981137018e-04
3.626900205999553095e-03
-2.981129004431219177e-03
-8.930157212685349566e-03
1.142610544117194336e-02
1.713373998808231241e-03
-2.011005727255992144e-03
2.059004937245284116e-03
-2.822529694918391114e-04
-8.530599744640914722e-03
-1.144537933335844013e-02
5.569953098350243631e-03
-4.252344141602535169e-03
-4.814153187187762001e-02
4.523744477261461804e-03
-3.140387383648289587e-04
4.927968340913356157e-03
3.196514519947160106e-03
4.874488405878498083e-03
-2.814889321426056450e-03
-2.697909161119159405e-02
5.904044439993562203e-03
2.226454073947677515e-03
-1.700420713240578807e-03
1.614777792365224398e-03
-4.895128250969128618e-03
-1.221834414959855480e-02
1.591096096163833367e-03
5.910771630123073939e-04
5.706435214252594118e-03
-1.315379135308924509e-02
5.711282073262015195e-03
4.238567560333277723e-02
-2.611636752787433596e-02
1.609031791195396355e-02
-8.534704070571771896e-04
-3.164124545806653276e-03
-1.049383197214285354e-03
-1.880151711546955732e-03
-1.310688350054949394e-03
1.793983595614055335e-03
-2.381143720306282130e-03
-6.710328362305763295e-04
-9.786669926203126846e-05
3.302643137145773000e-04
-1.248588886802289716e-03
-3.002237405381602206e-02
1.731630794632333520e-03
5.124070283466911069e-03
-2.054506746687384446e-03
7.554503531431619456e-02
6.630506221248267523e-03
-7.900573791727080741e-02
1.441460502738821717e-02
-3.925781072422874704e-03
1.088925600730990956e-02
-3.053181155152627155e-02
8.153846406803730643e-03
4.061328208983290208e-03
1.250893700646257302e-02
-5.647238975204538214e-02
-9.397305570378019016e-03
-2.977190221731443667e-02
-1.194302532827908325e-01
1.863993901501118100e-02
-1.805043278853291631e-04
-3.357678522052409448e-04
1.637866382433535856e-02
2.463063958236813827e-03
-1.312469653599843166e-04
-9.251857061604823831e-05
3.856633549054559133e-03
-7.679366998290949875e-02
8.527808680609001019e-04
-5.253323915106586275e-04
-1.650165816528330331e-01
-1.342278913328861789e-01
-1.771881381325986465e-04
2.146279855333034503e-03
-6.421656776725567957e-03
-3.803084804378733391e-02
5.647524524808339051e-04
-2.064451677752884330e-04
-7.329395138866194592e-02
-6.204982872661686522e-02
-5.025742565482360679e-05
1.205412172924725210e-03
-1.298739226778501503e-02
6.875950433918073812e-03
5.658150005679821876e-04
1.548650316722270312e-04
6.132810406011610441e-03
2.009414020425276740e-02
3.009447941665412823e-02
-5.003855753271185640e-03
-9.322659297552257640e-03
5.730852219101330650e-03
-8.591213054105761859e-03
-1.471705093743209437e-02
-2.375524213499830006e-02
4.159555392775167101e-03
1.491116846372408152e-03
-4.649578823246513191e-03
6.830571061157720940e-03
-2.559679931923353538e-02
-1.458986634390356876e-02
-3.277029362393972522e-02
6.162077863806696490e-03
1.616618930538057637e-03
9.938283113437876293e-03
4.571712792683782500e-02
2.962064920282215727e-02
1.270535370854275828e-02
-1.407876303592264441e-02
-7.641011148891386703e-03
3.258873704124502432e-03
-4.330183237287256286e-03
-3.313848961741355705e-03
-1.714294852668665076e-02
2.584439172175783880e-02
-6.254950497623346616e-04
1.063672322035518619e-02
1.741352131362921673e-03
-2.900437451260221098e-03
1.552988302985999292e-03
-1.290241948921606570e-03
1.073770915886100184e-03
-1.573878783213720697e-02
-1.216046574554003820e-02
-6.224466333007232580e-03
-7.004523443829384181e-03
8.946071329973482450e-03
1.949016516662640044e-02
-7.581249620280292381e-03
2.825486336482436328e-02
3.675475244378756390e-02
-4.071448019882282533e-03
1.319273204197145668e-03
2.354262895600146323e-03
-1.373382120917170839e-03
7.784147232160249950e-04
-9.103286461376266549e-04
6.817738307292917944e-03
-1.904107312415233592e-03
-2.416536616516754346e-02
3.528977203850734452e-03
1.528305922247319946e-03
4.330678700583184479e-03
3.331253468892224584e-04
2.464622725284186522e-03
4.556336043667340990e-02
3.943650555871289036e-04
-2.395152290157918570e-02
6.292180660290661032e-02
-3.175434994965477611e-03
1.101511841672698361e-02
-1.174236742701500052e-01
-4.163314637178614983e-03
5.061471573856719634e-04
1.398755103969028801e-01
-1.543878836436153069e-02
-4.056684816999912672e-03
-3.414609904451746010e-03
5.034706989756828482e-02
-1.875022633526667731e-02
-9.730201322465372935e-04
-2.384033799909095804e-03
-1.383301146115535228e-03
2.544093105417392139e-03
7.614027470526443103e-03
4.828139559518329627e-03
1.533980178655377710e-02
5.948380860510004559e-02
-5.571295617293822375e-03
-4.901005991560586838e-04
2.708171166497919287e-03
-1.477627275912714571e-03
3.842474887076215151e-02
-1.106467396629918533e-02
1.176808614617327366e-02
2.975813105091271952e-03
5.318501785109919569e-03
6.773195542625410400e-04
-1.495642614033212232e-04
-1.082977699802871137e-04
1.740542837493655459e-02
-5.959775680077244358e-04
1.226502295485077179e-02
2.245721675898740277e-02
