5.120000000000013863e-04
1.501194999999999891e-01
-1.167500000000293059e-04
2.440966157041312215e-02
3.434338082141310676e-04
1.000499999999977969e-03
3.750000000003834190e-06
2.967950000000000865e-01
3.374999999988987260e-05
-1.347499999999741103e-04
-2.072499999999624556e-04
-2.207363873025657355e-03
-2.090460868973390788e-03
5.294999999999774713e-04
-2.324999999999516445e-05
1.500835000000001473e-01
-2.905000000000723843e-04
2.049999999999466800e-04
1.012500000003627550e-05
9.990000000000157174e-04
2.250000000012825406e-06
-3.225000000000132600e-05
-5.000000000107779422e-07
2.968369999999999620e-01
8.099999999999268538e-05
-4.225000000007289602e-05
-8.224999999988169346e-05
-6.649999999997213967e-05
-1.687500000002913476e-05
-8.274999999994200081e-05
1.613749999999320806e-04
-5.480096921543012583e-05
1.412736460688354483e-04
2.074033854385675356e-03
9.300261404053428182e-05
5.908011462844853928e-02
-3.995569315883615996e-02
1.286132807388981267e-02
8.945594265704981743e-03
2.472111160950942257e-02
1.074364652617844276e-03
-4.287337763474252141e-03
-1.508975456174874857e-04
1.788239757230213056e-01
-5.177406730164504228e-02
-1.220414159410225519e-02
-3.309504465518747687e-03
5.008695250990666259e-02
3.536576824514458400e-02
-1.830010431999658889e-03
-1.303991889509601831e-03
8.014073624158942442e-04
-1.169223733354138832e-04
1.700175036086802320e-05
3.464148874224569916e-05
4.747278967314406267e-02
-4.732539646467220223e-02
-1.626316615905623315e-04
1.338823289203273795e-04
6.852662059908851133e-03
5.157539589401790442e-03
-3.766040170870429906e-04
-2.424643196838415610e-04
1.415605545428411452e-02
6.344983443687742149e-04
-2.814047335358186934e-04
-1.246648894482325558e-05
-3.742812584630084670e-03
1.134756996882161593e-04
-1.407603442494213960e-04
-2.427551552940419716e-05
1.609552994044973484e-01
-6.219248460020544017e-02
4.065574344918940057e-04
3.438148212278525516e-04
-1.382951870476464666e-02
-4.293102158927487519e-03
1.382262165677715566e-04
-2.294763213578366592e-04
4.228058828146427639e-02
2.631604423525605446e-02
2.055008356541255491e-04
-2.913441229064227451e-04
-3.645166728459555295e-03
-1.936519616124774074e-03
-5.143814331681377050e-04
5.064082395330744401e-04
-4.861876464801483111e-03
-2.429026957486083566e-04
