5.134999999999976823e-04
1.499590000000000367e-01
1.117500000000226385e-04
1.755066504988013129e-02
-1.609370333829968167e-03
1.012999999999999795e-03
1.749999999985179650e-06
2.972095000000000153e-01
3.774999999987689841e-05
1.232499999999839681e-04
-1.749999999994903419e-05
-3.796186255587309243e-04
3.261156996671129606e-05
5.055000000000383622e-04
5.499999999996004403e-06
1.498754999999999393e-01
2.267499999999993045e-04
-1.274999999999806833e-04
1.003749999999862716e-04
1.014499999999973106e-03
-5.749999999998729455e-06
5.000000000050870455e-07
8.375000000005295933e-06
2.971565000000001011e-01
-2.999999999990333058e-05
5.650000000005460767e-05
-2.496249999999935586e-04
1.570000000000763764e-04
-7.625000000061325873e-06
1.437499999999354875e-04
9.437500000000740327e-05
-2.740077916210603638e-04
-7.666738118317092759e-05
2.014938767002003115e-03
-2.096212707545592395e-04
1.193508217785975850e-01
-3.454917171030076617e-02
2.989702102213650202e-04
4.338026141837382152e-03
1.530300548752236249e-02
-3.287481250119051422e-04
-1.928910690597469878e-03
-5.238546756788771500e-05
2.792532615217215297e-01
-2.326154482241735502e-02
1.305670614039245109e-03
4.197751609992463225e-05
-5.709062293974027404e-03
1.724115683224825349e-02
7.519787286357574587e-04
1.237119436705930652e-04
1.156314693239568264e-03
1.017640822574544423e-05
-3.229258028754382814e-05
-7.768123695432286614e-05
1.200101943925270254e-01
-3.453955402303314492e-02
2.172145623889590692e-05
-4.183453835583567136e-04
-6.666852153953477754e-05
2.223783657344650076e-03
-6.440343738716314964e-04
9.739012383584907126e-04
8.728441598956412223e-03
8.734671678973079858e-04
1.767666460449639123e-04
2.141970671313886735e-04
-1.112705049955772666e-03
-1.884152013922791192e-04
-2.097872312244799815e-04
1.400639302316942765e-04
2.792844086098724699e-01
-2.349090726955200756e-02
7.790305318413599876e-05
-3.194344309215518644e-05
7.179100056765316080e-04
3.895074556382973653e-04
-2.161745826799155146e-04
-1.630936353928706477e-04
-2.731900231102859719e-03
1.307540635521757012e-02
-1.314926176062435796e-04
-2.437887057933413307e-06
9.972582583119664335e-04
-3.427361351981065142e-04
9.070610558485513099e-05
-1.825310940920625558e-04
2.860552015061955302e-04
-9.525440323845880053e-04
