2.219467575083616495e+01
4.302407418465824662e+01
1.488318810094853284e-01
2.252900483592273773e+01
1.453897998406952183e+02
4.357104658471995151e+01
3.216518619957777503e+01
4.064415840158571314e+01
1.532909170864915041e+02
-6.434201957327804422e+00
1.177316362597682353e+00
3.702940677246315815e-01
1.705522840547944270e+02
-5.578942476251441462e+00
-1.916371341528183836e-01
-7.391048457435031693e+00
1.910106182254558860e+02
1.353360049904603279e+01
2.938210482818650049e-01
5.097020648340259363e+00
3.745543398078790442e+00
1.315097523049067263e+01
7.315329496001904630e+00
6.499276700632708348e+00
1.765998942029783336e+01
-2.536560958767751561e+00
-1.676040946777431273e+01
-1.733692184417794380e+01
-1.540677356985905300e-01
-4.529530162420415174e+00
-4.219235743431602259e+01
-4.817821705922601438e+01
-2.030143294216395056e+00
-2.274268688748640743e-01
5.816496728785253367e+00
-7.758698848291107897e-01
1.376263546811580918e+00
-7.443550865028938368e-01
-8.725425046797007367e-01
-1.544936746021338347e+00
3.421076146998139889e-01
-7.262461958075520307e+00
8.520069373111413213e+00
-4.978493665042276750e-01
-1.267288397607991612e+01
-6.738577773114781344e+00
-3.850220266789793122e+00
5.824284351684397620e+00
-5.581911489722771513e+00
7.377927550701135484e-01
6.411120256844424770e-01
2.534492725149491754e+00
1.010636694659934998e+00
-5.208284267481003704e-01
9.973392702172502455e-02
7.610377183503048704e-01
-3.636169178049585060e+00
1.662341315074675752e-01
-1.252140841010561390e-01
-2.553783387328090182e-01
-2.154168311956678183e-01
-1.761530568668925412e+01
-1.617402571792003307e+00
-1.265353577837609711e+00
8.079846646439550639e+00
2.254835429056760887e+01
-9.740808252057297167e+00
-9.488047729158491705e+00
-5.174121835557752291e+00
-1.024000579204109762e+01
3.714076235952151972e+00
3.917559444519014722e+00
6.890372095261914964e+00
7.862084241370038917e+00
5.960130087820972200e+00
6.629088077026624504e+00
-1.350621884678410822e+01
-1.724123597756445525e+00
1.899564302885909661e-01
1.956671710109842977e+00
2.541504023753862640e+00
2.502101367886581329e+01
5.589921652421445675e-01
-1.937194097449496666e-01
2.284328840674977812e+01
1.583865420805573088e+01
4.498485197875680131e-01
-1.205399043933884151e+01
3.879141119563646356e+01
-1.430839040470423384e+01
2.230591168090853837e-01
-1.873210241799923848e-01
-1.344177213456159414e+01
5.909701107126911879e+00
-4.991720556280526688e-01
-9.734643890229600638e-01
-9.166516160817588244e-01
4.405223357372994308e-01
-1.776842948720108728e-02
-1.594434540339662310e-01
3.965822753217013719e-01
8.217316850045708776e+00
-1.343773310184657732e-01
-4.148139922819024106e-01
5.049305549786817338e+00
9.699060829178087317e+00
6.358368917143013554e-01
1.920234191912947586e-01
6.558405150566273711e+00
-6.270841448087126624e-01
1.469068690191078774e-01
2.146475221985889859e-01
6.141711794512461076e-01
1.451312054565508713e+00
3.859663915440984527e-01
4.921509613781009373e-01
1.859868720251406371e+00
1.384580291308146860e+00
9.826306725471792292e-02
-2.371196701115202247e-03
1.029498330718801258e+00
7.478313402496179485e+00
-4.186080378546960246e-01
-6.763731367578300346e-02
3.997163194774863149e-01
-3.921763898421116307e-02
-2.592870105353086707e-01
-4.684361145653948011e-01
4.871215575911222118e+00
-1.925330528845934364e+00
-1.697763644052629362e+00
-2.221469965660485713e+00
4.364853285625946100e+00
-1.001080498027718813e+00
8.626602564106920779e-02
-1.127607248519338357e-01
-8.860361193293161408e-01
-2.626977822905708138e+00
-4.020038660314388945e-01
-4.131973494536682168e+00
7.814472849361060902e+00
4.398203279091706941e-01
5.022035256363506159e-03
-6.366201306699029172e-02
1.030090914694253845e+00
1.161111649892737407e+00
-1.159455399472700265e-01
-6.749925129285553327e-01
3.909537048389310598e+00
1.424665576033295356e+00
1.858529202331282845e-03
-2.627548714352245796e+00
3.044365117762354078e+00
-1.008254488340015165e+01
4.040212823251579266e+00
1.950714820018716322e-01
-5.414451337844988110e+00
1.394689498348880841e-01
-2.615503139957901513e-01
-1.000301080070885540e+01
2.358459715218461206e+00
1.138878986123319770e+01
-6.504876735878055427e-02
2.039469939472982496e+00
1.686831406763530694e+01
1.856629752969143565e+00
-2.560664920161742408e+00
-8.061850623810257188e-01
-1.311185121730808767e+01
3.054861927851638015e+01
1.932013024261423695e+01
1.824223494157726932e+01
-1.347748958578164036e+01
-9.439453534643684307e+00
1.815784791467640957e+01
2.211378630643772780e+01
3.961024695795074280e+01
4.076158500911311044e+00
-1.961964263526735364e-01
5.580098272883732974e-02
-1.781672669628397987e+00
-4.732955067589043274e+00
2.805928655384111181e-01
8.624852742750367396e-01
5.868531572905806293e+00
-5.331633391203196126e+00
-5.788511618589457619e+00
-7.503579954025942762e-13
-2.094694601130718437e-14
1.404554980276778997e-01
-1.325241925541492116e-01
-7.827924679490533277e-02
-2.165178131164109121e-01
-6.858071444208916447e-15
1.091459642668897580e-14
-2.492946022966098909e-13
-1.368734117415151392e-13
-1.333736439842386767e+00
-2.266068786979933969e-01
-8.502083333332057791e-01
-1.703420241616943054e+00
9.910453862009147321e-13
-8.492773784579123208e-13
4.975011240732271181e-13
5.201854159624339592e-13
1.755472645121820330e+00
-4.089098112533196550e-01
4.681009175783593679e-13
-1.067338848894780594e-12
-1.619145411293078096e+00
5.058689939740130814e-01
8.018493379852354996e-01
1.987688529487841693e+00
-3.707175655612576226e-01
-5.331561330120357489e+00
-1.697708593320509662e-01
-4.893528455137233557e+00
1.022550093971699425e+01
2.967643729576354694e-01
1.369096542493829727e+00
5.479901154709590827e+00
2.838266656681027733e+00
-6.564637600846126020e-01
-1.689061889272519323e+00
-1.442796820316246231e+00
5.738522806184711555e+01
3.746313427153838660e+01
3.487127917452841075e+01
6.785705079745450519e+01
1.324936120485052982e+02
9.316299465622886089e+01
1.034665058599253058e+02
1.014152278666136624e+02
-3.918048558215583732e+00
-1.758792748726693445e+00
-1.886292111767637669e+00
3.641597830487222964e+00
4.706767106552452340e+00
-2.005491615168622233e-01
3.141889816041512073e-01
1.572755459625154173e-01
1.860920173131746580e+01
1.072319654467098360e+01
1.100080219519322178e+01
3.904344729344936926e+00
3.504678844622923339e+00
2.932488734902144678e+00
5.114239427789454950e+00
-4.436130063242852195e+00
-3.446282599166798910e+00
-2.820903645262928805e+00
-2.934406731682513758e+00
-2.776620370371066127e+00
-5.957758845875487097e+00
-2.888501735058264686e+00
-1.731987798441889881e+00
3.189849308611730550e+00
-2.858899238781973384e-01
1.189603365384335615e-01
-5.426355021395674605e-01
-1.352875551877633198e+00
-8.580352150839024028e-02
-6.002459642247388594e-01
-2.480298639892676571e-01
-1.454457607766312721e+00
-2.384608877020061968e+00
-1.632365494146682749e+00
-4.167938377460891353e+00
-1.837052716305046296e+00
1.063961994573937808e+01
-3.449407875065914197e+01
-2.141435963461757552e+01
1.947698268875817096e+00
2.193909523837071163e+00
-1.491708515807042268e+01
-2.002488711785476827e+00
-4.674206676707078345e-01
-2.381346637015146150e+00
5.163154833483813988e+00
-8.071213508665511682e+00
1.336499067824416631e+00
4.118181207824463286e+00
-3.739270772583263902e+00
-5.103747739546459217e-01
1.387812557854952444e-01
7.432804038817044656e-01
-4.543357561880677353e-02
-1.444372315973350807e+00
3.200633132663286418e-01
1.360538153212901236e+01
1.549471148757483319e-01
5.294041286968664828e-01
1.472489177091167711e+01
3.564913737075359190e+00
8.638454952075513837e-02
1.507070290346576025e-01
1.949204306788388186e+00
-3.502480764968075810e+00
1.011133781116381414e+00
8.882803559375482827e-01
-1.194197581072315995e+00
1.043317825266787402e+01
-5.619244696827601082e+00
-3.503172712123625576e+00
-4.090678404456807193e+00
-6.769739975024712919e+00
5.555906472980391975e-01
-1.431992626963731086e+00
9.359026947375723715e-01
1.177111741281530932e+01
2.876752810770124125e+00
4.264538389838142152e+00
1.846281283825616981e+01
5.018695435137938976e-02
2.342027601663397018e-01
2.415993619727990982e+00
5.440950151859769157e-01
3.273838996286149161e+00
-1.426108467727797979e-01
8.248075698697392433e-01
2.457869047487538872e+00
1.772473674847794056e+00
8.025405776483221509e-02
1.002516724182172941e-01
2.458293675020314151e+00
1.513550672250028040e+00
1.790234115071673987e-02
5.371579230431456492e-02
1.074768421982055938e-01
1.737497121604028028e+00
8.250177163094395416e-01
9.341281520180607645e-01
1.243152932626024665e+00
1.503832602953560249e+00
2.913241139157323190e-01
3.130400289036155970e-01
-1.362209074529975972e+00
3.007321571818878936e-01
2.081110949113187947e-01
1.716401399121261495e-01
5.159554364142311389e-01
2.405654214159329007e-01
-3.761583136381314862e-02
-2.507861639467277165e-02
-4.854124449432566379e-01
-6.266913214991420844e-01
2.080748890532605699e+00
2.122575813609508977e+00
-8.153926282050837360e-01
7.067298195620178780e-13
-5.145010956635704719e-13
-3.968212509988870146e-13
-7.746630243387231037e-13
-2.263945389546437870e-01
2.467826984713271388e-01
4.234960552261030076e-02
-1.519551282050881913e-01
5.815806458158272613e-14
8.739641191660425137e-14
-2.997672687107743346e-13
-1.423369852344133210e-13
2.270071002492817680e+00
7.155000779024230262e+00
3.618072901656799458e-13
1.001737508451059054e-12
-8.116903712611226451e-01
4.607260505698395070e-01
5.631551235839279902e-13
8.190991051172297709e-13
-3.902504796277028731e+00
-1.530598174751525153e-01
8.496783924658618536e-01
-3.543770522833937786e+00
-3.312598770941579396e+00
-3.280610603224698885e+00
-3.239743028123405200e+00
-2.459919347313748617e+00
3.255147499921964993e+01
2.366048791642947720e+02
2.333949507093614386e+02
-2.177616067982819459e+02
-3.747003769169053271e+02
5.513058957021326023e+01
5.731906198837341293e+01
-1.044031796955482889e+02
-5.450538350948009203e+00
2.846077311025088541e+00
2.834361832093398093e+00
-2.502827615957148311e+01
-3.428634098834620403e+01
-7.757443228725073858e+00
-7.946346945206008705e+00
-1.466900024564250771e+01
2.314590954209849727e+00
7.120635501941317003e-01
1.089497428506530419e+00
2.178991612297937586e+00
1.252058398809834605e+00
1.090142100124154821e-02
1.830982115449735215e-01
7.874652383984094284e-01
5.561064382483880131e-01
5.757232196516444134e-01
5.899426526687420180e-01
9.865442805255385528e-01
-6.459784816084222392e+00
-1.352926199840470467e+01
-1.355350095447540504e+01
-1.836854989688972850e+01
-2.886154700263313799e+01
-2.577224727833112539e+01
-2.568601362117274078e+01
-1.364071673347702429e+01
9.517147569184643885e+00
-1.049440958646330202e+01
-1.051443903734432617e+01
-1.034956660900523318e+01
-1.323326370845003375e+01
-1.395801512168072378e+01
-1.398710348841851747e+01
9.329695253891767237e+00
-1.784655744312628300e+00
-2.539219072617727915e-03
-5.102706338811167086e-01
1.076905064150182501e+00
1.544911858975092367e-01
6.472140039442907111e-02
3.628590359952184319e-02
5.032020463518815934e-02
1.154253187097133804e+01
-3.437168343276018501e+00
-3.334160997174134278e-01
-9.821589799600847215e+00
1.584839743589637528e+00
-4.027126479290611405e-01
-4.404049556214115202e-01
-7.437746548322968776e-01
6.127722723705501195e+00
5.731034451039469069e+00
-1.576024416844367337e+00
-2.862919560185265500e+00
-9.700370081927582433e+00
-1.267614918562177451e+00
-5.857260505696810782e-01
-4.563134348285195069e-02
-3.475526349861203790e-01
1.105009091741117055e-01
9.608869533872452240e-02
5.741858004809601290e-01
2.974426240521042875e+00
4.232031787217683215e-03
8.504510564686226237e-01
-1.794841773583598865e+00
-6.593508573419714081e-01
9.401570226105585015e-02
1.839570814916924590e-01
-8.285792544353223765e-02
-1.923755311828372072e+01
5.728613905459670974e+00
5.556934995295650381e-01
1.636931633266961938e+01
-7.513194580717580395e-01
-2.074668960132037387e+00
-1.021287120617557598e+01
-9.551724085065995240e+00
-5.661839555534561308e-01
2.448816064890687108e-02
1.616728346987952492e+01
2.112691530936998685e+00
-2.129833196851269150e+01
-6.030467713199273716e-02
-4.615915001424244490e-01
-9.878668900110630702e+00
-4.995533105075734004e-01
-4.408800430251058167e+00
-1.179717158477734396e+00
-4.700002028587189962e+00
9.150884323622344718e-01
-2.067851884313885780e+00
-1.215053291044121631e+00
-1.694489806690657296e+00
5.058003326207516359e+00
-5.739701831334635962e+00
1.544051832491378562e+00
2.401161531349256251e-01
1.357043904040935223e+00
-5.914195113427421546e+00
-2.734058281324515338e+00
2.193561787913704542e-01
2.713984790825935800e+00
-8.180540043700424979e-01
7.315564785773029044e+00
4.635259864388512341e-01
4.291855920070413610e+00
-1.255481219440976304e+01
-8.334851663219386975e-01
1.097129434365623768e-01
4.539060778655746309e-01
-2.013783687000971323e+00
-8.609118692193578060e-01
-6.407652453122494873e-02
-3.322892588413270398e-01
-1.451333838442828483e+00
-1.104967762904731643e+00
2.646710651413450854e-01
1.498913259828599687e+00
-5.209262991983369950e+00
3.137993972402998710e-01
2.775252678649819393e-01
-6.266990180678197575e+00
2.813975672059127575e+00
1.227135412532691428e+00
1.609994247629904285e+00
-1.450596676660034445e+00
-8.293272231727907284e-01
7.526464999412527668e+00
-1.610285303377184363e+01
-3.680469172325480987e+00
2.721499953656161819e-01
8.273576681133053556e-01
-3.714463519605252895e+00
-3.001549251675803109e+00
-1.711580506113490330e+01
-2.579491402520847743e+01
-2.086655187781806031e+00
-1.868406968145684688e-01
-3.964821465077212448e+00
-9.386807676559859814e+00
6.063509642393597465e-01
1.105191722887215633e+01
7.908473708871748720e+00
6.667438821268599547e+00
1.076361984377740200e+01
-1.835262297585470037e+02
-4.974386011208652292e+01
1.329559192424802063e+02
-1.819277665914762849e+02
-7.802827308012544449e+01
2.289298699312626582e+02
2.785233674156848593e+01
-7.874446897934430467e+01
-7.298961144181598115e+01
-2.796103515145592056e+01
4.037947187922111425e+01
-7.270131625121418040e+01
-4.233455158602536983e+01
6.996515404001006289e+01
-6.519737325871074241e+00
-4.267783887282446642e+01
2.116246669569017858e+00
8.167436974069470779e+00
5.745198523068087759e+00
2.219521741235613188e+00
-3.534422714345837602e-02
-2.061897200856374290e+00
-2.606787215638118216e+00
1.125096113992071246e-02
-2.029123040626136465e+00
-1.018101747095532472e+00
-1.245230455614834808e+00
-1.969784603157898717e+00
-2.374725416886414919e+01
5.251361304214889003e+00
6.077259478110065061e+01
-2.353059290929762071e+01
-5.129762469477386588e+01
3.519893613132129673e+01
-1.511067511683556575e+01
-5.150996164274746292e+01
-3.937241156681340115e+00
-6.628686388826962705e+00
-7.998122899298917510e+00
-3.926380764953885993e+00
6.496466993432294945e-01
-4.578998420024986693e+00
-2.898989181694939798e+00
6.585787430260815478e-01
1.978176726644678851e+01
3.437764463057227715e+00
3.976769884971377067e+00
1.345906646749564928e+01
-2.860250768441534031e-01
3.938962487480600072e-01
-2.361925762464682332e+00
7.485126572409812884e-02
-6.503361878915086436e+00
-4.065631087465578553e+00
-4.263028922243115026e+00
-6.687343250881646384e+00
1.264017617765059498e+01
-3.090920229660013163e+01
-2.101028793069435352e+00
1.275410727589749094e+01
2.678249809077841093e+01
8.153507245670795101e+00
-1.790851836938790953e+01
2.667269293693026810e+01
-1.497905204455157246e+01
3.721698072260968360e+01
2.733716572570876746e+00
-1.511489570639806956e+01
-3.203896178666757777e+01
-9.649879030625353238e+00
2.156099485864817211e+01
-3.190739610063239695e+01
6.864609730237751783e-01
2.223503794422575286e+00
3.223930774794554477e+00
6.224926027192136946e-01
1.033989613617141735e-02
-5.205093901375988930e-01
-1.307196013046672822e-01
-3.780584813708744163e-02
-1.010407433874809247e+00
-6.161997183621713559e-01
-6.140507730738258285e-01
-9.822754412400711566e-01
1.703371739387658179e+00
5.091079659771742261e-01
-1.151516862928211093e+00
1.696369026239671562e+00
7.909950255622524296e-01
-1.987805444254720832e+00
-1.536840625915713576e-01
7.982002759436367390e-01
-1.344824172813554064e+01
-4.018791846158547010e+00
9.092186659676128713e+00
-1.339295350216217884e+01
-6.244070579776341390e+00
1.569539795341210997e+01
1.214730827718989215e+00
-6.300953596949995905e+00
1.131518011576715166e+00
8.459681832439707172e-01
6.263522986796393743e-01
1.117436216174284347e+00
7.025737832176040532e-02
-3.822063451518604715e+00
-3.141843506482095094e+00
-2.753138484774456801e-02
5.569523120439263675e-01
6.526122298786457554e-01
2.604863081364613975e-01
5.464604240802914958e-01
-1.825712610383563828e+01
-1.731461541957009942e+01
-5.089029337103374573e+00
-1.815888723506034097e+01
-1.336773581854320803e+01
-2.907053056855931850e+00
-1.272264175963405641e+01
-1.340557218227161940e+01
-4.125119933005716444e-01
-5.258181703395801154e-01
1.796599044847742688e+00
-4.299578038640812228e-01
-1.725779712972155266e-01
1.752646270624642177e+00
-3.927718529854899998e-01
-1.710181898345611851e-01
1.125663183693673242e+00
3.893273419699218252e+00
5.665746139073949195e+00
1.005528289749448856e+00
2.071033219545498349e-02
-6.856283406954462034e-01
7.166777136650481772e-02
-7.562190779289874876e-02
-1.859356364902306824e+00
-1.167827418737582335e+00
-1.126547001255007396e+00
-1.808051741977034998e+00
-3.704793973929290729e+01
-1.105625764399274580e+01
2.506776125250436493e+01
-3.689559888862602577e+01
-1.718108590327532426e+01
4.327359580857921628e+01
3.378095392972505273e+00
-1.733772276045631955e+01
4.501835510023870945e+00
1.249382310723676337e+00
-3.172905445161526838e+00
4.483135665604188524e+00
1.959025187697220893e+00
-5.479438244811460912e+00
-6.102772654345149927e-01
1.977632918233911408e+00
-3.537516507616844219e+00
-8.864752557539237188e-01
5.659767442994246833e-01
-3.642981423035130284e+00
8.608657092456916127e-01
1.373475289456767223e+00
1.059396870128444634e+00
8.287588836444963469e-01
-2.018324273678306913e+00
4.853605035453609218e-02
-1.235751713544099885e-02
-1.696379346937498367e+00
3.252855030187568053e-01
1.459424598392492223e-01
1.450130608929802445e-01
7.114684860746198214e-02
-2.755169182863763666e+01
-2.811958451848312635e+01
-2.797415558651862710e+01
-9.627691797479126734e+00
-5.399542093261806563e+00
-1.951542976427282738e+01
-1.956825695058390835e+01
-1.965673102708961650e+01
6.055270896508114786e-01
6.237039664927124250e-01
6.199738510727211827e-01
2.566240291721526012e-01
1.627087061556882208e-01
4.387918001463378959e-01
4.400373924329872843e-01
4.332177373585856528e-01
-1.971392382776718799e+00
-6.223579667412099115e-01
-5.671053972457635872e-01
-2.854650067629885601e+00
-8.698634833866526403e-03
5.021183455909785653e-01
1.699831202368342342e-01
3.182314727032264923e-02
8.550423770073458662e-01
5.351832452877703927e-01
5.303371469972799623e-01
8.796163521375455208e-01
9.005133619108443011e-01
-6.112925824655242035e-01
2.702493416236494417e-01
9.042307539752801882e-01
4.237097982997033441e-01
-8.160273996866354573e-02
-1.055243749561637800e+00
4.198849510932684548e-01
-4.711882204716923983e-01
3.198599516332599757e-01
-1.414028142655902043e-01
-4.731333307002670296e-01
-2.216987632812259801e-01
4.270565345355439857e-02
5.521582857560005664e-01
-2.196974508715475449e-01
4.406237848352771103e+00
8.410070790637802496e-01
9.292870225436922205e-01
3.037343841411325851e+00
-1.453595275311859725e-01
-5.268474907186697365e-02
1.441233978088638130e-02
-6.860817574806318264e-01
-8.444788422127915695e-01
-1.351540944942733358e+00
-1.390195828699261504e+00
-8.515593634751685848e-01
7.000837648702265881e+01
-2.783144677166131231e+01
-2.808505760117715155e+01
5.434972541766355469e+00
-1.791176858674294081e+01
-5.996771291904155987e+01
-5.972115722786477221e+01
4.055503563323481586e+01
-8.405641591568746573e-01
3.285859228851716329e-01
3.315993545297696854e-01
-6.995666232678848795e-02
2.111813542949911582e-01
7.151346440245279767e-01
7.121895387440539960e-01
-4.868967393333640259e-01
1.750006883617659215e+00
1.221307022522603702e+00
1.176476617726684770e+00
1.355242080811784655e+00
7.212985352358190771e-02
-3.058894529592031564e+00
-2.548122673125300608e+00
-1.963468996717719281e-02
2.880550486960227197e-01
1.447583892686992446e-01
5.190249960062504053e-01
2.915343806067693389e-01
5.550573084227342946e+01
1.932881737124321830e+01
5.476559937946134937e+01
5.579385687856460407e+01
3.870593185245189005e+01
3.900785186814411531e+01
1.084003639094866323e+01
3.860170238973508106e+01
8.747254454299854487e+00
3.037246399403603636e+00
8.626365718862574639e+00
8.792687928057191016e+00
6.104984590646512110e+00
6.147051606701896986e+00
1.703694215704859127e+00
6.088532576318467449e+00
1.060195473907523445e+00
3.218040130220139461e-01
2.907161460390760288e-01
1.538711128898432090e+00
5.118327526530060644e-03
-2.318845891922557967e-01
-4.062774504376532453e-02
-1.870685824727790630e-02
-4.747245339870708181e-01
-2.964962468090719949e-01
-3.002298105833070552e-01
-4.882860010126686690e-01
7.555120329095920129e-01
-5.130329776530649921e-01
2.266067810132069704e-01
7.586311027334841084e-01
3.553097262026223002e-01
-6.873241993014210516e-02
-8.856260372304154416e-01
3.521013317891290018e-01
-5.873741934858252911e+00
3.988604379109884412e+00
-1.761743518072651060e+00
-5.897991229636617483e+00
-2.762341309199957795e+00
5.343932870055794204e-01
6.885350886182533436e+00
-2.737397656672097224e+00
4.584564786701585959e+00
1.393851940278934887e+00
1.259663386933122409e+00
6.653170510798466886e+00
-1.009495321857619032e+00
2.205492032850941281e-02
-8.061095237127191560e-02
-1.846913942603207737e-01
-1.280588709343239096e+00
-2.050193369743136262e+00
-2.108775402966001522e+00
-1.295609375766371585e+00
-7.078261267424528569e+01
1.042349968368491773e+02
1.046653247396668007e+02
3.126293535809406521e+01
-9.485082343944014838e+00
4.901915946865211993e+01
4.857651500835569180e+01
-1.221889050382061441e+02
-1.138144283396163203e+01
1.676027820983775385e+01
1.682947212809603954e+01
5.026807736826170547e+00
-1.525263183488559271e+00
7.881865591850713670e+00
7.810691643713468579e+00
-1.964728458112955067e+01
1.389717512306352987e+00
-5.791368366142058299e+00
-2.259402679770363687e+00
2.548962023003030208e-01
-6.175922874917119998e+00
3.452940798054006777e+00
1.290907191942792132e+00
-3.812798744300093468e+00
1.401779724731149646e+00
-8.727988652069712527e-01
-9.719159439323540317e-01
2.634161426665915240e+00
1.709938338282133818e+00
-9.972528813098634204e-02
1.882310623193661270e+00
-3.459560285552350511e-01
3.970660451553890802e+00
3.831376891171064392e-01
-1.183584426482870988e+00
2.413661025263040383e+00
-2.974440070594917440e+00
-2.190988389437937833e+00
2.868753996895501146e+00
2.344168384509232705e+00
-7.591888950213548926e-01
1.237412039061685509e-01
1.007073430147747750e+00
6.976444258321374825e-01
-6.413991733619837099e-01
-7.887471948276061351e-01
-1.343906073580120619e+01
-2.545600051632787242e+00
-2.816554087595863010e+00
-9.260769429190165880e+00
1.627110805751865452e-01
3.769693092650461819e-01
2.042094829239530895e+00
-4.451692710247112661e-02
4.140225639776613065e+00
2.586109180984103251e+00
2.615964579449183258e+00
4.258534169186949825e+00
-1.617091634591781357e+01
4.067618693122192752e+01
3.157550951555636587e+00
-1.631827083796613209e+01
-3.484265265968694791e+01
-1.040729856556917632e+01
2.356324233233493004e+01
-3.469939827899414553e+01
-2.864745677058552431e+01
7.205956645828648277e+01
5.593731803484499387e+00
-2.890850142836870518e+01
-6.172521834428871301e+01
-1.843696616492958640e+01
4.174326935280215167e+01
-6.147143721144401951e+01
-2.878630683195523510e+00
-2.076110458589908614e+00
-1.995614451387355714e+00
-2.242043518354680742e+00
-1.259589278872523810e-01
5.252345824589670364e+00
4.357139847416649836e+00
3.418448066902651100e-02
-5.374575874167257794e-01
-2.757404242905143188e-01
-9.201546520179005872e-01
-5.446396291956880908e-01
-1.825030699560079483e+01
-6.332649702512282985e+00
-1.799753578878633320e+01
-1.834507542276159242e+01
-1.273813598710013473e+01
-1.282532067451662172e+01
-3.551170253541109822e+00
-1.270380957189283322e+01
-3.305640897092509789e+01
-1.149244225688522825e+01
-3.260780418386170254e+01
-3.322802929791139803e+01
-2.306093958873806571e+01
-2.323070942063607447e+01
-6.444954823926742904e+00
-2.299881950130490793e+01
2.579509721195373806e-01
2.237533881062684082e-01
5.165512472531847976e-01
-8.767248308643008636e-01
-1.958014974979910505e+00
-2.129315318895175779e-01
3.282002197000915000e-01
-9.660569944452007674e-01
-1.122798933458201587e+00
-8.677490467078756708e-01
2.277078611625375504e-01
3.379532674228973854e-01
4.603768193906645934e+00
8.720384599933270753e-01
9.648579949272532152e-01
3.172427052723892693e+00
-1.291433594305347876e-01
-5.573912405271980175e-02
1.524994130973389081e-02
-6.995575723113294231e-01
-8.859126301757864752e-01
-1.418299694741485650e+00
-1.458828160411505426e+00
-8.961392835435579851e-01
-2.227223781871882746e+00
8.854383634634865885e-01
8.935067566206686962e-01
-1.728914940467590200e-01
5.698515381642174082e-01
1.907808881293685310e+00
1.899964990150279309e+00
-1.290204852028495441e+00
2.358537535692833487e+01
-9.376423267476170054e+00
-9.461864193610404428e+00
1.830850393735631521e+00
-6.034490230327461902e+00
-2.020290286228204479e+01
-2.011983931497378109e+01
1.366273382638612510e+01
7.834070443557542340e+00
1.483916134906025475e+00
1.641863964857620317e+00
5.398407387338584051e+00
-9.484941603861007930e-02
-2.197551449523358069e-01
-1.190409808092508737e+00
2.595031892181280317e-02
-2.413471684345364299e+00
-1.507526930906342377e+00
-1.524929711358107509e+00
-2.482437571273572896e+00
-2.266453923350021071e+01
5.701018939303317978e+01
4.425502122582207321e+00
-2.287106566355919313e+01
-4.883413132050824146e+01
-1.458647254429527962e+01
3.302534012176174372e+01
-4.863335145210348287e+01
2.306144751466357778e+00
-5.800857133277704136e+00
-4.503003774510387358e-01
2.327159070121576967e+00
4.968933056189055009e+00
1.484191522701085564e+00
-3.360369117077738554e+00
4.948503457015024587e+00
1.355837190469433295e+00
1.890478394936570661e+00
1.471250430146446853e+00
1.303604614290431396e+00
-3.423162086282295569e+00
8.194356482549783327e-02
-2.223018004652732929e-02
-2.841463532989664476e+00
5.970601234535338753e-01
3.505436545288863615e-01
3.459858521161084388e-01
1.770685975138807655e-01
-2.505204773737673207e+01
-2.552912661673900985e+01
-2.539726843018866020e+01
-8.828336144599973068e+00
-4.950914908285298566e+00
-1.767069729750491547e+01
-1.771842753352482802e+01
-1.784814554279325804e+01
2.195298395712890205e+00
2.237123238353588839e+00
2.225568305875849084e+00
7.735975717277686625e-01
4.338356601809212898e-01
1.548509425689021279e+00
1.552692154142735204e+00
1.564035586137772160e+00
2.743336620641878998e+00
5.196400265837565202e-01
5.749500664666524763e-01
1.890415873852183903e+00
-7.696047599821524698e-02
-3.321419061017048813e-02
9.087233422343026987e-03
-4.168629779406986535e-01
-5.279051001419827749e-01
-8.451482965172244510e-01
-8.692987462860910508e-01
-5.339983925958491362e-01
-1.592721047429806136e+00
6.331901239675142845e-01
6.389599520765850693e-01
-1.236373754273757813e-01
4.075092931740409985e-01
1.364302588871171062e+00
1.358693305226986947e+00
-9.226447916021254247e-01
1.223371159260761409e+01
-4.863541754241736292e+00
-4.907859880693505872e+00
9.496603511530100628e-01
-3.130084293304336462e+00
-1.047922634459323454e+01
-1.043614136223729894e+01
7.086846940868894329e+00
1.054937891229875691e+00
1.471290821587275310e+00
1.144947500046727074e+00
1.014324602045689749e+00
-2.663366870434017653e+00
6.374104571357790128e-02
-1.729411906772920088e-02
-2.210867699151128463e+00
4.643880961567107279e-01
2.725428373862717191e-01
2.690018670978616688e-01
1.376394969647265765e-01
-1.842604090916486825e+01
-1.877691060958430924e+01
-1.867992778066536275e+01
-6.493385814323761274e+00
-3.641479631772181591e+00
-1.299693054502777301e+01
-1.303203642325937572e+01
-1.312747885061817676e+01
2.142602035574519004e+00
2.183402056493880306e+00
2.172124770627929635e+00
7.550580176605392602e-01
4.234353314677306579e-01
1.511299490208430685e+00
1.515381647490982031e+00
1.526479206006758460e+00
1.165077326698844340e+00
6.150795085137382046e+00
4.238473898595720435e+00
1.289087162430116562e+00
-7.446905401782492884e-02
-1.725519309608832541e-01
-9.346423880165010134e-01
2.037435398121800398e-02
-1.949042067936811673e+00
-1.197270028134512110e+00
-1.183608341944876852e+00
-1.894894696025095415e+00
-1.545402619309075476e+01
2.990320894661427698e+00
3.852190241902808765e+01
-1.531447585879264750e+01
-3.286165577201931853e+01
2.231529035551150386e+01
-9.856109553000402812e+00
-3.299732314274546496e+01
2.047499214179639537e+00
-3.961867050893249642e-01
-5.103755101276481021e+00
2.029010232967921379e+00
4.353830747594070516e+00
-2.956546012422866632e+00
1.305832946742724099e+00
4.371805276153618358e+00
1.749677001624442507e+00
3.314218808538616501e-01
3.666981720488766139e-01
1.205691304863654612e+00
-4.908422070904862322e-02
-2.118374708684536353e-02
5.795765380816740586e-03
-2.658713003672151798e-01
-3.366935109249316049e-01
-5.390286104998327499e-01
-5.544315672865683942e-01
-3.405798266327580426e-01
-7.432511664164498377e-01
2.954813063222301306e-01
2.981738251817377394e-01
-5.769599501176830847e-02
1.901662291875511057e-01
6.366585598733153217e-01
6.340409598792526857e-01
-4.305567623648992037e-01
3.740148650902176186e+00
-1.486905179318302572e+00
-1.500454328290217854e+00
2.903346915994489685e-01
-9.569442975029226472e-01
-3.203759053604738671e+00
-3.190586907325616561e+00
2.166624644073499084e+00
7.611218547017410962e-01
1.061476300043254772e+00
8.260400837347708913e-01
7.318173451656574402e-01
-1.921591364323032458e+00
4.598988329368489808e-02
-1.247772272984730424e-02
-1.595109226976158867e+00
3.350659920284190241e-01
1.966565564137062461e-01
1.941012550197515896e-01
9.931823701898036261e-02
-2.627120865753118650e+01
-2.677146297932580055e+01
-2.663318826295582298e+01
-9.258050800722186224e+00
-5.191899123970483920e+00
-1.853056519414954550e+01
-1.858061790827677839e+01
-1.871670078236570589e+01
8.241189417442141840e-01
8.398118766963534876e-01
8.354742444128796519e-01
2.904216809778674691e-01
1.628679824603649906e-01
5.812978086568455494e-01
5.828679463608974487e-01
5.871366625724852017e-01
8.710764671512023494e-01
4.598677809061602950e+00
3.168919660657430359e+00
9.637931778810839845e-01
-5.567726287360939830e-02
-1.290081302394431861e-01
-6.987898222475130705e-01
1.523301573074898468e-02
-1.457213034811976504e+00
-8.951462913870172899e-01
-8.849318869190251347e-01
-1.416729428270180779e+00
-2.949083391509404350e+01
5.706413056787108751e+00
7.351113632891964755e+01
-2.922453077310826330e+01
-6.270971851786808315e+01
4.258414690166748784e+01
-1.880836011569155275e+01
-6.296861182164256121e+01
-3.882451355412928906e-02
7.512459970866885994e-03
9.677698883367906457e-02
-3.847392699656636272e-02
-8.255698436388876627e-02
5.606178485357288244e-02
-2.476109812421994211e-02
-8.289781591187124488e-02
6.588038055915731661e+00
1.247898953132432709e+00
1.380724347115265482e+00
4.539775178283058210e+00
-7.976290356925623548e-02
-1.848164968701587474e-01
-1.001082252863860989e+00
2.182272441120387124e-02
-2.029597960668065859e+00
-1.267748040760348971e+00
-1.282381106463306164e+00
-2.087594529487482475e+00
6.177484585276150852e+01
-1.553879222368129263e+02
-1.206222230534718953e+01
6.233775773230529893e+01
1.331031221354317609e+02
3.975713266059452167e+01
-9.001441737575396473e+01
1.325558731801919521e+02
9.010569616043252239e+00
-2.266511023183332441e+01
-1.759413436104155792e+00
9.092676768369026163e+00
1.941461660580611692e+01
5.799033678309658768e+00
-1.312963493498841316e+01
1.933479407059085631e+01
7.374416417483422581e-01
1.034323143480002427e+00
8.042081929466767809e-01
7.092633669762613557e-01
-1.858172414945129303e+00
4.437282581542818793e-02
-1.203809126511855981e-02
-1.543484189345671220e+00
3.224324817003668686e-01
1.876269949507320400e-01
1.852263002462182506e-01
9.450374192404079055e-02
5.474356088775897966e-01
5.561080942311528164e-01
5.532415934308271277e-01
1.964486659614111119e-01
1.102298705378391558e-01
3.828263543139090452e-01
3.838559485655240189e-01
3.888817046743063832e-01
-1.297066928607807057e+01
-1.321748120154133588e+01
-1.314921343686048338e+01
-4.571253411148769707e+00
-2.563557204105308074e+00
-9.148614678119677990e+00
-9.173325460660889163e+00
-9.240730800519701305e+00
-2.026201400207046088e+00
-3.840045218264773186e-01
-4.248382152109708154e-01
-1.396275490169968547e+00
5.753580077968339229e-02
2.451054537390802424e-02
-6.705898562359344055e-03
3.084181174958973148e-01
3.897964038119109964e-01
6.240299771973082388e-01
6.418629689857463516e-01
3.942105479951608094e-01
-7.304734938993921567e+00
2.904019955644893791e+00
2.930482284729872600e+00
-5.670370081878201018e-01
1.868973051846794187e+00
6.257138073661303146e+00
6.231412067700669688e+00
-4.231548079838322707e+00
1.329446390384313448e+00
-5.285732427339929762e-01
-5.333896012152465893e-01
1.031593085873811627e-01
-3.401823577028819101e-01
-1.138827688548015971e+00
-1.134145479533014367e+00
7.701331239176378851e-01
-1.909603973046360981e+00
-3.617150905758048651e-01
-4.002157639749937545e-01
-1.315895967948988776e+00
5.357076820584615040e-02
2.312001813044635076e-02
-6.325519276745132820e-03
2.901729752919539052e-01
3.674685367460950314e-01
5.882978076287039837e-01
6.051086514116573722e-01
3.717100677256729990e-01
-8.856314034148009995e+00
3.520849152287073736e+00
3.552932240258384944e+00
-6.874847616731923905e-01
2.265952506932386257e+00
7.586194805799928886e+00
7.555004424123420215e+00
-5.130359788617385064e+00
1.640866511339612588e+00
-6.523304665117960477e-01
-6.582747074713858337e-01
1.273747428256347125e-01
-4.198276586148490530e-01
-1.405543317156980221e+00
-1.399764473659147246e+00
9.505348992602032920e-01
9.720982421788002537e-01
1.355658073267399066e+00
1.054977708125900859e+00
9.346691383097132100e-01
-2.454272765933413591e+00
5.873939956244555310e-02
-1.593688868526313071e-02
-2.037278631594658496e+00
4.279618664275758877e-01
2.511926251951013267e-01
2.479283828512454102e-01
1.268627946528410877e-01
4.275015142473235841e+01
4.356419439905093327e+01
4.333918516282514588e+01
1.506528267956845468e+01
8.448584945913843569e+00
3.015408899090159522e+01
3.023553787717314378e+01
3.045698305431320563e+01
7.638862086005861585e+00
7.784320445733020399e+00
7.744114399487741274e+00
2.691957876033028274e+00
1.509645402007980808e+00
5.388119777329560378e+00
5.402673570145807957e+00
5.442242624187469069e+00
-2.144999468698149947e+00
-1.132410451391928241e+01
-7.803368490896189336e+00
-2.373311544941033802e+00
1.371035583994607288e-01
3.176789778539323428e-01
1.720749009464806356e+00
-3.751083570166557218e-02
3.588342761572180351e+00
2.204270465631650744e+00
2.179117851113673066e+00
3.488653111634470338e+00
-2.283178732250237886e+01
4.417901835595398730e+00
5.691228112874436107e+01
-2.262561557711759974e+01
-4.854982942754059394e+01
3.296862300225384956e+01
-1.456142200938991849e+01
-4.875026448027637116e+01
-3.539965191104983688e+01
6.849756654973719883e+00
8.823991363285612977e+01
-3.507999195988497121e+01
-7.527431110843936324e+01
5.111635641052815515e+01
-2.257682515964357250e+01
-7.558507657753720821e+01
3.415405144505588630e+00
6.469422999121529072e-01
7.158023355063556359e-01
2.353533990723120972e+00
-9.581352841046918145e-02
-4.135110182766054548e-02
1.131345097722321301e-02
-5.189862922737842332e-01
-6.572325706573229898e-01
-1.052194791364911675e+00
-1.082261675935688006e+00
-6.648187219176783236e-01
-3.229143324103550761e+00
1.283753770637129143e+00
1.295451739898262344e+00
-2.506671308199393544e-01
8.261998594768764637e-01
2.766039033625628640e+00
2.754666558307219848e+00
-1.870605197352308346e+00
3.313905272165183646e+01
-1.317451088937705528e+01
-1.329456118791580899e+01
2.572469051410421148e+00
-8.478868217912317817e+00
-2.838644933510513013e+01
-2.826973941506425092e+01
1.919706808729799619e+01
6.412884856828727997e+00
1.214721622573114779e+00
1.344015647958531678e+00
4.419078220780229493e+00
-7.764228355020691419e-02
-1.799028522916413242e-01
-9.744669212523291435e-01
2.124253356921954050e-02
-1.975637957430607994e+00
-1.234042996708528017e+00
-1.248287021137745700e+00
-2.032092597681468771e+00
-2.457722452074719044e+01
6.182134167892637322e+01
4.798975079991139481e+00
-2.480117994237485490e+01
-5.295529712744252748e+01
-1.581744093752178060e+01
3.581238472405279794e+01
-5.273757322613640497e+01
2.977528357351999500e+00
-7.489649524224316401e+00
-5.813953636154484128e-01
3.004660534873441424e+00
6.415529090189362904e+00
1.916281429274363957e+00
-4.338666921899963391e+00
6.389151860747699807e+00
-2.103507935450868338e+00
-1.508379962810032726e+00
-1.450300991371371362e+00
-1.636960870495618225e+00
-9.114544530443813297e-02
3.808251860431949076e+00
3.161203813576545674e+00
2.472914162256422549e-02
-3.847196161902242673e-01
-1.968591859606451944e-01
-6.640695558070228710e-01
-3.897850677536692787e-01
-1.471342180761734930e+01
-5.114582390630326714e+00
-1.451344775717343083e+01
-1.478981124195344599e+01
-1.026480386530238675e+01
-1.033998300727671449e+01
-2.868249111406004914e+00
-1.023715240214280087e+01
-2.505498094992305980e+01
-8.709447343847777745e+00
-2.471445223232338861e+01
-2.518506189476517321e+01
-1.747958187523510176e+01
-1.760760214905174692e+01
-4.884243275165482068e+00
-1.743249514912503884e+01
2.379747575457530129e+00
4.507691780907746026e-01
4.987486990563805289e-01
1.639868938306162205e+00
-6.675987264269962751e-02
-2.881215555309591184e-02
7.882859101412812916e-03
-3.616134305855407405e-01
-4.579391171101088731e-01
-7.331364501634677344e-01
-7.540861157605766030e-01
-4.632249102262259166e-01
-1.560975607698163126e+00
6.205696437495631379e-01
6.262244700744766801e-01
-1.211730906896924254e-01
3.993869885242422035e-01
1.337109885833200895e+00
1.331612404058807986e+00
-9.042550273023460816e-01
2.306583862056498901e+01
-9.169880160174393779e+00
-9.253439000425624172e+00
1.790520582909305602e+00
-5.901562957821721689e+00
-1.975787494210950967e+01
-1.967664111193078114e+01
1.336177223316690110e+01
6.652912069686824914e+00
1.260187314169146866e+00
1.394320672440463760e+00
4.584479448521570966e+00
-8.054834866277785221e-02
-1.866364176180640433e-01
-1.010940144070323399e+00
2.203761819193413365e-02
-2.049583908967892221e+00
-1.280231866122405249e+00
-1.295009028710145005e+00
-2.108151584188670213e+00
-2.577352660463861511e+01
6.483050977343725663e+01
5.032566301159666189e+00
-2.600838310817504606e+01
-5.553290845426967337e+01
-1.658735853091837242e+01
3.755556082753600577e+01
-5.530458679174578407e+01
8.527817554968666336e-01
-2.145079980029152900e+00
-1.665150753634628833e-01
8.605525718251239020e-01
1.837445526409146046e+00
5.488343502247032824e-01
-1.242619901515978453e+00
1.829890931682039978e+00
1.835133383064165180e+00
1.315930898767196267e+00
1.265262201695306343e+00
1.428109813358069635e+00
7.951635459892135438e-02
-3.322366947144808069e+00
-2.757874912751867580e+00
-2.157399197325095622e-02
3.356322037333840935e-01
1.717411670698166803e-01
5.793413557976765382e-01
3.400513094414047144e-01
-2.592306800786538545e+01
-9.011206004323211616e+00
-2.557074087777605342e+01
-2.605765590429465917e+01
-1.808520194581688401e+01
-1.821765775260418962e+01
-5.053469018734939588e+00
-1.803648379240099686e+01
5.166155608868349125e-01
1.795824940741068965e-01
5.095941044239066242e-01
5.192977357604026123e-01
3.604163196747313669e-01
3.630560037981023780e-01
1.007095575761532275e-01
3.594454254798710724e-01
