3.334850265860678320e+01
4.580124428171838247e+01
1.488318810094968470e-01
3.363586402944554976e+01
1.370990209807992244e+02
4.803400265650173395e+01
2.997728850975777704e+01
4.506245692896844446e+01
1.389664680813324651e+02
-7.362868986228354728e+00
9.352387329859692677e-01
-5.544841390270949244e-01
1.712279400795293611e+02
-5.965418738329200110e+00
-3.251033295701943188e-02
-7.773757341054727377e+00
1.921777659127127720e+02
1.352426197522476414e+01
2.724701170555943741e-01
5.077254315595540746e+00
3.735801248666180907e+00
1.315055503402677672e+01
7.315745744896203107e+00
6.499765777417618295e+00
1.765922425699171328e+01
-2.538452544942860989e+00
-1.669634252260436824e+01
-1.728734730199193947e+01
-1.535537459490225187e-01
-4.529556218063768291e+00
-4.219461342307578633e+01
-4.818122434427360190e+01
-2.030047449632444323e+00
-2.427702796964277820e-01
5.807679307991318929e+00
-7.929917502767580562e-01
1.360586277776166586e+00
-7.435092273365049298e-01
-8.717803494118625540e-01
-1.544445837229284857e+00
3.429332667380645683e-01
-8.662801594969367969e+00
1.300997816808499863e+01
1.749087148251168566e-01
-1.408730881775701604e+01
-1.024818819578400841e+01
-4.731454589086691698e+00
8.423064297471501760e+00
-9.076758043889494587e+00
7.405476997856277332e-01
6.471240016890128510e-01
2.540999794557889047e+00
1.013156880237930491e+00
-5.363100698286810131e-01
9.957252583140871471e-02
7.616316922255393917e-01
-3.656207209494390487e+00
1.690175676118530201e-01
-1.203800749927430858e-01
-2.504383999539706585e-01
-2.100755023524930598e-01
-1.042862698080361561e+01
-1.115528891179761573e+01
-1.084367269439049153e+01
5.744634027546949184e+00
2.453267263719499880e+01
-1.350518883974375228e+01
-1.321430398196165434e+01
7.243725007833563545e+00
-1.127803052692402197e+01
5.144945725844178419e+00
5.354434947080689788e+00
7.270398157016019880e+00
7.627495308788952322e+00
6.565613942931255664e+00
7.228718062826736457e+00
-1.529921851961655754e+01
-1.724123597756392456e+00
1.899564302882583988e-01
1.956671710112699580e+00
2.541504023750132735e+00
2.502101367886636396e+01
5.589921652419040932e-01
-1.937194097451582497e-01
2.284328840674967509e+01
1.583865420805183177e+01
4.498485198000063412e-01
-1.205399043933740444e+01
3.879141119564545193e+01
-1.430839040470513268e+01
2.230591168092368737e-01
-1.873210241798856646e-01
-1.344177213455973785e+01
5.909701107119631480e+00
-4.991720556336634584e-01
-9.734643890201581939e-01
-9.166516160807747227e-01
4.405223357371051973e-01
-1.776842948720161117e-02
-1.594434540339698114e-01
3.965822753220982766e-01
8.218592122222554863e+00
-1.351924589933328202e-01
-4.155077404388937135e-01
5.050005877228380236e+00
9.704072970923915520e+00
6.356771507407809052e-01
1.920668452636890011e-01
6.562165131834127862e+00
-6.279023261274381262e-01
1.455307822887786651e-01
2.132377569210349988e-01
6.129009206723291525e-01
1.532531763288133453e+00
3.643538843470960908e-01
4.703047388459334899e-01
1.875173196829607702e+00
1.371225986589637458e+00
3.802862381969285277e-02
-6.234871094785460893e-02
1.076487673209860940e+00
7.321717030685049643e+00
-3.792979370440415776e-01
-2.788997251160400467e-02
3.682189909376788473e-01
-1.511136602542811729e-02
-1.452154779120003736e-01
-3.548535211651290266e-01
4.780630689381633935e+00
-1.925330528846050715e+00
-1.697763644052644683e+00
-2.221469965663245727e+00
4.364853285628349511e+00
-1.001080498027596910e+00
8.626602564079020874e-02
-1.127607248521796945e-01
-8.860361193292604076e-01
-2.626977822907909488e+00
-4.020038660242671313e-01
-4.131973494535195357e+00
7.814472849362693374e+00
4.398203279092408602e-01
5.022035256338226034e-03
-6.366201306710418673e-02
1.030090914694312021e+00
1.161111649892123454e+00
-1.159455399457640645e-01
-6.749925129284415348e-01
3.909537048389396308e+00
1.424665576032741132e+00
1.858529202368399856e-03
-2.627548714353220127e+00
3.044365117761505868e+00
-1.008254488340252841e+01
4.040212823250349139e+00
1.950714819987202364e-01
-5.414451337843895651e+00
1.595479897711109540e-01
-2.495784711258337563e-01
-9.990332218539432318e+00
2.380017457124941505e+00
1.134245380669988279e+01
-6.552033344764082723e-02
2.041205548869606812e+00
1.680873699229884721e+01
1.872689577258264571e+00
-2.546451332062615869e+00
-7.922668804892823990e-01
-1.310390736724261807e+01
2.891584639589930106e+01
1.438302131357615288e+01
1.332510850604115760e+01
-1.035184820029653352e+01
-4.047344514344402455e+00
1.565023965214912316e+01
1.958458158944158001e+01
3.972202084719852877e+01
4.113465040889819235e+00
5.632751382807338857e-03
2.567543765827161595e-01
-1.949155289346241826e+00
-5.022588647877332946e+00
3.428338269773689717e-01
9.254756206187393364e-01
5.801454023757122158e+00
-5.331633391204030126e+00
-5.788511618589473606e+00
-1.917394355113851588e-14
1.226656432143660312e-12
1.404554980276226939e-01
-1.325241925543115262e-01
-7.827924679491539417e-02
-2.165178131163260078e-01
8.053481380783574563e-14
-2.605552253257842160e-14
1.809547338558809891e-13
-1.378110714501493626e-13
-1.333736439841521459e+00
-2.266068786983413130e-01
-8.502083333333761983e-01
-1.703420241617215947e+00
5.465331097688944536e-13
7.027120116583372565e-14
7.660179514324387536e-13
-7.905492623288640632e-13
1.755472645121233688e+00
-4.089098112535614615e-01
2.237967629993060286e-13
-6.412517152436048110e-14
-1.619145411291591952e+00
5.058689939770606436e-01
8.018493379838890212e-01
1.987688529489209044e+00
-3.807994549245768412e-01
-5.336198586828950319e+00
-1.742879321367996337e-01
-4.907710435797368653e+00
1.023622172333498881e+01
2.967977166287416035e-01
1.368972504170251625e+00
5.491076526832457283e+00
2.840003368943134987e+00
-6.537981052776625779e-01
-1.686310284518890867e+00
-1.441806934830199616e+00
5.659816621097287737e+01
4.303069851047689554e+01
4.045737418811983588e+01
7.174310204517995260e+01
1.366955035173513977e+02
9.882239843062372131e+01
1.090922316193407084e+02
1.001063257691626518e+02
-4.130263153037634360e+00
-1.268706200432824449e+00
-1.394361703287329446e+00
3.877857278242311079e+00
4.851832268525586578e+00
1.524240956616966236e-01
6.646768304577269637e-01
-2.070564744308548977e-01
1.860920173131740185e+01
1.072319654467064076e+01
1.100080219519325553e+01
3.904344729344951137e+00
3.504678844628098755e+00
2.932488734917368500e+00
5.114239427795507886e+00
-4.436130063218040043e+00
-3.446282599168042360e+00
-2.820903645262198278e+00
-2.934406731682409397e+00
-2.776620370369283552e+00
-5.957758845883684096e+00
-2.888501735080103217e+00
-1.731987798444837079e+00
3.189849308613786238e+00
-2.858899238783144670e-01
1.189603365384272471e-01
-5.426355021391341404e-01
-1.352875551875054150e+00
-8.580352150933744093e-02
-6.002459642235172810e-01
-2.480298639914193248e-01
-1.454457607763362414e+00
-2.384608877021195283e+00
-1.632365494145168627e+00
-4.167938377456495758e+00
-1.837052716319833134e+00
1.063961994573882031e+01
-3.449407875067061013e+01
-2.141435963461603009e+01
1.947698268877202876e+00
2.193909523837628939e+00
-1.491708515806971214e+01
-2.002488711779672581e+00
-4.674206676707258756e-01
-2.381346637015316681e+00
5.163154833480152917e+00
-8.071213508662493652e+00
1.336499067832327414e+00
4.118181207822583012e+00
-3.739270772582643509e+00
-5.103747739546531381e-01
1.387812557853627948e-01
7.432804038813093372e-01
-4.543357561862376021e-02
-1.444372315973184717e+00
3.200633132659386204e-01
1.341127263192489494e+01
1.534661206941732858e-01
5.348635507497804253e-01
1.449234189273326656e+01
3.557813292953900586e+00
8.633322113044145096e-02
1.508963079778860850e-01
1.940795706662345133e+00
-3.502480764973820992e+00
1.011133781114502694e+00
8.882803559326374332e-01
-1.194197581074209147e+00
1.043317825264263199e+01
-5.619244696833231245e+00
-3.503172712136801259e+00
-4.090678404460383888e+00
-6.769739975023922440e+00
5.555906472989924350e-01
-1.431992626956213099e+00
9.359026947393023210e-01
1.177111741281379054e+01
2.876752810771179725e+00
4.264538389855047740e+00
1.846281283826538555e+01
5.018695435048164261e-02
2.342027601662600156e-01
2.415993619725601782e+00
5.440950151852277372e-01
3.272284318985186680e+00
-1.439588366182493473e-01
8.235236152588260028e-01
2.456619812449825080e+00
1.775000803458454568e+00
8.018639718229209068e-02
1.002700452613396326e-01
2.460319161143122546e+00
1.513278789133000402e+00
1.740104865973009923e-02
5.320580185183092226e-02
1.067605210660227399e-01
1.779806575104544653e+00
8.038015304422264640e-01
9.127337793974381608e-01
1.242731756760784956e+00
1.489949707620010777e+00
2.512379341141011135e-01
2.731148422348188554e-01
-1.337674875814556907e+00
2.917806079392120111e-01
2.147030511364824423e-01
1.782817161464265998e-01
5.178173900244930072e-01
2.449655861595143869e-01
-2.729532946817808670e-02
-1.479791117872520170e-02
-4.906151021588469052e-01
-6.266913214989339176e-01
2.080748890532491568e+00
2.122575813609608897e+00
-8.153926282051243701e-01
1.286940687395622025e-14
4.399751110969956735e-13
-7.983603477745302812e-14
1.378290447387079560e-13
-2.263945389546410669e-01
2.467826984714523997e-01
4.234960552263768857e-02
-1.519551282051335439e-01
7.733409014575045118e-14
7.179206890105378492e-14
-8.322234661772999409e-14
-4.428914954381484133e-14
2.270071002492799028e+00
7.155000779024042856e+00
1.814446795836521115e-13
-5.202620657152662130e-13
-8.116903712609956356e-01
4.607260505699223851e-01
-7.054910528370203897e-14
1.513884344269196987e-13
-3.815378580485361937e+00
-5.134053364080237714e-02
9.812436429171663699e-01
-3.453368481093664233e+00
-3.274875390258832564e+00
-3.259981506169278731e+00
-3.219347026446100379e+00
-2.449742637749490193e+00
2.121739579458969871e+01
2.052661655484013181e+02
2.021811372787771290e+02
-1.992294238053006552e+02
-3.427533750743291989e+02
3.788667165112332214e+01
3.993366141900786914e+01
-1.057529629879853275e+02
-6.452188294988946637e+00
1.116664715362372551e+00
1.111089219375047676e+00
-2.451293078159202210e+01
-3.340760979912636230e+01
-9.223590225640528217e+00
-9.422007115399392063e+00
-1.554218235169535767e+01
2.289295200350166315e+00
6.909582621533656432e-01
1.067639969677063316e+00
2.146113356795861904e+00
1.296030281883025825e+00
1.123135374614172080e-02
1.818818442291724458e-01
8.399537725884108630e-01
5.539611789681788689e-01
5.713092773433866567e-01
5.854860569637972967e-01
9.778271769370192601e-01
-6.190362263082691108e+00
-1.464584501636434588e+01
-1.467396637004903148e+01
-1.906530484444589391e+01
-2.952875364522765267e+01
-2.679390515992883692e+01
-2.670129132943171157e+01
-1.318375063688544024e+01
9.455584800174367643e+00
-1.033575982369616142e+01
-1.035520300075311617e+01
-1.026780335843638703e+01
-1.317508167109967232e+01
-1.383650346908653006e+01
-1.386642032283985415e+01
9.224189722913948231e+00
-1.784655744313044190e+00
-2.539219072905790457e-03
-5.102706338805594877e-01
1.076905064148842239e+00
1.544911858973181396e-01
6.472140039445531401e-02
3.628590359965667284e-02
5.032020463513083713e-02
1.154253187096800914e+01
-3.437168343277024807e+00
-3.334160997168857943e-01
-9.821589799605499493e+00
1.584839743589947059e+00
-4.027126479288673511e-01
-4.404049556210139493e-01
-7.437746548327467400e-01
6.127722723702924590e+00
5.731034451040652122e+00
-1.576024416845174025e+00
-2.862919560185232637e+00
-9.700370081926145360e+00
-1.267614918563276127e+00
-5.857260505698350661e-01
-4.563134348331223528e-02
-3.475526349859969222e-01
1.105009091739870136e-01
9.608869533863466372e-02
5.741858004810065363e-01
2.974426240521554465e+00
4.232031788020554006e-03
8.504510564677278950e-01
-1.794841773581234978e+00
-6.593508573411648310e-01
9.401570226084687842e-02
1.839570814917578234e-01
-8.285792544287069739e-02
-1.923755311828044867e+01
5.728613905461372724e+00
5.556934995281531675e-01
1.636931633267594322e+01
-7.513194580712839743e-01
-2.074668960131967221e+00
-1.021287120617295407e+01
-9.551724085067226255e+00
-5.661839555535315149e-01
2.448816064884754007e-02
1.616728346987708065e+01
2.112691530939080131e+00
-2.129833196851590671e+01
-6.030467713021555459e-02
-4.615915001326715839e-01
-9.878668900109637718e+00
-4.995533105090405046e-01
-4.408800430250851221e+00
-1.179717158477940453e+00
-4.700002028588042613e+00
9.150884323634436157e-01
-2.067851884314671373e+00
-1.215053291042178740e+00
-1.694489806692018430e+00
5.058003326209752792e+00
-5.739701831336586402e+00
1.544051832491978971e+00
2.401161531308493580e-01
1.357043904040464710e+00
-5.914195113428248440e+00
-2.734058281322966799e+00
2.193561787897480297e-01
2.713984790824741200e+00
-8.180540043706926445e-01
7.315564785773617906e+00
4.635259864299746124e-01
4.291855920069084007e+00
-1.255481219441231389e+01
-8.334851663217962559e-01
1.097129434355354899e-01
4.539060778656534567e-01
-2.013783687000866074e+00
-8.609118692191803923e-01
-6.407652453116130520e-02
-3.322892588415898851e-01
-1.451333838443079394e+00
-1.104967762904297990e+00
2.646710651391870894e-01
1.498913259828545730e+00
-5.209262991983437452e+00
3.137993972412057020e-01
2.775252678657186833e-01
-6.266990180677573186e+00
2.813975672059250144e+00
1.227135412534048120e+00
1.609994247630222475e+00
-1.450596676659980266e+00
-8.293272231776289694e-01
7.526464999410123369e+00
-1.610285303377552069e+01
-3.680469172325882887e+00
2.721499953648757741e-01
8.273576681134640065e-01
-3.714463519604016106e+00
-3.095204556064311774e+00
-1.726298646376641699e+01
-2.599453732421870100e+01
-2.181444194640373979e+00
-1.858662103733273729e-01
-3.787427677301208551e+00
-9.187333698626149570e+00
6.027499109799435706e-01
1.106094796450454076e+01
7.892223548492605545e+00
6.674968520109862524e+00
1.077210383921610415e+01
-1.583658166941462753e+02
-4.191539150494452315e+01
1.163629403303552294e+02
-1.568701731374543158e+02
-6.592260920976713123e+01
2.002931707744293419e+02
2.623718912928503144e+01
-6.653097821317123817e+01
-6.754294092417273987e+01
-2.678496617161772164e+01
3.608801714546633121e+01
-6.727794142420908940e+01
-4.042332016736047962e+01
6.254688700930989143e+01
-7.970490113777235486e+00
-4.074561661397243739e+01
2.095507181976113742e+00
8.153313354343277197e+00
5.732415327168720154e+00
2.200132958663899352e+00
-3.707076169221234369e-02
-2.000497450075250150e+00
-2.558407555165974845e+00
1.171995125685314915e-02
-2.041839489484918779e+00
-1.032824141648388760e+00
-1.252304330873436289e+00
-1.982241568536613041e+00
-2.156786818028736263e+01
4.866453661736764857e+00
5.542899926646068565e+01
-2.137076577855196646e+01
-4.670827300690639561e+01
3.210325306808476142e+01
-1.371880681845733108e+01
-4.690169403890590871e+01
-4.851220596948747854e+00
-7.255822271677250690e+00
-7.662407002607192652e+00
-4.834751995170686101e+00
-3.123232398978263991e-01
-4.380146196107209455e+00
-3.523889014282150622e+00
-3.066865032139534097e-01
1.987724557926629387e+01
3.462049659395400880e+00
4.002418772377682288e+00
1.352590699392200513e+01
-2.865304696879379387e-01
3.703103434421320950e-01
-2.392276935339331168e+00
7.499069739709941784e-02
-6.527007505467456561e+00
-4.080643548481301508e+00
-4.275617647971949431e+00
-6.711697673170436751e+00
1.101760883136820723e+01
-2.676783292538632963e+01
-1.759449691589270337e+00
1.111667245349359590e+01
2.325591187434534746e+01
7.110493029597358294e+00
-1.550960587312370187e+01
2.316062687878972426e+01
-1.209804972681266833e+01
2.993714461809147309e+01
2.157553862262647559e+00
-1.220759561515495761e+01
-2.581462498680678053e+01
-7.796401787893834978e+00
1.734394446833049486e+01
-2.570866184509284125e+01
6.899180455117874811e-01
2.236124643510296384e+00
3.242354854646962270e+00
6.255379731697523482e-01
1.041361960263037338e-02
-5.221709928843999426e-01
-1.297349304165165140e-01
-3.807561442746291991e-02
-1.016668625943945470e+00
-6.202159365468292718e-01
-6.178370925652117984e-01
-9.883649958892385401e-01
1.310068238391632889e+00
3.916830087974788599e-01
-8.854643956385482850e-01
1.304682684274949933e+00
6.085297286355674240e-01
-1.528529614761235944e+00
-1.179301506750818074e-01
6.140718811583784076e-01
-1.015002774570572264e+01
-3.033942301361855609e+00
6.861269191100518583e+00
-1.010830063019384717e+01
-4.713748811729047361e+00
1.184425652252616956e+01
9.151826300620041765e-01
-4.756684612619724639e+00
1.118726854900832457e+00
8.268238110103836025e-01
6.116122652893415390e-01
1.105088826596653195e+00
6.952428467347861185e-02
-3.790479993485210919e+00
-3.115396576194890965e+00
-2.733253471549269495e-02
5.542964310202197487e-01
6.474745468359227596e-01
2.592024841356684872e-01
5.438307387406535742e-01
-1.889540546118536568e+01
-1.799716574674395630e+01
-5.445539122301215507e+00
-1.879405476310967771e+01
-1.374092974739548012e+01
-3.109187874617741265e+00
-1.317181639552420158e+01
-1.377962895341386407e+01
-3.695151817464649713e-01
-4.740222376595819576e-01
1.834669133184830159e+00
-3.871514794315502050e-01
-1.545396447591297628e-01
1.774372635781898078e+00
-3.622100125305577900e-01
-1.529559484825452897e-01
1.132106292445112183e+00
3.907277679548519345e+00
5.685445143545349467e+00
1.011804648519938565e+00
2.070290395252628174e-02
-6.951374725581537239e-01
6.251808834287861383e-02
-7.559301577975839626e-02
-1.863176418829519232e+00
-1.169200383559358292e+00
-1.128958200937663081e+00
-1.811752454003656254e+00
-3.249884927358792197e+01
-9.695874088261618340e+00
2.199347476339173113e+01
-3.236520865951797532e+01
-1.506761158763631414e+01
3.796662634221416965e+01
2.969232259541913166e+00
-1.520500246120559140e+01
4.175712027091289968e+00
1.136363785070520382e+00
-2.973405029100563812e+00
4.158321804950943168e+00
1.786319242404760921e+00
-5.135399745328638410e+00
-6.138596288146681568e-01
1.803476991262316309e+00
-3.537516507615466210e+00
-8.864752557533670529e-01
5.659767443008864030e-01
-3.642981423035090316e+00
8.397686427186157321e-01
1.344503137326539699e+00
1.036796249772052203e+00
8.084908849909491213e-01
-1.964793803732813426e+00
4.724706525863173190e-02
-1.200777909756588040e-02
-1.652022652173111172e+00
3.158278947341175980e-01
1.402676241415354297e-01
1.394148296221091599e-01
6.826104419193336492e-02
-2.698489244080225902e+01
-2.753856745448274879e+01
-2.739615053454903659e+01
-9.434885659828557536e+00
-5.291548586729243553e+00
-1.910916081462166005e+01
-1.916088194967670688e+01
-1.925070079168687798e+01
7.239056187563722711e-01
7.438469942889434083e-01
7.394979204604186229e-01
2.993326020151558797e-01
1.866784521166611477e-01
5.213653117572903950e-01
5.228327010917750428e-01
5.172382845013089314e-01
-1.978301969004470751e+00
-6.236080937848386130e-01
-5.680586366626891870e-01
-2.864920280625837812e+00
-8.760988316347050053e-03
5.011388596173187437e-01
1.669197822913368601e-01
3.205173056801155496e-02
8.591294973861011153e-01
5.376973469280369455e-01
5.332958598629248259e-01
8.838149647166825273e-01
6.884289254651210221e-01
-4.672373175651405863e-01
2.066657459813945885e-01
6.912706867609125228e-01
3.240078479196557559e-01
-6.224769737698791078e-02
-8.065669022927064447e-01
3.210835194382721247e-01
-3.586494960638382801e-01
2.434207066799270736e-01
-1.076625696239159741e-01
-3.601299704060239582e-01
-1.687926868956403370e-01
3.243689750396962224e-02
4.202042891109994960e-01
-1.672692217677941018e-01
4.420024851919333919e+00
8.433785695739627331e-01
9.319582123301930476e-01
3.046803841754130548e+00
-1.449354761114846346e-01
-5.287689036372385937e-02
1.446486372304130012e-02
-6.875622261347843489e-01
-8.472620077449816156e-01
-1.356011688947677873e+00
-1.394793044021398254e+00
-8.544751988362970785e-01
7.404576845942511909e+01
-2.943643110915305527e+01
-2.970466737440312954e+01
5.748457604304892499e+00
-1.894470170384746766e+01
-6.342600717216257777e+01
-6.316523274313606606e+01
4.289384936690120043e+01
2.161923911762953232e-01
-9.244473215981063863e-02
-9.326471458050621111e-02
1.130477877167652100e-02
-5.983363004060288787e-02
-1.908680420333854766e-01
-1.900889427806324028e-01
1.252752125757188029e-01
1.782734845363443288e+00
1.244669684081159966e+00
1.198945225988258922e+00
1.380693275935833242e+00
7.353682643334212565e-02
-3.117787930823123332e+00
-2.597035483505005793e+00
-2.001641749459371483e-02
2.939423166020408429e-01
1.477638967773965417e-01
5.292547128316122951e-01
2.974982115785018144e-01
4.964372108223944480e+01
1.728836528574444387e+01
4.898213126578099263e+01
4.990141637104451178e+01
3.461770056603634771e+01
3.488821776168351363e+01
9.695709834254541803e+00
3.452448111206621917e+01
8.179541615449910097e+00
2.840286480004492464e+00
8.066527582049468847e+00
8.222027099719332099e+00
5.708724544485574093e+00
5.748094504864347698e+00
1.593245676600255845e+00
5.693340391060543126e+00
1.070129275092638776e+00
3.248493099367163461e-01
2.934734728540486781e-01
1.553120013031855873e+00
5.165256654827426672e-03
-2.341458010950033253e-01
-4.112658690270356437e-02
-1.887836686286287549e-02
-4.791374611137455553e-01
-2.992537905766250450e-01
-3.030074497072516859e-01
-4.928251788953804668e-01
6.179493542359866254e-01
-4.196168182336402208e-01
1.853492895647661509e-01
6.205005021573801738e-01
2.906192015123294503e-01
-5.621178933014151641e-02
-7.243658079779341508e-01
2.879949749097433509e-01
-2.887612789333104057e+00
1.960809868375255949e+00
-8.661294971102971862e-01
-2.899534013734227145e+00
-1.358049127485830176e+00
2.626471201758774354e-01
3.384858401749895052e+00
-1.345786338110902536e+00
4.575773941919013765e+00
1.391196786155894038e+00
1.257267493669044223e+00
6.640408118696678130e+00
-1.007611178903543792e+00
2.201202990761055509e-02
-8.045417147836363136e-02
-1.844061463039910198e-01
-1.278121140709658432e+00
-2.046241571889813038e+00
-2.104710795988441241e+00
-1.293104300099955584e+00
-9.219715555622175884e+01
1.357702081512333336e+02
1.363307272758288775e+02
4.072120928723344946e+01
-1.235469753562739825e+01
6.384939341035902061e+01
6.327283148974255056e+01
-1.591558867545908527e+02
-1.336421476197880231e+01
1.968010333207184459e+01
1.976135159201411895e+01
5.902533634624835379e+00
-1.790979546691335855e+00
9.254974249080781590e+00
9.171401012354962745e+00
-2.307005660384516688e+01
1.389717512302399927e+00
-5.791368366143799129e+00
-2.259402679773211187e+00
2.548962022963668916e-01
-6.175922874922643580e+00
3.452940798053889537e+00
1.290907191937869403e+00
-3.812798744300306630e+00
1.401779724728558607e+00
-8.727988652105368450e-01
-9.719159439339516426e-01
2.634161426665045269e+00
1.709938338282078085e+00
-9.972528812944010668e-02
1.882310623195706079e+00
-3.459560285547431113e-01
3.970660451555643622e+00
3.831376891144914199e-01
-1.183584426481268270e+00
2.413661025264339344e+00
-2.974440070594520424e+00
-2.190988389438361494e+00
2.868753996895839986e+00
2.344168384508516834e+00
-7.591888950220151422e-01
1.237412039066222574e-01
1.007073430146957715e+00
6.976444258316449876e-01
-6.413991733622689262e-01
-7.887471948277301470e-01
-1.330386607177399405e+01
-2.519992081831115893e+00
-2.788220335705786201e+00
-9.167607721847799596e+00
1.610741995999231124e-01
3.731781851875010658e-01
2.021552552970783179e+00
-4.406908488515960676e-02
4.098575363384636461e+00
2.560093181196804402e+00
2.589648097505221180e+00
4.215693722018079903e+00
-2.326050248190887260e+01
5.850927187146071162e+01
4.541871197971630636e+00
-2.347245951923600771e+01
-5.011822386481568969e+01
-1.497002328524324888e+01
3.389374117497971639e+01
-4.991216449308500103e+01
-3.546387106043435011e+01
8.920551656713399780e+01
6.924711938474892747e+00
-3.578702903452729345e+01
-7.641219969814011392e+01
-2.282388262003198776e+01
5.167571897530973501e+01
-7.609803354163143752e+01
-3.171961806822787722e+00
-2.286485837804044685e+00
-2.197887723847331110e+00
-2.470321075133133704e+00
-1.386725968537473597e-01
5.783515699514571118e+00
4.798052034754145545e+00
3.763389340868310978e-02
-5.911378043127129001e-01
-3.032105768132726809e-01
-1.012791060990951841e+00
-5.990269381464976561e-01
-1.552186453953918743e+01
-5.385114195754008293e+00
-1.530655093126294197e+01
-1.560246614234135443e+01
-1.083417897157973542e+01
-1.090790316445889019e+01
-3.019808696336582443e+00
-1.080498242906692496e+01
-3.024146071793288115e+01
-1.051379913308590375e+01
-2.983106122577240527e+01
-3.039846651814415779e+01
-2.109715964919563547e+01
-2.125247778663799636e+01
-5.896131321086563126e+00
-2.104032947980925528e+01
2.579509721195965000e-01
2.237533881085977117e-01
5.165512472520065179e-01
-8.767248308637755061e-01
-1.958014974981220790e+00
-2.129315318856617734e-01
3.282002197041722358e-01
-9.660569944444192814e-01
-1.122798933457478388e+00
-8.677490467076975911e-01
2.277078611624719917e-01
3.379532674230826816e-01
4.536981007126278165e+00
8.593877895004606859e-01
9.508607801086533806e-01
3.126404440936261242e+00
-1.272700435935631980e-01
-5.493050714413602598e-02
1.502870785579770926e-02
-6.894091748033031042e-01
-8.730606051866942607e-01
-1.397724273091126568e+00
-1.437664788361861845e+00
-8.831388774821131715e-01
-3.206538163646504014e+00
1.274767197196887469e+00
1.286383277404543612e+00
-2.489122336544083158e-01
8.204162777656874850e-01
2.746675911677847193e+00
2.735383047317627270e+00
-1.857510291565279470e+00
3.587347159351964621e+01
-1.426158577123076476e+01
-1.439154183889825234e+01
2.784732433198400692e+00
-9.178489232797057085e+00
-3.072871433465232016e+01
-3.060237427182425307e+01
2.078108515944859747e+01
7.770579294672522508e+00
1.471889895493212030e+00
1.628557625538991305e+00
5.354656071080362345e+00
-9.408069460271052675e-02
-2.179746290716941814e-01
-1.180762512440804768e+00
2.574000068467570401e-02
-2.393911591340018408e+00
-1.495309114664602701e+00
-1.512570792890628901e+00
-2.462318541818456552e+00
-2.741226797067641741e+01
6.895258591271414161e+01
5.352548702907689027e+00
-2.766205720245643107e+01
-5.906382124365568842e+01
-1.764202175091121561e+01
3.994343162664238633e+01
-5.882098235339536529e+01
2.848295008523059835e+00
-7.164577319070883021e+00
-5.561612302640444039e-01
2.874249571368261424e+00
6.137076692075636331e+00
1.833109263362534547e+00
-4.150356370962862584e+00
6.111844310099464828e+00
1.456599039454593569e+00
2.030995400539226114e+00
1.580601525252295581e+00
1.400486699824432968e+00
-3.677558674855873289e+00
8.803221301072432226e-02
-2.388212252801934568e-02
-3.052636363269155773e+00
6.414209601918459125e-01
3.765819359662642696e-01
3.716857517437476832e-01
1.902191237089874698e-01
-2.311297188559646898e+01
-2.355312389469407108e+01
-2.343147178044972989e+01
-8.145006496610951885e+00
-4.567704926447304636e+00
-1.630295180162367075e+01
-1.634698762676074324e+01
-1.646666529206018126e+01
2.014758979006321393e+00
2.053144258851341775e+00
2.042539584192612168e+00
7.099784874206351848e-01
3.981582532539846842e-01
1.421161493693298361e+00
1.425000239567278504e+00
1.435410672447169134e+00
2.699851500704205431e+00
5.114031149181909042e-01
5.658364258807990765e-01
1.860450552583138295e+00
-7.574054638113711380e-02
-3.268770701225343078e-02
8.943190188435831342e-03
-4.102551966476042922e-01
-5.195371843798064493e-01
-8.317517038239163885e-01
-8.555193405874800261e-01
-5.255338929102063572e-01
-2.581699428124666795e+00
1.026360881580078654e+00
1.035713405638853724e+00
-2.004083164057602340e-01
6.605466217947565388e-01
2.211447646088425145e+00
2.202355354382866004e+00
-1.495548473268563994e+00
2.042289759158767737e+01
-8.119172536059586776e+00
-8.193156997039290346e+00
1.585358290792386882e+00
-5.225347229214929001e+00
-1.749396860081483140e+01
-1.742204274448620893e+01
1.183074721232318360e+01
1.142145185552843945e+00
1.592906685320635063e+00
1.239589466047549271e+00
1.098174090149800941e+00
-2.883541030231310032e+00
6.901060236379019663e-02
-1.872382956846351670e-02
-2.393632958318090864e+00
5.027809889938806842e-01
2.950777823503713537e-01
2.912439663460550943e-01
1.490206201023507593e-01
-1.685827674128077902e+01
-1.717929301595030722e+01
-1.709056188905212892e+01
-5.940901503273884998e+00
-3.331647378202972298e+00
-1.189109770994547688e+01
-1.192321663431376599e+01
-1.201053838908074489e+01
2.001664912556917475e+00
2.039781159482187523e+00
2.029245676333263582e+00
7.053914851274756259e-01
3.955824269402928306e-01
1.411888474516969971e+00
1.415702113601400081e+00
1.426069703731122518e+00
1.156111391431132063e+00
6.103461277846204069e+00
4.205856469720256285e+00
1.279166903400393629e+00
-7.389597446434732764e-02
-1.712240008422943882e-01
-9.274497570133294344e-01
2.021756232930249642e-02
-1.934043112610254411e+00
-1.188056379212980351e+00
-1.174499821463882876e+00
-1.880312434706901348e+00
-1.997622666694084970e+01
3.865356978929522569e+00
4.979428951057515462e+01
-1.979584072255667593e+01
-4.247772561985026130e+01
2.884525318578341313e+01
-1.274023196446982809e+01
-4.265309235697546342e+01
2.352123278874619583e+00
-4.551308080805424594e-01
-5.863084635357157737e+00
2.330883532939519664e+00
5.001587586878859071e+00
-3.396416786304177649e+00
1.500112943184603642e+00
5.022236340616037964e+00
1.709508668552337296e+00
3.238132399536791106e-01
3.582796731801697332e-01
1.178011561813629537e+00
-4.795736720689587618e-02
-2.069741968977082888e-02
5.662708680667732919e-03
-2.597675419715676504e-01
-3.289638457615933764e-01
-5.266538229171797703e-01
-5.417031652322845670e-01
-3.327609409802336771e-01
-1.087646934410548605e+00
4.323966802853512204e-01
4.363368152162286351e-01
-8.443023698402377097e-02
2.782823970363341171e-01
9.316631606967500367e-01
9.278326593297949731e-01
-6.300612280686361810e-01
1.118702656666728323e+01
-4.447429579856540194e+00
-4.487955960932351829e+00
8.684098444653013393e-01
-2.862282298955218351e+00
-9.582650581862086625e+00
-9.543251840231359751e+00
6.480514470300525076e+00
7.667934894256072109e-01
1.069386081959989410e+00
8.321954673943450231e-01
7.372706134282028811e-01
-1.935910453330964565e+00
4.633258454601160009e-02
-1.257070273104059568e-02
-1.606995477230920955e+00
3.375627922089050048e-01
1.981219742548603335e-01
1.955476316699330253e-01
1.000583215401685544e-01
-2.662636810362627315e+01
-2.713338524938918894e+01
-2.699324120331260346e+01
-9.383210220430623139e+00
-5.262088317025918727e+00
-1.878107900387842122e+01
-1.883180837797420892e+01
-1.896973106952493282e+01
6.140694697182379480e-01
6.257626555285987768e-01
6.225305883624765446e-01
2.163996393237475890e-01
1.213565477131739179e-01
4.331380626510972776e-01
4.343080076199622996e-01
4.374886876407611536e-01
8.657331461957067376e-01
4.570468783964666493e+00
3.149481000925741903e+00
9.578811176673751593e-01
-5.533572949214272257e-02
-1.282167784437614755e-01
-6.945033372932903903e-01
1.513957393648668152e-02
-1.448274255690481738e+00
-8.896553195327028263e-01
-8.795035724488375894e-01
-1.408038982094633296e+00
-2.608857288674126806e+01
5.048082851184064523e+00
6.503039702525335031e+01
-2.585299226702533915e+01
-5.547510344979433228e+01
3.767135318934931831e+01
-1.663850114143955494e+01
-5.570412908009055997e+01
8.584735456790549835e-01
-1.661127883372871539e-01
-2.139897638630321008e+00
8.507215030209469564e-01
1.825470061716975900e+00
-1.239617831374639101e+00
5.475084103521972168e-01
1.833006405148453810e+00
6.518801556994346491e+00
1.234784251239864128e+00
1.366213726573202614e+00
4.492064746637752570e+00
-7.892464124106704504e-02
-1.828741812342642437e-01
-9.905614526871665548e-01
2.159338010539984740e-02
-2.008268051030292156e+00
-1.254424736498302773e+00
-1.268904017119741434e+00
-2.065655109199618700e+00
3.050514719133454022e+01
-7.673238798341203903e+01
-5.956467584818856409e+00
3.078311971403616809e+01
6.572789096139854337e+01
1.963254083397447758e+01
-4.445018054653561990e+01
6.545765297537850813e+01
6.135551531039602047e+00
-1.543331417544526118e+01
-1.198034337630060175e+00
6.191460611777467982e+00
1.321996119182221996e+01
3.948725938496782106e+00
-8.940339530137519475e+00
1.316560777144783323e+01
8.647550704268910371e-01
1.211886771973004429e+00
9.423868417817146126e-01
8.316754000218538057e-01
-2.179592817504963698e+00
5.206526700889532039e-02
-1.412516636471587358e-02
-1.810296381559379331e+00
3.784754988101194928e-01
2.205170179913373274e-01
2.176890217701057395e-01
1.111138652028457185e-01
5.124590585433080880e-01
5.206043615636173350e-01
5.179207894573166771e-01
1.838416569995446614e-01
1.031545363054614806e-01
3.584178512605544209e-01
3.593818679500193070e-01
3.640529067879634817e-01
-1.061276623622727833e+01
-1.081469304809572485e+01
-1.075883564920921565e+01
-3.740293320966447066e+00
-2.097555665666995584e+00
-7.485478949184337871e+00
-7.505697488606283052e+00
-7.560871689898235992e+00
-2.013211024283140027e+00
-3.815362392680403114e-01
-4.221087193626357759e-01
-1.387322611043467768e+00
5.714550236407374417e-02
2.435407266440539273e-02
-6.663086991352170849e-03
3.064245601619501880e-01
3.873007943375304518e-01
6.200351176662353136e-01
6.377539138451513434e-01
3.916893413677462465e-01
-9.093577114267997530e+00
3.615179299738974894e+00
3.648121934339369599e+00
-7.058979171021014798e-01
2.326661914404250187e+00
7.789435969637924728e+00
7.757409973733532915e+00
-5.267803565865808224e+00
1.677224454182579372e+00
-6.668412186252028473e-01
-6.729174910880851845e-01
1.301493949156632135e-01
-4.291694487573799455e-01
-1.436736479872114280e+00
-1.430829435922651882e+00
9.715969592321618276e-01
-1.879527423742536563e+00
-3.560180236203070447e-01
-3.939123056298972081e-01
-1.295170408876615609e+00
5.272702067375016621e-02
2.275587436990839443e-02
-6.225891397693384191e-03
2.856027074451714665e-01
3.616808520990523745e-01
5.790320287943984123e-01
5.955780992628798565e-01
3.658555783144236129e-01
-5.100366436303653828e+00
2.027663063253209330e+00
2.046139768621796584e+00
-3.959236529313159836e-01
1.304965933689037572e+00
4.368902595094337649e+00
4.350940000811816866e+00
-2.954582998201164656e+00
9.017225597763590672e-01
-3.584819935190745599e-01
-3.617485945113520507e-01
6.999757649827571815e-02
-2.307122903511678313e-01
-7.724029401936806094e-01
-7.692272318009767407e-01
5.223573987247521755e-01
1.167085149660972876e+00
1.627577770145266278e+00
1.266586901998961512e+00
1.122148271341232295e+00
-2.946561319554101832e+00
7.052165245945773986e-02
-1.913359239444376719e-02
-2.445924188862707904e+00
5.138051071363979316e-01
3.015792232739535894e-01
2.976601891464544236e-01
1.523102690534874903e-01
5.290070294212280544e+01
5.390803153513102330e+01
5.362959633888849709e+01
1.864236753545604230e+01
1.045460805558211348e+01
3.731384472800698404e+01
3.741463275394527699e+01
3.768865751745915560e+01
8.389656394208932610e+00
8.549411286134143140e+00
8.505253542668084421e+00
2.956540057422064383e+00
1.658022640016366234e+00
5.917697282641777079e+00
5.933681511581645474e+00
5.977139667000194834e+00
-2.228917331451695905e+00
-1.176713243188858904e+01
-8.108656215092498343e+00
-2.466161559785815971e+00
1.424674001033586490e-01
3.301073915180128271e-01
1.788069109646792887e+00
-3.897835548922642251e-02
3.728727903805943100e+00
2.290507161352669740e+00
2.264370512244770595e+00
3.625138139913348656e+00
-7.516088614929659961e+00
1.454347012757057689e+00
1.873518451268432727e+01
-7.448218102371223281e+00
-1.598231514085088989e+01
1.085307464093982155e+01
-4.793533534455029610e+00
-1.604829716830385067e+01
-2.047659032730449979e+01
3.962176272751302353e+00
5.104153471669327047e+01
-2.029168608359897163e+01
-4.354170585096743196e+01
2.956776783774437689e+01
-1.305934874294304215e+01
-4.372146516652754400e+01
3.762222528470123173e+00
7.126360687526234194e-01
7.884884980429623935e-01
2.592523647059999270e+00
-1.055429151039237179e-01
-4.555010029211981754e-02
1.246227558348308485e-02
-5.716867657625952504e-01
-7.239712652351685263e-01
-1.159039932570406162e+00
-1.192159959537468117e+00
-7.323277523734872396e-01
-1.013764680201953317e+00
4.030246105938054546e-01
4.066970979616629234e-01
-7.869501542884478618e-02
2.593790836329795679e-01
8.683766543960915740e-01
8.648063533443104411e-01
-5.872620968925471585e-01
8.596092155725052919e+00
-3.417397312558227096e+00
-3.448537714736428672e+00
6.672846450805860474e-01
-2.199372842356472457e+00
-7.363292382191604091e+00
-7.333018456241623184e+00
4.979616278842619259e+00
6.980237762692506287e+00
1.322188988311521651e+00
1.462921756580096044e+00
4.810037504435389799e+00
-8.451135670165266234e-02
-1.958189973927267624e-01
-1.060678766886525404e+00
2.312187701865688061e-02
-2.150424182529458328e+00
-1.343219739437449656e+00
-1.358723943777229604e+00
-2.211873408665920415e+00
-1.662692728153778532e+01
4.182323157258490909e+01
3.246591559334381483e+00
-1.677843708715343141e+01
-3.582519554911331738e+01
-1.070077868337745741e+01
2.422771196489811629e+01
-3.567790147726108785e+01
1.655087522418937640e+00
-4.163193087389467806e+00
-3.231741553481099483e-01
1.670169201947077298e+00
3.566133004466204071e+00
1.065183300506033159e+00
-2.411689369351419643e+00
3.551470970025508489e+00
-2.680243077589946843e+00
-1.921942715130725343e+00
-1.847939915847164327e+00
-2.085778919966664091e+00
-1.161353423024393677e-01
4.852384754078405749e+00
4.027931752373818064e+00
3.150927929908100417e-02
-4.901997750987735492e-01
-2.508327798893835170e-01
-8.461412068222656790e-01
-4.966540287040951407e-01
-1.716808438675326443e+01
-5.967856057914652901e+00
-1.693474839966289380e+01
-1.725721798668372742e+01
-1.197729668677043691e+01
-1.206501812946394026e+01
-3.346763535135058643e+00
-1.194503208810910699e+01
-3.204030210752569019e+01
-1.113763864143481541e+01
-3.160483408419830909e+01
-3.220664958069443884e+01
-2.235288404988816069e+01
-2.251659633548552719e+01
-6.245968829874738226e+00
-2.229266955868308031e+01
2.232298743776070182e+00
4.228395819636489583e-01
4.678462984250657541e-01
1.538262884975591716e+00
-6.262344013896589678e-02
-2.702695836702391496e-02
7.394438237967290543e-03
-3.392079122823685733e-01
-4.295652725497081659e-01
-6.877114167881510642e-01
-7.073630439928749736e-01
-4.345235586529434535e-01
-4.501205389450085304e-01
1.789465133984587675e-01
1.805771304692161405e-01
-3.494128711419938055e-02
1.151666212051327964e-01
3.855669617587336173e-01
3.839817163220112239e-01
-2.607495967434392270e-01
1.205157728368106973e+00
-4.791133816996888672e-01
-4.834792139486503437e-01
9.355219004984033360e-02
-3.083483902348292949e-01
-1.032321264113339909e+00
-1.028076910380528508e+00
6.981338652539429424e-01
5.766131309837255081e+00
1.092214274346967606e+00
1.208468712812790002e+00
3.973404459660857313e+00
-6.981188843544351708e-02
-1.617592536773341527e-01
-8.761897881750435602e-01
1.910017732395461257e-02
-1.776390522805018080e+00
-1.109587045459305754e+00
-1.122394528705052297e+00
-1.827151588379036129e+00
-1.138579223865051837e+01
2.863972502984159618e+01
2.223201939385191395e+00
-1.148954316867157388e+01
-2.453238812706802108e+01
-7.327682428490344790e+00
1.659065984828714946e+01
-2.443152404847520387e+01
1.535039739467189079e+00
-3.861225914432360629e+00
-2.997334971767536271e-01
1.549027505733628240e+00
3.307472145086899573e+00
9.879227980065523607e-01
-2.236763295631803317e+00
3.293873585963505324e+00
1.768112523056272201e+00
1.267871564216716873e+00
1.219053360179277457e+00
1.375953808373475473e+00
7.661231309866242678e-02
-3.201030002317765355e+00
-2.657153976072081925e+00
-2.078608144984428474e-02
3.233743513650182422e-01
1.654688743453638367e-01
5.581829983837407472e-01
3.276320616130141694e-01
-2.469236477766566651e+01
-8.583397066001321463e+00
-2.435676445602814866e+01
-2.482056308475245032e+01
-1.722660309031957482e+01
-1.735277053195664365e+01
-4.813554492975277377e+00
-1.718019784172994591e+01
2.157402427212268936e+00
7.499420086237649219e-01
2.128080611933226951e+00
2.168603271740295213e+00
1.505109602383642331e+00
1.516133007148724010e+00
4.205662044063138150e-01
1.501055118460906890e+00
1.152524462761798540e+00
2.183099208331951147e-01
2.415466591310324318e-01
7.941972865576123475e-01
-3.233216292330817060e-02
-1.395388084166850930e-02
3.817710771196006995e-03
-1.751313160656163825e-01
-2.217823606053770102e-01
-3.550618990341565251e-01
-3.652079339897142396e-01
-2.243422984478638804e-01
2.697185208080564722e-01
-1.072272529724059426e-01
-1.082043415217210647e-01
2.093730781010975234e-02
-6.900944975917355784e-02
-2.310371147290860017e-01
-2.300872134970952942e-01
1.562448043353745486e-01
-1.903395232617966171e+00
7.566993972197563201e-01
7.635946807943015946e-01
-1.477539315817502363e-01
4.869975457514823525e-01
1.630421750108968837e+00
1.623718326590405603e+00
-1.102614736290295605e+00
1.011565130701483683e+00
1.410680084027819525e+00
1.097798118432047554e+00
9.726157710654647071e-01
-2.553926053350838554e+00
6.112475467239752991e-02
-1.658407220253661774e-02
-2.119997265707666667e+00
4.453435200880761502e-01
2.613995643249752421e-01
2.580025729417868008e-01
1.320184880882443734e-01
-1.775355334760377701e+01
-1.809161441058428821e+01
-1.799817115017416924e+01
-6.256405608384237205e+00
-3.508581636702218454e+00
-1.252258112641174392e+01
-1.255640573631893631e+01
-1.264836870736204588e+01
2.098992663623446386e+00
2.138961433668962631e+00
2.127913689354174132e+00
7.396913291187632300e-01
4.148176407700794321e-01
1.480537749243127532e+00
1.484536813917909814e+00
1.495409544437229732e+00
6.779022942737131796e-01
3.578852369734885297e+00
2.466164435435784785e+00
7.500576875930878851e-01
-4.332999526676562657e-02
-1.003987695214365317e-01
-5.438228391439756670e-01
1.185486614917587514e-02
-1.134054262823244841e+00
-6.966342080977753204e-01
-6.886850149050858239e-01
-1.102548500976798795e+00
-2.859448334991251173e+01
5.532971146545600405e+00
7.127682349850425680e+01
-2.833627428124148651e+01
-6.080370623628972737e+01
4.128983544702063568e+01
-1.823669489020605283e+01
-6.105473068291941274e+01
-1.626615195161304483e-01
3.147465485291303655e-02
4.054626997333028449e-01
-1.611926809659542936e-01
-3.458857125537304622e-01
2.348798295179224394e-01
-1.037405874934522049e-01
-3.473136809291437754e-01
3.056493564709099608e-01
5.789576618133568386e-02
6.405814653554801896e-02
2.106210300864025387e-01
-8.574485931442662329e-03
-3.700567612291866173e-03
1.012456462107456804e-03
-4.644480510687777619e-02
-5.881665681365161324e-02
-9.416237524970659523e-02
-9.685310256586868172e-02
-5.949555203812031956e-02
-5.408309156005726148e-01
2.150086439327155707e-01
2.169678705110530958e-01
-4.198281719502942183e-02
1.383755323384254499e-01
4.632682024288825029e-01
4.613634909863487121e-01
-3.132970636700950773e-01
-1.127966065865777168e+01
4.484256488082182912e+00
4.525118447561476742e+00
-8.756007058660982834e-01
2.885983406672373075e+00
9.661999650187734545e+00
9.622274667563452510e+00
-6.534176323162662392e+00
6.705113653763370429e-01
9.350628922544703681e-01
7.276705027045753393e-01
6.446939582670788704e-01
-1.692858324716730589e+00
4.051626719450571873e-02
-1.099267725398134221e-02
-1.405230589716616629e+00
2.951939399645343021e-01
1.732675234501065697e-01
1.710158429384171230e-01
8.750786056872501828e-02
-2.719464553768665738e+01
-2.771248276138391731e+01
-2.756934767766452410e+01
-9.583474898342938531e+00
-5.374396442436988330e+00
-1.918191520756557367e+01
-1.923372727351422284e+01
-1.937459487072729303e+01
6.857851864125568131e-01
6.988438268193235547e-01
6.952342956733834622e-01
2.416727627637671183e-01
1.355296748003845531e-01
4.837229181126121436e-01
4.850294969116048516e-01
4.885818473614444435e-01
6.371112571669129920e+00
1.206809162046310391e+00
1.335260991291898680e+00
4.390293204402923699e+00
-7.713653681492736724e-02
-1.787309999366986923e-01
-9.681194330684710359e-01
2.110416383683634545e-02
-1.962769035922538485e+00
-1.226004680575192962e+00
-1.240155922217690998e+00
-2.018855941623128203e+00
8.603397814192646820e+01
-2.164091374198671929e+02
-1.679908635684527596e+01
8.681794688635510227e+01
1.853730420908840699e+02
5.536985540133649408e+01
-1.253632981201149477e+02
1.846108871392479500e+02
1.132537396202269342e+01
-2.848774941030425012e+01
-2.211404602234249062e+00
1.142857434165136965e+01
2.440220793572693125e+01
7.288798358350970119e+00
-1.650262213820623103e+01
2.430187908855877765e+01
1.097329064599104509e+00
1.530282297912488598e+00
1.190873149671412001e+00
1.055077444069744352e+00
6.630712077478471966e-02
-2.770456621278543974e+00
-2.299737862234231489e+00
-1.799012665756046306e-02
2.835619306897128045e-01
4.831012757140742409e-01
1.432114776978587189e-01
2.798769302548391180e-01
5.320935278097194043e+01
5.221507941490244065e+01
1.840075106687008599e+01
5.293452626216030410e+01
3.683023647070888984e+01
1.031910993882547345e+01
3.720019105980461660e+01
3.692971822840939211e+01
8.559932805853032178e+00
8.399981354472497941e+00
2.960178699366678323e+00
8.515720718854115745e+00
5.924979969420669512e+00
1.660063185808220876e+00
5.984495566927589216e+00
5.940983869427539865e+00
-1.510424313562687537e+01
-2.861029183961391276e+00
-3.165554906637247701e+00
-1.040823800396673526e+01
1.828705730103965532e-01
4.237244984379857082e-01
2.295158206184565231e+00
-5.003245793871397007e-02
4.653212512595366057e+00
2.906536742603496926e+00
2.940085638818828340e+00
4.786179910504185564e+00
-3.385467878336569925e+01
8.515777128251255590e+01
6.610500696908409246e+00
-3.416317329439517891e+01
-7.294495652321684531e+01
-2.178823657091976074e+01
4.933090716877542548e+01
-7.264504581784126458e+01
-4.696609654474261220e+01
1.181381200862175689e+02
9.170650116835396659e+00
-4.739406642982844176e+01
-1.011954623006128458e+02
-3.022649923449597154e+01
6.843603992092204180e+01
-1.007794006025063567e+02
8.801535550573518218e-01
6.311357181097373426e-01
6.068345079132264619e-01
6.849395442390475708e-01
3.813689251666740193e-02
-1.593444288581903789e+00
-1.322708005627269978e+00
-1.034711654016719738e-02
1.609719830559182274e-01
8.236837776659476640e-02
2.778579644388610159e-01
1.630914079013873752e-01
5.718531604961297754e-01
1.987839208777580080e-01
5.640809955614392024e-01
5.748221188933678727e-01
3.989527253017968733e-01
4.018747013729485618e-01
1.114776865297372882e-01
3.978780213374116803e-01
-1.228043166017659615e+01
-4.268842708683503240e+00
-1.211352513889919713e+01
-1.234418944777342553e+01
-8.567430611020974141e+00
-8.630178379294578761e+00
-2.393959739193576741e+00
-8.544351554459545639e+00
5.631110586785410099e+00
1.066638796942076972e+00
1.180171001469761283e+00
3.880362537045559890e+00
-1.579714711695362761e-01
-6.817716124176403936e-02
1.865292428415178325e-02
-8.556727773209804599e-01
-1.083604764250279073e+00
-1.734794256617430808e+00
-1.784366692345296990e+00
-1.096112345262646004e+00
-5.196143342765878970e+00
2.065739405016243868e+00
2.084563074020727491e+00
-4.033584800456505026e-01
1.329471153407640216e+00
4.450943754375792594e+00
4.432643850659513163e+00
-3.010065446960143998e+00
5.529339276558406624e+01
-2.198202257679032456e+01
-2.218232969976313740e+01
4.292233179737880100e+00
-1.414721762020490381e+01
-4.736354733763357672e+01
-4.716881372522062321e+01
3.203081978879592384e+01
9.233719891528291868e+00
1.749041103812452258e+00
1.935207679502711775e+00
6.362897725494172541e+00
-1.117947872275943666e-01
-2.590367021125155600e-01
-1.403105590419437831e+00
3.058648473425980632e-02
-2.844661632578674659e+00
-1.776861368997297852e+00
-1.797370911086845879e+00
-2.925948969916203790e+00
-3.510848610264653757e+01
8.831158755738768207e+01
6.855320451688286632e+00
-3.542840570142710277e+01
-7.564647145941404460e+01
-2.259516345572816576e+01
5.115787628198837922e+01
-7.533545356734967413e+01
3.106586663286875716e+00
-7.814281690112504286e+00
-6.065954261174268947e-01
3.134894860797693639e+00
6.693604465696934902e+00
1.999340935440104161e+00
-4.526722562603737288e+00
6.666083938816318444e+00
-1.897033905628698003e+00
-2.645512166377437246e+00
-2.058750475387198353e+00
-1.823990404104228302e+00
4.789493254557366519e+00
-1.146300237345039968e-01
3.110086249803743763e-02
3.975726920951235588e+00
-8.351729071011121386e-01
-4.902144861248647345e-01
-4.838439531977626329e-01
-2.475802761194217938e-01
-2.024845112253635904e+01
-2.063401973377324339e+01
-2.052744493975392359e+01
-7.135615089929403965e+00
-4.001640820340727878e+00
-1.428237304942921249e+01
-1.432095101447219143e+01
-1.442583749491912393e+01
-3.178373056128015151e+01
-3.238895259916181857e+01
-3.222166353012504914e+01
-1.120068226626478669e+01
-6.281323587032042965e+00
-2.241885535004294283e+01
-2.247941068037915358e+01
-2.264404962555075684e+01
3.413904307620292844e+00
6.466580130927085390e-01
7.154877894068976119e-01
2.352499773568153874e+00
-9.577142512007566499e-02
-4.133293084149312208e-02
1.130847948773935387e-02
-5.187582334584212029e-01
-6.569437618772231424e-01
-1.051732423689113238e+00
-1.081786095920322044e+00
-6.645265795186166002e-01
-4.156723052119340345e+00
1.652515344184538382e+00
1.667573585213362186e+00
-3.226719090818043201e-01
1.063527894816558517e+00
3.560590862693897574e+00
3.545951614580745481e+00
-2.407941353117016181e+00
3.323398522149374656e+01
-1.321225153523769258e+01
-1.333264573844496326e+01
2.579838330184732964e+00
-8.503157390041648611e+00
-2.846776718747806711e+01
-2.835072293185542236e+01
1.925206138111562737e+01
6.363604651491680642e+00
1.205387020033116707e+00
1.333687477587945702e+00
4.385119544298468064e+00
-7.704563668497575735e-02
-1.785203776845799839e-01
-9.669785705668811904e-01
2.107929402378945841e-02
-1.960456046929512697e+00
-1.224559917956845823e+00
-1.238694483329647600e+00
-2.016476858050760157e+00
-2.456910270451594513e+01
6.180091213140504891e+01
4.797389205489017705e+00
-2.479298411759200604e+01
-5.293779746260501895e+01
-1.581221388885974655e+01
3.580055012461373565e+01
-5.272014551057495879e+01
2.968222947275472201e+00
-7.466242774802935855e+00
-5.795783793164723807e-01
2.995270330965202454e+00
6.395479195820928275e+00
1.910292641803099878e+00
-4.325107664002022290e+00
6.369184400837591298e+00
1.156194535743888308e+00
1.612373244421653418e+00
1.254756725475985490e+00
1.111676355544821027e+00
6.986412135865807671e-02
-2.919075885843184004e+00
-2.423105737451854758e+00
-1.895519481811082721e-02
2.987734206723092201e-01
5.090169173594003560e-01
1.508939618400959304e-01
2.948907408161777766e-01
-2.236667825810612698e+01
-2.194873307897166015e+01
-7.734799566419620298e+00
-2.225115427591524764e+01
-1.548167767988936383e+01
-4.337662456853268012e+00
-1.563718897314344503e+01
-1.552349507383884664e+01
2.358963404072324632e+00
2.314883663168970429e+00
8.157719668724797701e-01
2.346779348704809642e+00
1.632817831019154120e+00
4.574835331763215662e-01
1.649219258422489842e+00
1.637228217793627483e+00
2.379937373709725801e+00
4.508051294621064908e-01
4.987884770648788879e-01
1.639999727075060809e+00
-6.676519709968539718e-02
-2.881445348516533875e-02
7.883487803567495317e-03
-3.616422712760129499e-01
-4.579756403329225400e-01
-7.331949219235428528e-01
-7.541462583740871084e-01
-4.632618550230855892e-01
-1.584412090779699245e+00
6.298868745152770288e-01
6.356266023857957137e-01
-1.229923831091081360e-01
4.053833835694212739e-01
1.357185249639252911e+00
1.351605228689872762e+00
-9.178315095642786137e-01
2.306818836526693417e+01
-9.170814306887303147e+00
-9.254381659377804326e+00
1.790702985393016755e+00
-5.902164157133014122e+00
-1.975988770057602650e+01
-1.967864559500955579e+01
1.336313341296329860e+01
6.657525883536512090e+00
1.261061257736872054e+00
1.395287637881348797e+00
4.587658798339508515e+00
-8.060420917629214366e-02
-1.867658505300628935e-01
-1.011641234008388679e+00
2.205290134411409114e-02
-2.051005301359874355e+00
-1.281119710639001319e+00
-1.295907121230215786e+00
-2.109613593433348200e+00
-2.577329860546704055e+01
6.482993626625874128e+01
5.032521781798388716e+00
-2.600815303140335288e+01
-5.553241719603674653e+01
-1.658721179492602005e+01
3.755522860149305586e+01
-5.530409755330523325e+01
8.525435645490802017e-01
-2.144480836543146918e+00
-1.664685659448753019e-01
8.603122104060630937e-01
1.836932308474285014e+00
5.486810549962088945e-01
-1.242272824658190222e+00
1.829379823825028950e+00
1.190455193539614154e+00
1.660151508697102596e+00
1.291938003830236825e+00
1.144617839027054051e+00
-3.005574703162499972e+00
7.193435320683672085e-02
-1.951688008998229973e-02
-2.494907838108400888e+00
5.241002392697086121e-01
3.076267524861363567e-01
3.036290200495925795e-01
1.553652910115546348e-01
-2.386593581260839159e+01
-2.432038813942442346e+01
-2.419477323792350276e+01
-8.410427577363844165e+00
-4.716553497623113600e+00
-1.683398875234924574e+01
-1.687945885926882994e+01
-1.700308382173596655e+01
6.616027248364755309e-01
6.742008856666266148e-01
6.707186354099016201e-01
2.331507905621760524e-01
1.307505672674429686e-01
4.666656659043711963e-01
4.679261715417163958e-01
4.713532574381061879e-01
