2.215967770121276409e-02
3.192968205192865949e-01
-3.932695210273098180e-02
-4.446888674176391332e-02
3.162246996682745517e-03
-4.451138461542088393e-04
-3.878769230768469990e-04
-1.383969230767709930e-04
2.424246153847133076e-03
1.494374463615138690e-02
-7.533593542491907403e-04
-2.781020113596542262e-04
4.372044085787318390e-04
1.017583170452733598e-04
5.641428152597056716e-04
3.526889109203450493e-04
-2.285630467043128864e-03
1.409179203209167675e-01
2.926398314420590105e-02
2.178353936395191915e-03
2.937973816527557781e-03
-1.434523076910409079e-04
-2.168615384622853083e-05
-1.596615384710115150e-05
-1.224123076944043452e-04
3.399406420188176292e-01
7.561474376701360356e-02
-1.604550474110277500e-02
-2.210587718965815671e-02
6.228800000000707165e-04
2.237199999997682308e-04
2.405599999999591127e-04
-5.623999999866314848e-05
-1.928117247558548963e-01
-8.370744260596391095e-03
1.418533579345309346e-02
2.762384211318693553e-03
-5.275907692308530418e-04
-5.042553846149890572e-04
-1.332935384614711109e-03
-1.597350769231004617e-03
6.753309887925313879e-04
-6.404859820346436991e-04
-8.809246247688238586e-04
-1.022627146026349344e-03
2.894328285905159188e-04
-3.830717117134064360e-04
-1.184558146535640878e-03
-1.564365396270871872e-03
-2.445779155617074652e-01
-4.027697988696597037e-02
9.928679012336351709e-03
1.009954320987178564e-02
-1.446660954629586104e-02
-3.025040431506471287e-03
1.738798283888229714e-03
-6.446715580457638983e-03
3.606330638573028435e-02
-8.708084751752719066e-02
1.609065432098093912e-02
1.013312345677879964e-02
6.638776892212733260e-03
-1.274753400181347909e-03
5.960798666539324393e-03
4.585985133553343619e-03
-1.042172307692553358e-03
-6.036307692303697557e-05
-4.228080460978198007e-02
-3.611136246676664718e-02
-6.923461538464298869e-04
-1.180115384611045269e-04
-1.909892029509446809e-02
-1.580481757236697898e-02
-3.815061538462475254e-04
5.843084615387021848e-04
-1.336317605558554229e-02
-7.129505426619308847e-03
2.987076923097463669e-04
1.249876923076085212e-03
-2.033743320460981371e-02
-2.555775907172276942e-02
-1.760454986075448455e-04
3.863579631664935954e-02
4.356507257513336957e-03
4.556751439393403984e-03
-1.026276923077358431e-04
-8.643384615410028217e-05
-6.599384615447618781e-05
-3.025476923092568129e-04
3.588360124742080992e-01
4.660485356545174956e-02
5.213296902619184332e-03
-1.036918115489484857e-02
-3.657107692310918490e-04
-1.448953846153309315e-04
3.882461538503984136e-05
2.739329230770201542e-03
-1.090333630609485911e-02
-2.764404345526518675e-02
1.235691993363923456e-02
-1.022635504423917430e-02
-8.566553846151629638e-04
-4.456769230764372338e-05
3.097123076925832911e-04
-1.231695384615413618e-03
-2.164163160451821298e-03
-5.831233060939790963e-02
-4.580160493830195273e-03
-2.694728395062336111e-03
-2.459142528640741957e-03
-6.750865825920961127e-02
-1.352806172840374625e-02
-1.529049382721469307e-03
-1.293723076925752430e-04
-3.535384615327948808e-05
-2.951261538460040173e-04
3.581830769232782763e-04
8.341938461541387271e-04
-1.681769230767719446e-04
2.878867692309157282e-03
-2.356873846153703309e-03
8.896330006037032889e-02
5.138339171837465885e-02
9.566505712525158120e-03
6.481515867597055156e-03
-2.235076923076032398e-04
-8.659384615384737693e-05
-7.975384615327305244e-05
-2.186276923060096584e-04
1.227669521619183593e-02
-4.686234174199403746e-02
-8.652978170599552599e-02
-4.212075273556394744e-02
-7.086153846514338407e-06
-1.454307692297929087e-05
1.389692307701827691e-05
1.449938461539108535e-04
3.333029837970727903e-03
-8.833450028548484045e-02
4.936543209903794050e-04
1.561234567937655558e-04
5.250924291031053986e-03
-7.910945722686756054e-02
-9.305432098700455344e-04
-1.095234567896285387e-03
-2.716553846158144443e-04
1.895476923076681766e-04
-2.940769230783188613e-05
-1.936153845811584150e-06
-4.648769230763735564e-05
-3.721615384547410438e-05
-2.322153846151118930e-04
-2.341230769107689060e-05
3.952656180281731157e-01
4.876378936210327975e-02
-1.726744712614174809e-02
-2.402888861771669896e-02
6.743138461551483965e-04
1.633969230770386397e-04
1.043969230768857561e-04
3.403138461534244738e-04
8.157656199330441671e-02
-5.173535994044776293e-02
-8.502975380266658556e-02
-9.248464308828088787e-02
1.045698461538139591e-03
-2.560507692307223220e-04
-3.066107692309246921e-04
-1.692221538462605280e-03
-2.912580465410206237e-02
-9.441307511576846334e-02
2.386634567901152471e-02
4.362832098766259575e-02
-2.214385038767528735e-02
-8.043800253616895102e-02
2.191943209876958190e-02
3.244190123457348779e-02
-1.563618461537154107e-03
2.292227692307512079e-03
-1.335492307691861274e-04
8.330384615410279733e-05
-2.910292307697445085e-04
-1.374561538459020754e-04
-7.449784615399974996e-04
1.749907692307610526e-03
-1.170013483866908788e-01
-3.297569047762911182e-02
1.477862395886975558e-02
-2.161111187320740451e-02
-1.820763076924755610e-03
-5.567815384617165204e-04
-7.473415384618320879e-04
-1.808683076923804731e-03
-1.495972875523959335e-02
2.099338731923103968e-02
3.670065419356961095e-02
4.525319664219439736e-02
-1.999695920947870600e-03
1.760278010994170087e-03
1.654654207728432306e-03
5.953585172368106720e-03
-1.885035191886351826e-03
-9.323239353945910867e-04
-3.636044663013344698e-04
-8.512380467270780826e-04
-1.550735510269035493e-03
-1.434344454697791512e-03
-5.048025461165266169e-04
-2.178965586053826283e-03
-8.004991465272323636e-03
4.420472509775816294e-02
-3.390801279017049280e-02
8.075450793324733673e-03
-1.565285206050225086e-02
-1.219877092030331386e-02
-1.542455622346186953e-02
-3.268315378420398598e-02
-2.712059177622586775e-02
4.342289137902143048e-02
-2.448353766423552041e-02
3.376673767368129631e-02
-5.997570799213484266e-04
-5.653546009167271721e-03
-8.835774093010353991e-03
-1.172474748543130170e-02
-3.714523076923149122e-04
7.509631841324703599e-03
-7.793584673498982381e-03
-4.853659960103747124e-03
-1.478461538460407317e-04
3.905847689084118377e-03
-6.855027180961061756e-03
-7.951032448414892262e-03
3.402338461541203020e-04
6.824721287619633578e-03
5.977846331313901645e-04
-1.573079502595201365e-03
6.571076923081277995e-04
8.241508172961533804e-03
6.207221332507457945e-03
-2.780605828795340746e-03
-1.548747143738726795e-01
-7.392560536859980880e-02
2.800864197645237873e-04
2.745024691366123627e-03
-1.304682648594249900e-02
6.186210395537077023e-02
1.289138471274966502e-01
5.459651941465796382e-02
-1.375134534506286706e-02
-2.192987920725245152e-03
3.356770495351185657e-03
3.198432164795564966e-03
-1.909691358024933521e-03
1.364293430266440010e-01
-5.620869295687377226e-02
-1.188704716465654454e-01
1.759691358026711436e-03
1.163682834318436748e-01
-4.881872999409667818e-02
-5.074393878054014179e-02
3.182378716143393488e-02
-8.234950170006467840e-02
2.547246913582030745e-03
5.535641975314357054e-03
-9.728455516753405086e-02
8.058964926502802661e-02
1.322541486509235809e-01
1.507471290128628294e-01
9.127784893216377496e-03
3.079815070444800562e-04
-2.702188081179988845e-03
-2.469773514257036715e-02
2.755246913575243491e-03
1.491632796806611483e-01
7.334996889875861070e-02
-1.030758532018075935e-01
2.814753086418657953e-03
1.319077970643850184e-01
-3.381596196145149336e-02
-1.423699092079136475e-01
-8.081969230766830820e-04
2.102676923075406251e-04
3.739723076921142768e-04
1.281785359375809709e-02
-1.466249922507101289e-02
-1.714335086070363501e-03
-5.818784615384235562e-04
6.101384615375557647e-05
2.050561538460279952e-04
3.325851626122763773e-03
-2.936113268628163294e-03
-9.330421331595861430e-04
-2.432784615385302242e-04
-9.422615384628421143e-05
-9.173438461539651888e-04
1.253577301264164516e-03
-2.702980688788421491e-03
-3.911824414356824403e-03
3.730030769230122914e-04
-6.254123076939098426e-04
-1.968827692308515887e-03
7.725006644179878250e-03
-9.062742738084559116e-03
-2.302554553086577985e-02
-6.010421458927677277e-03
-9.455635940379070181e-03
-3.101287802492771681e-02
-5.444566052333938040e-03
-4.669851090478928965e-04
-3.178500078142966283e-04
-3.336509314784610468e-04
8.549942506623848984e-05
1.264539822945859315e-02
-1.291255128773940164e-01
-2.113406794580487968e-01
3.542960271278822876e-02
-6.394139051724921641e-02
5.767121480598198444e-03
-1.345908954781531333e-04
7.284778151199581067e-03
-6.761442585605637219e-03
1.708556710372777926e-02
3.403011610136506826e-02
3.117905734099221324e-03
2.138544623741951006e-02
-2.435301629708315466e-05
-2.106813878972204994e-04
-8.341916443678941894e-04
3.442578964805046143e-03
8.144378376464384700e-03
6.799608948889768190e-02
2.318513013217621960e-02
-7.836438851369208897e-03
4.970299899439336450e-02
-7.200442050485851217e-03
1.066895017249090347e-02
2.077605147412710674e-03
8.473827210125959783e-03
-5.392059179871909946e-04
5.043212253551098562e-04
3.212242019161081819e-04
-9.545658812247726161e-04
-1.380582239800437526e-03
-1.183651541796503469e-03
-1.684552623516477332e-01
-1.347142349500635161e-01
-2.234957769723078247e-01
5.644813431151825267e-02
-2.199001818169409733e-03
-6.618978102206960314e-04
-1.049287160817953231e-03
-2.202194743315670500e-03
7.211111849817075647e-02
-1.472070357058832824e-03
-6.333462528417627135e-02
-8.160210502267063737e-02
8.183526852382251311e-05
3.582235523829656104e-04
-6.506617874823538718e-05
1.660752964641491671e-04
5.882352102271216215e-03
-3.073763226467655582e-03
-1.413464022636843828e-02
-1.027589367251733818e-02
-7.230409427786934490e-03
-2.323034499664596020e-03
-1.417529064388514497e-02
-1.459707201953374008e-02
4.256869065763634486e-04
-8.852679444995118245e-04
9.330825097593116750e-05
-1.231485616290916294e-04
-8.305006273081422469e-04
4.828704091032358153e-04
-2.547993974459715743e-03
-1.101282617158750622e-03
2.321808251416019042e-01
-2.910146881452725653e-02
-5.414039603494909259e-02
3.062443481159502628e-03
4.196003729033208059e-04
-1.057804817877045118e-02
-5.714780395814145382e-03
7.359084188538055071e-03
2.627619362399478617e-02
-8.927437225612155566e-03
-1.387638729613696054e-01
-8.120330206514747573e-02
-6.109844671824214875e-03
1.334137117883618662e-03
-7.157026936784302617e-04
-3.230684753629249877e-03
-4.138730238790073838e-03
5.707295732199742927e-02
-8.325504443834728582e-03
4.615403331774830392e-03
5.259699231078369605e-03
1.658583685791651524e-02
8.336252106230342823e-03
-8.556269903548517283e-03
1.637580649981671375e-03
9.799872672212211512e-04
1.869264933808604482e-03
-3.879487429685326096e-04
4.790195502448506217e-04
-7.645076184903069200e-04
1.664437659822695886e-04
-1.377086870513610870e-03
9.655690327090984959e-02
1.079615964295364688e-01
2.246614552863478165e-01
-4.631454649548033542e-02
8.105256505983174375e-02
-8.437509617041330512e-03
-1.155325200892497612e-04
-2.203509569678940936e-03
-2.538588272448111596e-02
-2.335221389966070024e-03
1.715603755912028724e-02
3.178876188169485473e-02
8.240007719258358315e-03
-1.005721819791517225e-03
3.709753284878096902e-03
7.550878220672986628e-04
2.933819039106790733e-02
-7.152400780533991337e-03
3.807141673777584071e-03
-2.277607335574450068e-02
2.099090228919442067e-02
-1.264405826384845319e-02
3.147941900203096721e-02
3.078565896097553486e-03
-3.793123732759194709e-03
4.460086149254773730e-03
-1.796910592534535847e-03
4.622339000673628302e-03
5.634082394722019123e-05
-3.853030547427323000e-04
-2.162280706316463419e-04
-1.856261245512152817e-03
2.360819259553270377e-01
1.789192143426791837e-01
3.965175496778584052e-01
-5.756993890823959570e-02
-1.078149527142751030e-01
2.750616202260434528e-03
9.128876562358238800e-02
1.072980614554240042e-01
-6.050424258841979527e-03
7.896861504947720600e-03
1.190922318083080696e-02
6.145427162545853694e-03
-2.586248981098293598e-02
-3.287823175565961209e-02
-7.491125233327966537e-02
-2.387430210003520931e-03
-6.916774407453502027e-02
-5.559668288046363920e-03
1.653001005633945586e-01
1.269713204671849838e-01
-2.224649111723591907e-02
-7.116295332577754484e-02
-1.040980017572277344e-02
3.923853113075645785e-03
7.915588325234372558e-02
5.222981460163127893e-02
-1.172202798640572044e-02
-3.646306243866066863e-03
-4.267304508594996389e-03
-2.436234271773778191e-03
4.190697163668386199e-04
1.390068679728264939e-03
8.543318726530724737e-04
1.319825265286545934e-03
-5.598386389399029415e-04
2.322126553865800757e-03
-1.762348121785137917e-03
-1.479610391142110364e-03
-3.583523566112410122e-04
6.931344549692081657e-03
-6.191027797837410709e-03
1.520236697263137489e-02
1.435027132740034636e-03
2.570640170895086007e-02
-3.832404597934692728e-04
-1.151039041441928904e-04
9.524775968128978976e-05
3.333764674548566980e-04
3.432173972736414502e-02
-2.944832271256436415e-02
-7.414343753821736605e-02
-6.258931343275059289e-02
-1.951360974243819874e-05
3.544599020177712423e-04
1.059834646420988085e-04
-8.529252079669914300e-04
-1.634567714947094330e-03
-2.281793130216066071e-02
-3.071486454828918460e-03
-4.202929164133663471e-03
-7.418262956771927430e-03
-3.428223054682412452e-02
-5.228782313522593699e-03
-7.034836867720535222e-03
1.675279738536274024e-05
-1.039892851169025505e-04
4.927714804547334411e-05
1.406063314728049488e-04
-1.703775397597972338e-05
2.282163583036712906e-04
-1.246830658810936564e-04
7.028076783002486054e-04
1.693649437819693543e-02
-1.017469403058242211e-01
-2.454723694097195041e-01
5.552329689353974890e-02
-8.001188171312602349e-02
4.250448543413627885e-03
-4.403582420826168686e-03
2.500606445291174863e-03
6.271544865663347679e-02
-2.052609124809191832e-02
-8.157874891103858439e-02
-8.870100419276374937e-02
-2.142900712127387541e-03
1.107686541953053485e-03
1.384597642681603029e-03
-2.324260711326252542e-03
-1.526177187197347122e-02
5.466464176407809933e-02
-1.827091079210345359e-02
-5.163762817499613703e-03
-1.750416473550697738e-02
1.748213311308065981e-02
-2.526929921477662558e-02
-2.427360650708047449e-02
-1.519286151948877860e-03
8.578408739995744409e-04
-1.461009314595825394e-03
1.388401266700153977e-03
-1.370167521981910429e-03
1.948530602871486423e-03
-2.827255557752601789e-03
3.313824426919731599e-04
6.480954576882238735e-03
-2.081955229372055988e-02
-7.365014217781300394e-03
-1.758455521594988469e-02
1.036548799855800847e-02
1.759218656822716118e-03
1.390638427832349873e-03
-3.166017798965677608e-03
-2.148677285452872329e-02
2.242658017149429597e-02
5.135934685396314342e-02
2.797917744572901017e-02
-3.386675456151152890e-03
-9.694720984430526232e-04
5.789245751618820289e-03
1.312897363090243484e-02
2.591061809838409585e-02
-7.773113065311434977e-03
1.905660034626274930e-03
-6.644898952313960973e-03
8.453470592769859440e-05
1.741847698522011600e-02
4.695561215824979595e-02
1.934756711031176621e-02
-5.989534730562640519e-05
1.003766569319206395e-02
-6.521524605781946421e-04
8.532564097089991723e-03
1.179967622053710056e-03
8.632713836994774029e-03
2.024671764381220668e-03
2.100511048203588041e-02
4.399798202309584136e-04
-2.459743740263385312e-02
5.218233947382689732e-03
-3.251499655288864199e-02
-5.626973485480880888e-02
2.697204857614566437e-02
1.130144527250584591e-01
9.782723848111531117e-02
-4.279553430068960655e-03
4.154423136672832223e-02
1.947545793479587423e-02
5.164910920883426793e-02
-1.023882031819191296e-02
-1.332893659381409295e-02
-1.787220192042301937e-03
-1.817525299296330471e-02
-9.401582999268695562e-02
1.076242295474900967e-02
1.218936654747447973e-01
1.303546118178930124e-01
2.005067046069271969e-02
-6.009835634659631970e-02
3.486830540298979653e-02
1.541004556700421510e-02
4.103324646451375277e-03
6.906039970303267089e-04
1.886398023055373433e-03
2.195615872865219406e-02
6.270674116974727221e-05
1.100977223930783367e-03
1.595490399001295192e-04
1.125456589805587729e-02
-1.462015351170780925e-03
5.321784308389066647e-04
6.709574258209572914e-05
9.605874375938168105e-03
8.595655161919760591e-04
-2.284709310170128516e-03
1.280041657276361584e-03
1.415888598915211044e-02
-1.472577155170373409e-01
-9.174339631241439086e-02
-1.410776800096575356e-01
4.984060792443392729e-02
-1.609563522121708551e-03
-4.344796895340969061e-04
-6.124562847797330447e-04
-1.097714063799650310e-03
3.950839070189724606e-02
-2.291566715452877240e-02
-9.457160458505288469e-02
-8.675356121678017007e-02
-6.348326619690707008e-04
-1.983587250473665877e-04
-2.362400372782171628e-04
-1.685406315523592033e-03
1.736764054775556329e-02
-1.435165103497818180e-02
-1.537723696628946410e-02
-2.522852373407124399e-02
2.334950732173643462e-02
-2.369524949571966480e-02
-1.255074771856420912e-02
-2.239547845045087443e-02
-3.179580126992941329e-03
-1.028203652840200622e-03
-1.062299172564557317e-03
-2.354946705540304525e-04
-7.791114080423597495e-04
-4.077130883782665422e-04
-3.354122230553352631e-03
-4.877674591458527474e-04
3.669933315788268674e-02
1.620975533344084021e-02
-3.172329363854135137e-02
-3.110540316948034317e-02
1.473953305285547290e-05
2.476200270285033818e-05
-1.294563929427929570e-04
-2.365587437731000477e-03
-2.859049575160590995e-02
-2.241806472616819212e-03
6.606313135969769934e-02
5.203322757321816178e-02
1.981873080384682212e-02
-4.478440926097325219e-04
9.698539739705964611e-04
3.361098153227698622e-03
-9.783740707477328602e-02
3.821097641481894375e-02
1.662096850845498630e-01
1.441502389439313359e-01
-1.076835168801818128e-02
5.411655492491175903e-03
8.635873556592837952e-02
1.673145783009428317e-02
3.572652340347231247e-03
6.813587366915127043e-03
7.185071829048718687e-04
4.002374794370753370e-04
-6.558971304408956187e-04
-1.798029502420526657e-03
-4.955771868997098763e-04
-1.160225378500164993e-03
-8.021671246250808990e-03
-4.673727345541313360e-02
-3.781060176299493383e-03
-3.991506745989001174e-03
-6.950914920285512777e-02
4.910792094505086330e-02
1.607056044644084303e-01
1.191413614704499163e-01
1.146279082473973358e-02
2.802907283315018636e-02
-6.457941935744628730e-04
7.530125658819733503e-02
-1.599930965520824505e-02
-1.547099097419885223e-02
-9.253649696834950061e-03
-7.557569879161249969e-03
-6.689987484300544129e-02
3.131915669743702557e-02
1.460406067741245317e-01
1.367911668526740343e-01
6.021319121506058490e-03
2.186066204650511172e-02
-6.424574103754810035e-03
3.704114477330497368e-02
-2.034801220638336738e-03
1.581644558142893987e-03
5.501058495039921675e-04
8.061807325483116848e-03
-1.135770017520046317e-03
4.738585092768814243e-04
-6.113965169960358247e-05
1.325963796344694929e-03
-1.126444823904879967e-03
3.886587424165809622e-04
6.558416995094928622e-04
-1.896113417523107069e-03
-1.915267059518561965e-03
-1.418793243072819042e-04
3.032574521337400453e-03
2.784473990446530330e-03
2.187514610626284106e-01
-3.166300661558344581e-02
-1.119273433049014083e-01
1.599376620664690052e-02
-2.743592189438066875e-02
-2.997756256298199102e-03
-4.492954706932217150e-03
3.664412823924764924e-03
7.140367703958669376e-02
-3.032309350210503698e-02
-9.031418243477129515e-02
-1.158562433111233886e-01
7.102532096032892518e-04
4.265431424786537517e-04
1.968020434165546572e-04
-1.220054243078287050e-05
-1.202346661128069968e-02
8.263626701543236308e-03
4.687837327991918601e-03
1.497572740199217640e-03
-1.560241748794760283e-02
-2.077080547357099127e-02
2.078141048509925606e-03
4.222095802495697860e-03
-3.520604403923457059e-04
2.992433410586735256e-04
-1.420699882765666595e-04
1.535391745906721146e-04
2.045673393895501904e-04
-1.059537028346821977e-04
7.065754841062431334e-04
-1.687952131420329639e-03
3.329184768551465834e-02
-4.886260251177925590e-02
-1.474499540263027597e-01
-1.019885784272728246e-01
-7.699229751940693880e-03
2.167763559554105809e-03
1.916601126638338252e-03
6.307465897292372945e-04
-4.508085166133986993e-02
3.319372689329359166e-02
7.147010182097318642e-02
5.070503718193847265e-02
2.316404718241552030e-02
-2.992235826032089725e-03
4.423642418922462023e-03
2.990542846078223307e-02
-8.170875113600982453e-02
7.022423831290118632e-04
1.667754676388197854e-01
1.522176682994065278e-01
-8.322299277741189438e-02
3.572658221795697864e-02
1.876510485469471412e-01
1.708253799832706865e-01
2.948682103100364396e-03
-7.434467096316724720e-03
9.570007406140385812e-04
-1.120343262799567037e-03
4.517800215249490742e-04
8.850773053878056027e-04
-8.711968952522466557e-04
1.496248471614301974e-02
-2.764809885055248204e-02
-1.394731777941950017e-02
3.518148307643269388e-03
2.140912763494627613e-02
-1.035484623300444301e-01
3.501301471258987802e-02
1.693372785642658918e-01
1.420032391339798583e-01
1.334220518736723739e-02
-7.507310820068993640e-02
1.697645812014753064e-02
1.543654959118923725e-02
-2.498758410370540296e-03
-2.056107017625243699e-02
2.677310950013752581e-03
-5.120937156639697625e-03
-1.134049842506868744e-01
5.398506713007743263e-02
1.457061329069027078e-01
1.860698520771186804e-01
2.205495709842197893e-02
-1.270822076180616080e-02
1.733968434744111511e-02
3.967155801626190414e-02
-1.701769952621807070e-03
-3.640779073095055853e-03
-9.097684197415865752e-04
-9.556750577527576684e-04
-1.298394836203613754e-03
-1.583115576357538529e-04
-2.504972767439683258e-03
2.656877645023886930e-03
5.539599204030354302e-05
1.493567440008630178e-04
-9.803331916123400429e-04
-2.911617151437545254e-03
-1.215696645747729645e-03
-7.156886831791608083e-05
-1.510469261503855532e-04
-5.259138396336586821e-03
1.070470222682262107e-01
6.071167450399115456e-02
1.271237777803954916e-01
-7.397441188868932038e-02
5.035630829390200236e-02
-4.856349218370805201e-03
1.767602494316835682e-04
-4.015166413396466065e-03
-2.697006399842278440e-02
1.934407303475147930e-02
5.630368166636694899e-02
4.706049993507403773e-02
5.994790885033957420e-03
2.301403029146584928e-03
4.904272986695473908e-03
1.003593996485425618e-02
1.052067266210217171e-02
-1.657426815349923727e-02
1.082159872002892015e-02
8.709839218969837524e-03
-2.928376656139863865e-02
1.232995607492285914e-02
6.930192387225722617e-02
6.114017947686977567e-02
7.270799094943558539e-04
9.850776412055355005e-04
2.054069287679522403e-04
3.405197961145388537e-03
-1.343583790517769762e-04
5.573298020738142941e-03
-4.478072124576618323e-05
7.979074454871082703e-03
-5.161034010708185488e-02
1.761550842589256621e-02
3.108695077862499642e-02
5.431892959035618945e-02
1.412448127524438667e-03
-3.686283041756168669e-03
3.560936466585500493e-03
1.486137887898715017e-02
2.648541341386255465e-02
-9.202383927665582983e-03
-3.254440739967472823e-02
-3.670014655535500103e-02
-8.525423922323208115e-03
-5.096611440000302275e-04
-3.628877964687007331e-03
-1.560518531127979940e-02
3.857622828688691673e-04
-4.726242775760287895e-03
-1.951752605578845545e-04
2.689558575297661927e-04
-1.107958794697622412e-03
-3.086017191256371127e-04
1.835176076943436860e-03
2.786663665336590930e-03
1.664468313621310716e-02
-1.336253889359980719e-02
-5.748863990120119116e-02
-3.808098866036804114e-02
-1.940585034798546216e-02
1.937938544317997086e-03
-5.088051513550075414e-03
-4.483113099399862848e-04
3.310106795279537523e-02
-2.874588466111431193e-02
-7.501344294385466072e-02
-4.701514589986405257e-02
-1.388676697159802430e-02
3.679791981672819821e-03
-5.693688367442505810e-03
-1.441986501158140296e-02
5.640374489239242083e-03
1.889323011827603990e-04
-2.138683368813443057e-04
-1.608875810732264197e-02
3.293677476258605966e-03
-1.352913465594868508e-03
-3.075227454221511354e-03
-6.893650828527526399e-03
5.537406265457400778e-03
-1.839510226307607566e-03
-2.983787782111980112e-03
-8.280950911496054445e-03
2.237949752662146338e-02
-1.016495743005026500e-02
-9.999870159074865372e-03
-3.241080622570791797e-02
1.731496049415623406e-03
3.982640908804893631e-02
4.425925025788313844e-02
9.874499781394431921e-03
3.623252365409816017e-02
-3.320867775507529290e-02
-8.164842102558479697e-02
-5.106732658469424757e-02
8.984222645926305323e-04
-7.814977173471962133e-04
-9.253161781522845769e-03
-1.582762618058917645e-02
-5.528908158023259495e-02
2.042340068961555691e-02
1.079809744863820600e-02
3.944641723553245216e-02
-2.972460478414053284e-03
-2.844118768860968635e-02
-6.562290152796827758e-02
-1.424833644655113842e-02
-2.670439450929917163e-02
1.822481834012053964e-02
7.770011497367475262e-02
6.997048867570422603e-02
3.968848703017360119e-02
-2.791644831169117630e-02
-7.414002103028206891e-02
-6.552997046094374833e-02
-9.649398022266232264e-03
-4.081500233566005137e-03
-8.022144722829268812e-03
-1.522108013204776997e-02
-3.093531131738332454e-02
2.288545938553811221e-02
-1.897643928389787168e-02
4.262127597272153713e-03
3.636788135989551390e-02
-1.649341310179189279e-02
-1.100931533244542682e-01
-8.467520846116920186e-02
2.514555376183271514e-03
4.247961461113572423e-03
-4.094094175064167535e-03
-4.716273618554866175e-03
-1.295374281246359886e-02
9.429176375489177128e-03
2.411014027744817680e-03
3.583795769549217615e-03
2.545626467205750268e-03
-2.772863854290172000e-03
-5.721724353602695816e-03
-1.785335043282135561e-03
1.375287673816780578e-03
-5.090353722764565363e-04
2.282161149361257736e-03
5.628358242583830111e-05
-1.128778035116258238e-02
-5.366585719735203833e-03
2.734086452615375022e-03
-1.940005413589806734e-04
3.780412748770313903e-03
2.360867271208539134e-04
-1.724740336519376208e-02
-1.026450380652980075e-02
1.953339733784179022e-01
1.263670365907010595e-01
2.523769285148479979e-01
-5.499694416634308414e-02
-6.624184194882953847e-02
1.402896162731384795e-02
1.390152610844204717e-01
1.333867087968992338e-01
-9.857108626453109715e-03
2.390908629390695039e-02
-9.991261120239708360e-03
2.668011478000573145e-02
-4.765972071984020397e-02
-2.437900223506046446e-02
3.945253274723099779e-02
3.791965030201607106e-02
3.374283922111082079e-02
-4.407009625105028430e-03
-8.267608075232214804e-02
-5.494008175594818078e-02
-3.140923116921188335e-02
-3.508317802821925123e-05
-1.686366023868521432e-03
-3.130458733660427574e-03
1.337576612446774449e-01
-4.377880151722497726e-02
-2.518123686692959051e-01
-1.907764716338989641e-01
2.318265406127088032e-03
-1.780093554012323383e-03
-1.182958348269077947e-01
-7.671700799101818617e-03
2.125171540869289638e-02
7.265743777926367275e-02
1.116659110935247917e-01
-3.944208305756279065e-02
-2.499222280896671311e-01
-1.877227731592454041e-01
3.364768876016492605e-02
1.643064754644329301e-02
1.083074992386986179e-01
-1.592742891971046792e-02
-2.184521493411345217e-01
-2.182903612711609986e-01
-3.497420617924146963e-02
-7.198162715200166761e-02
-6.501464811806463573e-02
-9.439174317891486346e-05
-1.196558400754927504e-01
4.083370176834758697e-02
1.467230883035174072e-01
1.906073975636627671e-01
-2.621467650030561217e-03
2.065213568039523523e-02
4.992633523129541215e-03
8.037985274056878848e-02
-7.618978949521804100e-02
4.727616049429139017e-02
1.882961546239516892e-01
1.611227605052696354e-01
6.301027041470141921e-02
-4.242735966827163724e-02
-1.058570118923075898e-01
-7.000983680387931618e-02
-3.744553840051014632e-02
4.987997648993334858e-03
-6.159336820378248471e-03
-3.715250890233288278e-02
1.271119027368458609e-01
3.649276911672455319e-04
-2.482548465169678031e-01
-2.282797673598816190e-01
1.229420424103428444e-01
-4.586888568617603773e-02
-2.899530236634170199e-01
-2.518763199470874792e-01
-1.123093628556179872e-04
6.532035808179503800e-02
1.620176642922633026e-01
-3.491442361904845831e-02
-2.629178838299033871e-01
-2.154314955378752450e-01
9.865147043659906311e-04
8.424371971735018783e-02
1.905784843763164149e-01
-7.168060621612874772e-02
-2.333789107451553768e-01
-3.038340303008418841e-01
6.659799529234726456e-02
3.665699349530497642e-02
1.430070454612811671e-03
2.260570594521397678e-02
-9.606414788817513664e-03
-7.637059840084535652e-03
1.419273595547657606e-02
-4.876753756406621530e-03
-2.315451239985325330e-02
-2.984678479571289955e-02
-4.250870063601006749e-03
-2.273361913510883910e-03
2.037844046776303940e-04
9.370402944440405987e-03
1.465906415793833502e-03
2.284896693214985488e-04
-1.837045072704065031e-03
-3.905143313553588284e-03
-5.831680915333189129e-03
1.638796589431580891e-03
7.804251852290761734e-04
6.259899393517711448e-04
9.143143599855039995e-05
4.240059480642504978e-03
2.371486444706868594e-05
2.410147810780389078e-03
7.946341606511281514e-04
-2.503361997227257323e-03
-2.529923707235207792e-03
-3.231137739564892645e-03
-1.056471300713858778e-03
-2.488522507311929834e-03
-2.608696339003024737e-04
1.615687192382416967e-02
-2.988686353867308233e-03
1.788165821719279319e-02
1.287281280109215482e-03
-7.959299991275006064e-03
-1.344483415055544757e-02
-6.173448919284008074e-03
