-7.200687099651572609e-01
2.315371824586595281e-02
-3.695043377129473335e-03
-3.812249679304942074e-01
3.355461534510116306e-01
-7.292914842000263187e-01
1.153686512639441053e-01
-2.787420618057887545e-01
3.139103223745441373e-01
-1.399639566780333001e-02
9.591047739005008343e-03
-4.176854780239802056e-01
2.571136427770449595e-01
6.458148979539773960e-02
1.863354280157731094e-02
-3.260845816885509230e-01
2.355452083541141328e-01
1.460296263895222713e-01
-8.125509144908851789e-03
3.282718050717402247e-02
1.836571237423696989e-01
-7.374078620080631863e-02
1.265332817563431245e-01
8.238181525564337859e-02
-4.259246685722244130e-02
4.963397425831692772e-02
-2.222434122274493176e-02
-1.990871549056025605e-02
3.035166193546801408e-02
1.360359706090530918e-01
7.222319795581309820e-02
3.896405447878243528e-02
2.256171823106634666e-01
-7.890456543332709238e-03
1.274119116477416460e-03
4.183684988317079231e-03
-3.162668406723737058e-02
2.129046415077264498e-01
-2.463476295568640603e-02
5.093830311122577933e-03
1.080910771085707815e-02
-4.055624399341419689e-02
-2.012246784870541302e-02
-4.147696862050651544e-03
-4.101304038347970693e-03
1.161160376552270446e-01
3.675399180771699026e-03
-1.908261297231598000e-02
-6.272529148598672555e-02
-1.238935140319026573e-02
-1.092746174100040109e-02
-3.898200990726368668e-03
1.783554857914590843e-03
-3.099501724849761802e-02
8.847289564008818663e-02
5.824692637843454507e-02
-1.479622897467140243e-02
-2.858475007611096033e-02
-4.453681316543485133e-03
4.668096379384325222e-03
3.043094492258260723e-03
1.657628960721578212e-02
3.047667205011109107e-04
9.313519355090021934e-01
3.993648555186654625e-01
2.939801693390745041e-01
9.046833151763462588e-01
-1.179152599005860030e-01
3.514869209355381274e-01
4.488219161494415022e-01
-7.993728218140771363e-03
-1.701846896721466162e-01
6.928949429583922126e-02
5.021764377425087800e-02
1.094370680872222903e-02
-3.217175773931069127e-01
-3.060225145012524309e-02
4.778088309227007495e-03
4.775985351074849006e-02
1.173975631703924952e-02
3.374930973536550364e-03
-1.347124981578343888e-03
-2.526267005551705372e-02
-2.269718744443265449e-02
3.154419513176571349e-02
-5.094025548606385262e-02
-4.789634754227607705e-02
-2.202389595862232208e-02
-2.059088992693315981e-02
9.414639910771113729e-03
8.259883984401030074e-04
-2.004058685226524361e-01
-3.381602319545672919e-01
-5.578843883878605719e-02
-3.579811160001605125e-02
1.606425595003381501e-02
-3.284619275213979117e-02
-4.837716279418832754e-02
2.352277217850978850e-03
1.769944473796179665e-03
1.293881164934259677e-02
5.371630404998372146e-03
-3.006113501980727746e-03
7.502884414074771635e-02
-1.076033025559260982e-02
-7.136162492033519544e-03
-2.318980906565756145e-02
-1.280067201281377687e-01
-7.518749292437376663e-02
1.000157121571708906e-02
1.409857807961688130e-02
-5.493891422345080489e-02
-6.366049747315954965e-02
-1.389436986558795217e-02
6.668286721706043717e-03
1.631285962267370673e-02
6.259379017412557318e-03
-6.067456696880157464e-03
2.638854448492133214e-02
-2.483502093200550421e-03
-4.639255240908525448e-04
-2.222975663859264733e-03
-6.797134772579874456e-04
-3.318173941019799300e-04
-1.858484993081985226e-02
-8.029916241459867515e-03
8.757474545895141058e-03
6.840521133248551530e-03
7.838407993132725723e-03
2.186733107816088255e-03
8.688323649664052338e-04
-4.154796318225735465e-04
-3.740938279168742452e-03
3.127725613962649420e-03
4.607825018581601824e-03
8.391796344606448077e-01
9.649965806610921737e-02
-4.187302196835348406e-02
7.743322738490662216e-01
-5.216530313376252503e-02
-1.216079250257347949e-02
1.524624369114502449e-02
-1.800553197408434961e-02
-1.221797724173692423e-01
-3.276161170566453673e-02
-8.669701789639605582e-03
-7.382301485379835770e-02
-3.009120860825593713e-01
1.142389636958843387e-02
-5.366237895447950428e-03
2.620884900742651361e-02
2.670691774287579923e-02
1.230254073569425621e-02
-2.143767896596752709e-01
-1.041117430748086381e-01
7.048904721094847829e-03
-1.325332981854006505e-02
5.408039405189443705e-02
3.572750728164324902e-02
4.436787789513839397e-02
-4.202095868112653253e-03
-2.262005488852125018e-02
1.634121649409199864e-02
-3.749394496707482080e-03
2.528697998508318018e-03
4.192791973390512690e-03
-2.527460611166780849e-02
6.345349001580990675e-03
7.483051671202069731e-03
-1.311076569928047025e-02
1.183183944291458720e-02
3.902739567607355336e-04
2.702602300044819415e-03
6.123977077278127540e-03
-1.256139444792674239e-04
-4.706672405135265032e-03
-1.627772885370588462e-03
1.273341969653399503e-04
-1.396296164021923426e-03
5.458953843871142131e-03
-1.551655691725509732e-02
-6.124492887994412854e-03
6.158116140155732443e-03
7.346740196482189934e-03
7.438088509892851067e-04
-3.278061723167850663e-04
3.959468043897073318e-03
-2.052992794676492157e-03
-1.471103515765752995e-04
1.149382628150662944e+00
6.352849008215470661e-02
-1.503133064730229236e-03
4.169282722290851284e-02
2.258252566437622590e-03
5.351707018749218576e-04
2.861393062266427006e-02
-3.011050270438502680e-02
-2.354782869786389288e-01
-7.053186411319642760e-03
6.906095493917923820e-04
-7.036935896988596485e-03
-1.666548236135577399e-01
-3.520921740897384189e-02
-8.769714231596423964e-03
1.873195233424448198e-03
2.677138068882800939e-02
7.326365794770836430e-03
-2.255220438752126855e-01
-2.212348544567230985e-03
3.003587795924081796e-04
-1.239722176695331156e-02
5.589912177221338652e-02
-6.723838778999185898e-04
3.552487850962527532e-02
6.933262803803403977e-03
-1.833768961294495944e-02
1.058955022933175005e+00
-3.578901881683355102e-02
-3.540499751981341248e-03
5.442399251533593107e-02
1.468105086021881389e-03
3.302307158913113340e-04
2.142099969310359581e-03
-8.650150836792187825e-02
-2.466291214713522625e-02
1.319629445325509395e-02
1.631415194248892245e-04
-1.084268992197997411e-02
-2.662525450473419708e-01
-1.003249174629762541e-02
-4.737100647289462646e-03
2.010128220531985990e-02
-2.067995189710268925e-02
5.273268073149336641e-03
-1.839082808061796859e-01
1.432179357612143678e-03
-3.376686417360145955e-04
9.993056788734917817e-03
1.361356898668362146e-02
-1.614075627840534091e-03
5.281805587786846806e-02
2.406090176271430663e-03
-5.195910133433009198e-03
9.265953895811870344e-01
6.423188718749003878e-02
-4.837493833855080472e-02
2.599466132308839716e-01
2.640541981964647511e-01
-5.826454875303439807e-02
-9.386351780112051069e-02
9.802304584702373758e-01
-2.599628826053566599e-01
4.819937337639748631e-02
-2.419805856294158543e-03
-2.187873380172790025e-02
-1.383086825813739651e-01
-9.346001403425531484e-02
-4.083172925152946109e-02
-2.957303667986480034e-01
5.771553925061634338e-02
-8.407319135856874265e-03
-1.921448034332116361e-01
1.315366025244024684e-01
7.216697100385256747e-02
-1.310915911012850155e-01
3.872291217372977185e-02
1.181135469967778710e-03
3.214150950703063836e-02
4.758413669326515272e-02
-2.855680829304861959e-03
3.576080753174165627e-02
4.822302816533789900e-03
-9.380809184554209090e-03
4.587041508234926401e-02
2.570843713617388879e-02
-4.506334441644851193e-04
2.718735731241309073e-02
-1.422555562014162812e-02
1.148947455006289579e-02
3.344597056484687088e-03
6.180807407731840229e-04
1.922155023658154039e-03
9.864371636973789936e-03
6.000283709527569863e-03
6.757837472105174444e-03
-1.635081403977163561e-02
-4.852398954706162171e-03
-4.720297905455959377e-03
-1.603586166279298911e-02
-4.500569893842348845e-02
-2.481146325453316079e-02
4.547393044656409047e-03
-2.668005638554526732e-03
-2.705625040775813846e-03
-3.160394350035893463e-03
-3.054728299946859061e-03
3.860426404046458752e-03
1.373236817794219189e-01
3.454048474932468471e-01
3.091639614850512641e-01
1.801456693800540243e-01
1.742654487818667552e-01
2.592233907048705974e-02
1.426700639362673238e-02
1.301922477335044070e-01
6.488875733031013344e-03
-5.767638656641599880e-03
-1.823290191735134000e-02
1.231318134776301226e-02
1.113550181721849851e-02
1.166050619659488585e-01
7.166588228293499507e-02
5.172329883727949142e-03
-9.447466378188185479e-03
2.053148144182534093e-02
2.678111011016129361e-02
-1.130331266248054030e-02
-2.919671581440160327e-03
1.973623964287985963e-02
-9.716774910938877352e-03
-3.119221681209353395e-03
-2.143212547388404499e-01
-1.125564081914676384e+00
-1.116316933464451600e+00
-1.955731459216504264e-01
-3.714239924361111000e-02
9.185035017361693060e-03
-2.170291388821720541e-02
-4.822422601883303434e-02
-9.277332128588093845e-04
2.338055959578154708e-01
1.762113564765531992e-01
1.728167191457221155e-02
2.661629631232279025e-02
5.083921381936114259e-02
1.557755963731887738e-01
2.250448520474864107e-03
-2.014795577017405512e-02
1.218378893603130723e-03
-2.911555252409625538e-02
5.238747560175046301e-03
1.540045813314318973e-02
-2.781420436691853931e-02
-1.245124817845156759e-02
-9.932871378209544647e-03
3.708355124804562503e-02
-9.753709506359054676e-03
1.865655747601008274e-02
6.739382353077695564e-02
1.710924500929728378e-02
1.709832517521206810e-02
1.773121996768238506e-02
2.433534628386712848e-02
3.347966748746249860e-03
7.347364198451812600e-03
1.732868007746034104e-03
-5.140039749240563581e-03
-1.967654837185212405e-02
-9.489991583416101592e-03
-3.888913172761168657e-02
-1.964417397801623832e-02
-4.852267831579101104e-04
-5.712560504727944716e-02
1.116617150369516795e-02
4.083986245406311002e-04
5.870277883418191511e-02
-1.856228206391393257e-02
1.649407839688908084e-01
5.903805798056657034e-02
1.551203510590389717e-02
7.105566353299946902e-02
4.018153848587775745e-02
2.680969356841947718e-02
1.444507858834222745e-03
7.055839700511506822e-03
-6.408367539325765354e-03
-1.718292799961540496e-02
-8.869506664164127432e-03
-8.361653774987376497e-03
2.190920123573823070e-02
2.693688506398831794e-03
3.409106861802069341e-04
2.971506129990263839e-03
-5.240766728349353053e-03
3.049863097428173156e-04
2.517087837858695502e-03
3.857516917286806153e-04
-1.470304514307610140e-03
2.093395207430716332e-03
7.805644074389048561e-04
1.719387313144083427e-04
-1.071517247283815055e-04
1.754593686637919521e-03
-9.682050188560316220e-04
-3.562681573493561502e-03
8.493568502512302554e-03
-1.132786596939923049e-03
-4.769451252521515923e-03
2.000701453207823829e-03
1.329974089942197180e-03
-1.107408468836997917e-03
-5.078381682173915314e-03
-1.507687256698716930e-03
8.758105493303372730e-04
-3.687007499541970681e-03
-2.174444954255942697e-03
-2.137835472066172433e-03
-9.721249804895283186e-04
-2.375185918326672228e-03
8.550266776520452916e-03
1.464658418245413755e-03
1.841468022187364544e-03
2.304551708213096843e-03
1.634211326167248762e-02
2.954742584527854377e-02
4.897259644551132246e-03
-3.799387075584638451e-02
3.201022041569983462e-02
-8.772939593136644398e-03
2.395678754018685640e-03
5.410507086522169107e-02
6.535100259345269502e-03
-3.354992010819863452e-03
-1.361997266020255294e-03
9.399259131149988525e-03
-4.887340237163416146e-01
-1.539726353586709506e-01
-1.512678316665418687e-01
-5.547164807122659802e-01
-8.189711238323378606e-02
-2.085664523693837522e-02
-2.451392005911399996e-02
-1.920693767562673127e-01
2.109600570727717950e-01
4.319120190775145307e-01
3.772737461724332553e-01
4.947372235627287007e-02
-3.319334759853454497e-01
-2.516191679532434056e-01
-1.974557185657186964e-01
-1.158082113143017872e-01
5.244403563774294175e-02
-1.413228116488412546e-02
2.224079519748644197e-03
4.462704022040907270e-02
6.737349613793702785e-02
1.090627294119902877e-04
4.544364910036371302e-03
8.541046182583811319e-02
7.626474705213476257e-02
3.591574474410258195e-03
-3.446719663019224156e-03
5.287060614113928136e-02
-5.072678523139112494e-03
-1.279360125438397559e-05
-1.333102518667217428e-04
-6.056772084403410673e-03
-8.725658671777247397e-03
5.495552543310601923e-04
1.329756629436194435e-03
-8.944552820951507874e-03
-1.804954232582533374e-02
-1.481543277911275339e-02
-4.157737375319863621e-02
-4.750763252975639256e-02
1.957633712374376792e-03
3.524856646767405947e-03
-5.284062137077775306e-02
-1.763247533674857466e-03
2.235494136399784892e-02
1.222661200487169288e-02
-2.859400346163119225e-03
-3.998805395027922073e-03
-3.849361056453088487e-02
2.628718339634123716e-03
-1.036383218355347614e-02
-3.400072204404655518e-02
-6.918522677524603995e-03
1.225920963736909855e-03
-9.647438086968826822e-04
-5.263786814195481551e-04
-7.540250505950731041e-03
1.409435358272759752e-02
-3.942350079585908024e-02
-3.175449463454572963e-02
5.885259114126243501e-03
-9.647907815338259419e-03
-9.427354287427713126e-04
1.669511871289024044e-03
3.002897719468246296e-02
-1.159424235841195576e-02
8.882382546008465518e-04
-1.606434497565439184e-02
-3.060864913347301815e-04
-3.578840998196618911e-03
-3.030226283039246567e-03
1.152960667276345039e-03
-4.490513984083866275e-03
1.146216928351295825e-03
-4.959631573310675778e-03
-1.497279338560046494e-04
3.420307686881870807e-05
1.196094305530514060e-03
5.323385535280858189e-04
-1.663138126805933307e-04
-5.239310084944754633e-04
-1.755445023084203828e-03
6.931963080513919503e-03
-1.527085172155692120e-03
-6.885285746509807632e-03
1.797451235251969637e-03
9.342152978173220860e-05
-1.477472408387534193e-02
1.156558702287071271e-02
4.965356262749641252e-03
5.512421023381158976e-03
-6.911576072398879431e-03
-2.912116559317850031e-03
-6.150081076982856238e-04
-2.873800894949947622e-03
-1.806654938409925923e-03
9.671366932956882573e-03
2.516487624269024559e-02
-1.914159936079695354e-02
7.893883508607825103e-03
-1.946299222776172802e-03
1.660479363173390441e-02
-2.372693037593544274e-02
3.812882426342145041e-04
3.511992345642996755e-02
-8.380076336038296556e-04
6.781573688483701198e-04
4.479482595105394038e-02
2.155761401342809122e-02
4.760393718657910007e-03
-5.187735263913368332e-03
1.579077936806604077e-02
-1.601501798976312160e-03
-3.664078624354283743e-04
-5.749200761729416839e-04
-2.794620578592236886e-03
-2.223298570384417069e-03
-1.011373949059154488e-03
3.033851898590061904e-03
-6.428414383549223548e-04
-1.855683997958971002e-02
-1.658042900191217250e-02
-9.036776141357848440e-04
-7.505188960992302538e-03
1.075693649253529590e-03
-1.536832171265008814e-03
4.328160647528453767e-03
-1.286427183004362892e-03
5.989608973668516037e-03
7.132776547053052774e-04
-3.094654479865128604e-03
1.203657522595672977e-02
-3.201434500994163653e-03
-1.362055721842275746e-02
3.676586516205655741e-02
6.631947366553338219e-02
-1.680696455963097413e-02
-1.628569145884714575e-02
-8.610820260112981434e-04
-1.552892190920413321e-03
1.244131578076670182e-03
-8.446256924672998836e-03
2.876472115503970334e-02
3.807319347597220432e-02
-1.080211420040198878e+00
-1.197466523767629770e-01
9.124469464493183135e-02
-9.948446594676955135e-01
3.198564944835677326e-01
1.725046358496505339e-01
-1.057391366032927937e+00
-8.050070936203339578e-01
1.318023337635300385e-01
3.501980057414471464e-02
1.756074808531578879e-01
9.146844831137052045e-02
1.245493756535521301e+00
8.921266072723652574e-01
-3.470339256265747574e-02
1.027008831009150989e-02
-2.798559022212615370e-03
-5.748169433561651012e-03
2.357700950405877682e-02
9.307540134460659184e-03
-1.531968201050066050e-02
3.401652771444080292e-04
3.548017463630743357e-02
1.474262052687801139e-02
-1.994008414014613109e-02
-1.049734498007263983e-02
3.799332234069356662e-02
-2.035695138709920412e-03
-8.698873711436649891e-02
9.185168163512535608e-03
7.057926214728922620e-02
-8.231327522336524816e-03
-2.019538238599384149e-03
-5.221740383335770133e-04
-1.333516334709673387e-02
1.100762574336578434e-03
-4.206560842448834464e-03
1.535589058189827834e-02
2.417576146758516897e-02
-6.760193537875031793e-05
7.511185020005710497e-04
-3.373101391898362597e-04
6.644664728173549882e-04
5.436092674950700453e-05
7.150604609412886982e-03
-1.777585033055113480e-03
-3.088160206990220313e-02
-9.855628381984836081e-03
-4.161254494361192255e-03
-2.644218950317101750e-03
-1.722904131540259299e-03
1.313622465382760290e-03
-2.641883747888218621e-03
-7.288631037248712030e-02
-1.464777836010906775e-02
-9.380203313475806229e-03
1.900130815082860247e-01
2.665010961760952424e-01
9.276310171817682762e-03
-2.841071482194615014e-02
8.750594486185121756e-02
-2.656637904045101167e-02
-1.323465204415771000e-02
-7.232530607095566562e-03
1.197715382312869534e-03
7.136204895010376734e-03
4.606592511318199652e-04
-1.012184000885884075e-02
-7.443029676273704015e-03
-7.786151091743077901e-02
2.708919396091639953e-02
3.678079552458422136e-02
-1.213779577258299602e-01
9.193856694879206509e-03
1.545290020576015576e-02
-5.176846066225426757e-03
1.170860028074267520e-02
-7.495281272155475578e-03
1.075147208532245546e-01
-1.247816382837981658e-01
-5.865018620557008872e-02
4.721245899771051024e-02
-2.541725205179009572e-01
1.004544523779289308e-02
-3.877250051261151714e-02
-8.215000745855145087e-03
3.934293611390912888e-03
-7.950037981492670547e-02
-1.942376896148050947e-03
1.348367525528768778e-03
-7.589387211575526759e-02
7.941420376260926312e-03
-1.307759254599306182e-03
-2.468150957193917128e-03
7.960018800063917155e-03
5.366832599092808548e-03
8.458999775301799529e-02
-1.146688242352481056e-03
-5.914122595010591101e-03
7.087112009323806062e-03
4.089855250947545609e-03
-2.306625883072750422e-03
1.226058480392021874e-03
9.274688505716113850e-04
4.086422988712889483e-03
-2.725642081813555925e-02
8.188340567680155169e-03
-9.152431763659554798e-03
-3.668535956538509363e-02
-1.772857257850746259e-03
3.989216208722754783e-05
2.816882168074247598e-04
-1.713576126044270365e-03
1.074012081481079319e-03
-4.544323446033694640e-03
9.002212577298569730e-04
3.626900206006348441e-03
-2.981129004425084762e-03
-8.930157212684891599e-03
1.142610544117900542e-02
1.713373998815882673e-03
-1.867870870932091627e-03
2.281620643841282634e-03
1.134907057775372697e-03
-8.273128751162581174e-03
-1.145644264974619159e-02
5.561299082095382158e-03
-4.249512883538963774e-03
-4.814428700325486254e-02
4.513922238036783066e-03
-3.217219514806654340e-04
4.930481989900859646e-03
3.194068457796362011e-03
2.262247705384607399e-01
6.263435970544405096e-02
3.294335662192116043e-02
3.211520688693070280e-01
-1.767556385681542594e-02
2.532285781714291393e-03
1.254995229364431336e-02
-3.639575824172734675e-02
-2.692160279214114715e-02
-2.055934580695381597e-02
-2.413329684095969624e-02
4.466366745590200776e-02
-3.055901242067599055e-01
-6.619077842470359740e-02
-2.119646608904796406e-02
-4.887968758074781594e-01
-1.268001842065466771e-03
-1.771177178335978878e-03
8.973626473241760187e-03
9.092634692499731650e-03
9.605273053892979598e-03
-7.713287237510325738e-03
-1.463155602903157141e-03
-2.343772658087202657e-02
1.521716213520960155e-02
-1.724411860696018059e-03
-2.558603285495499209e-03
1.917430578566499053e-02
1.167250181189432613e-02
3.995709980073995984e-03
-6.114214240679075388e-03
-1.860949187355152162e-02
3.507984657082152125e-01
-2.850116850525123008e-02
-2.766381221846361260e-01
-1.450003945806989858e-03
-1.131040755616620139e-02
-8.646151272139708521e-02
2.778996202492616668e-02
9.902845606408548339e-04
-1.727905448987627005e-02
5.271062412241705325e-02
-4.729425706520296036e-02
-9.913555038923037646e-03
-2.479926790179244958e-02
-9.997146199324523363e-02
1.783789804926334127e-02
-1.001519670246364571e-04
-2.657686116406660060e-04
1.514964936229573622e-02
2.292180041299871074e-03
-1.258292553021649247e-04
-7.382248204539037888e-05
3.613144615368362594e-03
-8.423928620325570049e-02
9.304742322246243322e-04
-5.781482135933256519e-04
-1.813111644678245538e-01
-1.473970865444736433e-01
-1.956809027978078080e-04
2.349383239748078188e-03
-6.700746554493602555e-03
-3.519366965594718927e-02
5.267449722942428364e-04
-1.894884601911112640e-04
-6.758202969717194697e-02
-5.729266931167895788e-02
-4.542246856277646933e-05
1.119612345683706784e-03
-1.230248998428339242e-02
6.875950433917450179e-03
5.658150005752120813e-04
1.548650316653439466e-04
6.132810406012116113e-03
4.823875345074910524e-03
1.385360629354199027e-02
-5.003855753280779528e-03
-9.322659297543533716e-03
4.885344398673555771e-03
-9.082698612122052859e-03
-1.462258315259226671e-02
-2.426061898364327563e-02
4.023126181367612034e-03
1.538355056755662167e-03
-4.725138979667731741e-03
6.529432388497354890e-03
-3.825611894457112694e-01
-5.052079224607156638e-01
-3.921189364436117319e-02
5.398158981492262370e-04
2.551036022117254484e-02
2.290218097197977212e-02
6.178430787654538570e-01
8.058510412887217589e-01
-1.019165702444010391e-01
-1.653035823099640866e-01
-3.463703883211145806e-02
-3.336579574580228469e-02
1.590942688726487697e-02
-2.518331542818040558e-02
1.107497130435651511e-01
2.633404158308468856e-01
1.155761985368304037e-03
-3.888506246966758062e-02
3.472463214133989905e-03
-1.413489530503735450e-02
1.044545863585501569e-02
-5.197535156630658185e-04
-8.299029973781846259e-03
5.504713083795686329e-02
-4.064543234119536996e-01
-5.517555108659063512e-01
1.958707449113698471e-02
5.790790459951815350e-02
4.196587796768512513e-02
-6.885689023134217157e-02
5.585690960379314784e-01
8.334000066466580314e-01
1.856477817447557341e-02
1.171468182150105404e-02
1.229419777995603529e-02
6.481018253677816449e-03
-3.285366933749955896e-03
-6.806415997665839386e-03
-2.064421403633880450e-02
-1.598332349860487334e-02
-1.387242493985453920e-02
-2.355593788425714916e-02
-2.446234944323324653e-02
3.146118485978180446e-02
-2.399779004408734984e-02
-2.871276937932077528e-02
3.098772208532147351e-03
4.186214837944168821e-02
-5.714173832192500496e-02
4.505216388765206914e-01
-4.249059515955491001e-02
-2.248288115852243099e-02
-5.130613460690659489e-01
2.797625876699286283e-03
-1.764356270607357266e-02
5.226791251539110172e-01
1.590162499745193525e-01
-6.449993367763676502e-03
-7.148399148776645243e-03
-5.485933460321143484e-02
-9.882202486871917435e-02
-3.673382619519107773e-04
-1.910253556147938894e-03
-1.538303645516045978e-03
2.694927906585089725e-03
1.002543071426949609e-02
8.218859684369885649e-03
1.659993795911887324e-02
5.182990582365049059e-02
-3.171249858050761636e-03
8.948607013954207280e-05
3.448707261804760237e-03
-2.155374069189649935e-03
4.653425258129949282e-02
-1.387256560785200821e-02
1.625946568658474464e-02
2.087582995777104503e-02
7.562497921320909811e-03
9.623159695485327585e-04
3.718144705159341992e-04
2.912640365028747007e-03
1.740542837493852177e-02
-5.959775680100686977e-04
1.226502295483604052e-02
2.245721675898608091e-02
4.275774223605682128e-03
3.315885878675701309e-02
5.029911646574983936e-02
1.008621115414820232e-02
-8.118220760356028784e-03
-4.212780869195865871e-05
-7.679076347355544188e-05
-7.626550534269071861e-03
-9.962363747928596781e-04
2.293238928491804534e-05
-3.484914456901286896e-07
-4.839868577108408254e-04
-6.856449251410172419e-02
-2.104425662565258563e-04
4.085151404959220535e-04
-3.305049155670251870e-02
-5.621009880183039896e-03
9.652335773902114002e-04
-6.533519894532086698e-05
-5.648003339199600403e-02
1.724425515868053377e-04
5.238206498204831785e-06
3.154471317437897637e-05
-6.037810655364408150e-04
-1.760907122782506525e-03
4.172774812943316828e-05
5.145698941265646469e-06
-2.837127609860018982e-04
-5.461540601910110093e-02
1.114279001031052811e-02
-3.391693566783525807e-03
1.460722636128160105e-02
-2.654167204599646498e-03
4.187248833809728045e-03
8.547982677590579281e-02
-1.863205196848505968e-02
-1.616667412523866559e-02
4.259690657806712751e-04
-7.403992985525110386e-04
4.997357095698368515e-03
-1.833905539735096934e-03
2.009864310122537554e-03
2.623672180565263246e-02
-1.357486686797450487e-03
-1.413737102590748362e+00
-1.056763439168862673e-01
2.895116667105528466e-03
-6.830728963633476980e-02
2.397474278755157562e-01
4.475234322909725504e-02
-1.382204568456584015e+00
-2.537503400695581904e-02
-2.717802523713494164e-02
6.227658798153667789e-03
3.121852694313943521e-01
-7.311690503756770702e-03
1.653373233424711541e+00
6.810806932431240357e-02
-1.442918651733071878e+00
1.983393395878827251e-02
6.065407138804590308e-03
-8.115328893079530592e-02
3.767868861916308099e-01
1.523258059787837779e-02
-1.058122508613259072e+00
1.090770093535217145e-01
1.685934698923941986e-03
8.354984220456643240e-02
1.097223373318674949e-01
-3.585419642974205928e-02
1.420956372938196433e+00
-1.107477915140504116e-01
1.081281477118619522e-02
1.789232483727011764e-03
9.532318138366005500e-02
-2.378839529781855318e-03
-9.873184041720738102e-03
-1.559800296443877334e-03
2.584280053695227515e-04
1.513502452232856317e-03
4.665706030624401819e-03
8.938193602637623057e-04
1.598870596113850101e-02
2.556615299319782431e-03
3.124385805086696971e-02
3.340956901294578861e-03
6.702721388332770480e-03
2.668954282152770016e-02
1.780875073749352971e-02
-2.197077615038002182e-02
-2.963731308556384614e-02
3.177619817983520778e-02
1.731858647397357259e-02
-6.177166565502793458e-04
-4.257047709522160557e-03
3.154105748257801656e-02
7.528395417751115870e-02
-3.684269971408452027e-02
-2.472506237553195180e-02
-5.519239356813834124e-02
-3.881276661979004942e-03
1.301344654175629317e-03
-6.855558433273950232e-04
3.219589972080710112e-04
-9.474300041743110440e-03
-3.807419274909658443e-04
-5.864045466232748610e-04
-3.831405580221041579e-02
6.827836688769245432e-02
8.892925659531787999e-03
2.404075121224946016e-02
1.113466335218696035e-01
-1.797630804761368717e-02
-3.429557509292206459e-05
-5.025898150093080838e-05
-1.653657656415780455e-02
-1.370062012003392003e-03
2.847586309933122678e-05
5.682733917109872128e-05
-2.563361129988453706e-03
9.621230982350537433e-03
-1.210325295345568311e-04
6.046517091136602420e-05
1.983469741434026185e-02
1.637616174751278103e-02
1.846386654654427027e-05
-2.830982987217394212e-04
1.781667229544415827e-03
-1.526920619545553068e-02
1.906323046789391287e-04
-9.650716707328549349e-05
-3.156412617572641049e-02
-2.603455225116154195e-02
-2.968451968737327649e-05
4.478351843259103268e-04
-2.727702482626488071e-03
1.495478835741594244e-02
-4.830148614000255407e-03
3.138373861550669314e-04
-2.255730950559630549e-02
6.860771987386114767e-02
-1.802407667354707964e-03
-2.152977356356464492e-02
-9.512805606182994644e-02
-1.792734242780802748e-02
-3.625098789085077003e-03
-5.624668203303950483e-04
-3.095333657662192959e-03
-5.039591278440699700e-04
6.420466577187174465e-04
2.594254956567201148e-02
5.099285586425841323e-03
9.193435138995611697e-03
-2.587252904412154172e-04
5.170845673438684027e-04
-1.470255302226313072e-02
2.390052963523077098e-02
5.305993239826552882e-03
-1.130372936356463650e-03
-3.319561684239968891e-02
2.354893355745004899e-03
2.276855308546011161e-03
-4.963954549225833672e-03
-4.117025515683541727e-03
9.472480228394009050e-02
-2.180938171890834179e-02
4.050720933656441064e-03
-1.476463039310996206e-01
1.492090867774401768e-03
-1.942916879563234356e-03
-4.154113576294445834e-04
-3.405935182451201842e-03
2.642845494648118215e-02
-6.120351838973978401e-03
2.715864020561518759e-03
-4.268045479860028968e-02
2.968306420469908335e-01
1.415581969885171612e-02
-2.581583581329927740e-02
2.896448213317451836e-01
5.240207769653686468e-03
-6.134404254866509393e-02
-4.068212703355235660e-01
-1.462618072555309512e+00
-3.213166575140418563e-02
-4.111845017786818282e-03
4.519472385438057932e-02
3.481218593770959990e-01
6.584699215634780278e-03
1.670475128072004489e+00
2.622483962956214179e-02
2.292332322896792618e-01
-1.177886417983840632e-03
-3.037148058027219766e-02
-3.368037836075392089e-01
1.635884653648942644e+00
-1.382463731434262037e-02
-4.521245247007161794e-01
-1.761172597359364378e+00
3.076359653006207617e-01
1.178460973557713710e-02
-7.543331540665815238e-02
1.919251884782580408e-01
-7.776238218671550038e-03
-2.631845614822823920e-02
-3.392078533358957038e-01
-1.205116271551103457e+00
-4.531279125087236265e-02
-3.203506145672502334e-03
1.394695382000140649e-01
2.652948441556358602e-02
1.160864826838907578e-02
1.548137849687671430e+00
3.814654148431956271e-02
3.732642015378519473e-01
-3.178040261612372769e-02
2.365856438032620107e-02
-5.104688262143624033e-01
9.162498868008177588e-01
-1.554091695978384591e-01
-1.329870329928452832e-01
-1.096414715881225410e+00
-3.291972975552082906e-03
8.573625748954070720e-04
-1.968041413225058225e-02
-1.622154459621031608e-01
-1.397849187401847349e-03
-1.663540885638933094e-03
1.914801441927053321e-04
7.240749964746697126e-04
1.626064050924484403e-02
2.707922321152326931e-04
-9.152660316098477217e-03
-2.452440023288668045e-02
6.265005898441187993e-02
1.571982839150968397e-02
-9.827620745360501203e-03
2.838326298685052429e-02
1.074229816876795703e-02
4.641971570973658055e-03
5.356519920485133986e-03
3.835726281073897686e-04
-5.830420943756802615e-02
-2.976986206004550786e-02
-8.032297342339610527e-03
-1.229253643120842114e-02
1.210315650245981541e-02
-1.378311473109749760e-02
-1.265203167859498337e-02
3.758201579830867424e-03
-3.122579072055247512e-02
-4.661227383990572404e-02
-1.157611568741789658e-02
-1.590197356137359411e-03
-2.493159999914910593e-02
-5.025861019909846211e-02
-3.182762066771745255e-03
8.902868970552904951e-03
-1.288665340412775417e-01
9.242913778734579422e-02
-1.456980099802473875e-03
-2.554867030190831334e-04
-5.100645565717734815e-03
2.276578923445852793e-03
6.496992627038406486e-03
-7.352485729673364232e-04
1.755079199028179368e-02
6.498736581877567753e-02
-5.913717861006272392e-01
-7.194694099589871161e-02
8.858018030611171422e-04
1.201364054615256449e-03
-1.925191341691891989e-01
-3.460158572214817874e-02
-2.918792755529102737e-03
-2.718899192837091056e-02
-1.511183992010977197e-03
-2.729949282552193712e-02
-1.971432081391937419e-03
1.212614765483603467e-03
-3.797448772361233164e-04
2.045673393899112298e-04
-3.656148502388408342e-03
-2.252022764540282653e-04
1.835202912697573088e-02
1.722524534250952522e-03
-2.009194675207166445e-04
3.240067289518747638e-03
-4.655138070858543496e-03
-8.173045522739339971e-03
-6.656108846761935949e-04
-7.451459469485720820e-04
1.444948422081143158e-01
-3.336978307503180724e-02
-5.339911191740462186e-03
3.073971817452737787e-02
-6.493135887081329972e-03
7.065754841072697644e-04
-9.202133164248792879e-03
-2.396871190072702787e-02
2.254276946703128587e-02
2.950455235778802129e-03
4.783882215067693624e-04
1.423629400714209944e-02
-2.497785283223222241e-01
-7.051136876036420698e-02
5.231689427546792545e-03
3.996003853791327276e-02
-5.808956248388408294e-01
-4.812305754071811992e-02
-7.054510824924357069e-03
3.317002988460654445e-02
-7.197505081749747124e-02
-1.279664458654883839e-02
1.067099814575881052e-02
-1.914237460906911825e-02
-2.498568335800142523e-02
1.979457988901812873e-03
8.327768515928980026e-04
1.160858506670425279e-04
6.042743136868143627e-02
4.523282834199143787e-02
3.809968300676892621e-03
3.827387263749317762e-03
-7.014815808514310302e-02
3.519963103249986770e-03
1.912827058309136030e-04
3.055202823504994582e-03
-1.821149578388256973e-01
5.558325849562542609e-02
1.062479601082770564e-02
4.109775592206475064e-02
-4.000117810322019740e-01
-7.072040906793093662e-02
-1.822529083546522641e-02
5.250104998458889061e-02
3.545922616733682142e-02
2.340363212698837181e-02
5.103615229687764598e-01
9.150144111218908027e-02
-1.308268856537794485e-03
2.608064177854708173e-03
5.428565330861790002e-03
3.509430476760722062e-02
-1.582801977993033432e-02
2.330963833480118388e-03
-4.715598118878293332e-02
-4.570123695494047490e-03
1.240869341544867388e-01
7.131977145094285826e-03
1.439149580902046545e-03
1.854117039483741975e-03
-4.553208180710924084e-03
-3.520604403918689822e-04
4.391500322548214270e-03
-1.593623341076941952e-02
1.761182678161623411e-02
-8.918091722171363894e-03
1.717707186014553219e-04
-5.265730671314995497e-03
-1.731625396554619667e-01
-1.169342124915436799e-02
-1.274726224579297764e-03
1.989888169752895429e-04
-1.565771160673054552e-02
-6.779164637630164664e-03
1.963551024016906531e-03
1.460048560250196831e-02
6.754428458097237915e-03
7.674006801047164724e-04
4.706349067191663120e-03
1.290765095282648753e-02
-1.871289248864854426e-01
-2.998082812446461673e-03
-9.851310790828201810e-03
1.985472688551776638e-02
-3.847365825921626042e-02
1.471021037504719430e-02
2.684566811944844034e-01
3.658929229539630793e-03
-3.306546008177175394e-02
-1.707091024915418156e-02
-4.153778274639941112e-04
-3.360243140085150248e-03
-1.204658175716211057e-03
-1.420699882765346755e-04
-4.767616034117214824e-03
-1.512556092109956438e-02
9.589940049174279155e-03
5.975478103601470498e-03
2.500016330141776092e-04
-5.680036239192656202e-04
5.619424686576241640e-02
2.073798741159182599e-02
9.646245842354498126e-04
6.788473365344227690e-03
-8.668040136905015222e-03
-4.419008275780234030e-03
1.508101860534547456e-03
7.402339493593148960e-03
-1.408563253044098091e-03
-5.360738340610208532e-04
1.197616747046096816e-02
8.183602071355400645e-03
8.815313315630901592e-02
3.390095169722766311e-02
5.511011199201111023e-03
1.700035121001733027e-02
-1.142917749611488745e-02
-8.593615882000540940e-03
-1.435633187351668671e-01
-4.404819055764874064e-02
-3.107763573297256943e-01
1.465456280368157040e-02
-1.487015566414621022e-05
7.272578146165587475e-03
-2.643305930830759654e-02
7.495270432895645603e-03
4.921255737517146733e-01
-2.366649968192020489e-02
7.674072054132916043e-02
-1.415179935971470383e-02
-1.006480029968148974e-03
-1.018638543017099047e-03
1.047538445907716075e-02
7.681408222453937895e-03
-1.053758264769372871e-01
1.446978272389795074e-02
-5.028503898632323832e-01
-6.632630902452389676e-02
2.364120832781985994e-04
-1.639947647446311947e-03
4.799344951267787290e-02
1.391302491726218241e-02
7.533140942561598052e-01
1.001319890857290951e-01
-1.198189732403975166e-01
-2.890434585727970698e-02
-4.049860748166116478e-03
-3.784950908671291803e-02
1.706312081493915542e-02
5.374758965015969357e-03
1.429386331426047430e-01
4.310758312176340284e-02
-4.770806107119937578e-02
1.960476687488086917e-03
9.560179184483543488e-04
-1.082920734694337202e-02
2.456940999502362985e-02
6.435594708226273410e-04
6.235560110504002884e-02
-6.912349057900810806e-03
-2.451797413066759690e-01
-2.537339686975204761e-02
2.289380089530062331e-03
3.121758597573373595e-02
-3.394119934561724838e-02
1.071432652802868472e-02
3.498381517849207256e-01
3.618616694409373252e-02
1.102269537243602722e-02
1.102331548092957535e-03
2.291334292927858253e-04
-4.193292311493492831e-03
9.737613502190566039e-03
-1.170956306103372943e-04
-1.848167596086942518e-02
-2.987253679056430054e-03
3.246251828620017738e-02
-2.401709463986968231e-04
2.372650052541125062e-04
2.827751439668267294e-02
-1.803339943035177015e-02
1.503557106099492457e-03
-5.807714376849353044e-02
-1.820367103988301512e-03
3.862021919968642442e-02
-1.432371762847868893e-02
5.294527447788603958e-01
2.423230485948130522e-02
1.928018657472232783e-03
-5.702369620654986274e-03
-1.336651801683174101e-01
1.681605584985675084e-02
6.692474055885358486e-02
-4.529490702988262819e-03
6.967416508161121680e-01
9.370436609432094416e-03
3.180857591661188227e-02
5.367107676178595188e-03
1.699040444410384321e-01
6.104111574987673705e-02
1.912208723737346058e-02
1.872409642296536669e-02
7.116776513366280810e-01
-8.160305544923288079e-02
-1.751477817130437861e-02
-1.309066729099132159e-02
2.637646303560294697e-02
-4.521751026532669360e-02
5.593743143143994900e-03
-3.612828746458819455e-03
7.063571591110852366e-02
1.907111724296388020e-02
3.143096576071432308e-02
-1.915126804172526120e-02
3.735891512721618013e-01
-4.080667085721191578e-02
4.370937452057638804e-03
-9.447718177879187206e-04
-2.050245587811103803e-02
7.283740680174213313e-03
1.345876127393800040e-02
-1.163740678694469635e-02
-1.081731739810475879e-01
-3.331078137465097455e-02
8.423591299754705497e-02
-3.415378172680696729e-03
8.696758844261229804e-01
1.073600003403120222e-02
4.127551818934857564e-02
4.141474884245640274e-03
2.761071213363718857e-01
4.499337947203215643e-02
7.597437021697346637e-02
-2.885185137951910925e-03
9.906049174337508978e-01
-4.431932989161240649e-02
-1.454914596257449871e-02
-1.656655814059252579e-02
1.328946540658826336e-01
4.331775894247076597e-02
-9.168758423440643657e-05
1.026042916449288107e-04
-2.820364324804320449e-02
-4.013573844600323154e-03
4.328380812205466499e-02
-1.104623832223578786e-03
-8.700210172487952975e-02
-4.558834076672017149e-03
-1.474329311306595437e-03
9.682808833043791497e-04
-3.466846136043677529e-02
-2.057898838193170446e-02
1.281076963411315328e-01
-5.954631763982049658e-03
3.162042844183199364e-01
-6.886291066983701858e-02
-1.694017450382104620e-02
-7.938350907449030769e-02
-7.568461827337903680e-02
-1.028737172299353686e+00
-5.770266794763978177e-03
-4.117391253222755371e-02
-2.628828172393119639e-02
-1.975452063340746023e-01
-2.260278749994731537e-02
-6.957695312252695557e-04
-5.666586086552950069e-02
-9.241284115346467543e-01
-3.472604588231182851e-04
3.084040629332172531e-02
2.521661295375991069e-02
3.862046450843560630e-02
-2.165627981939557706e-03
-7.624362695404385964e-03
-3.769104056089395138e-02
-9.366638680104130699e-02
-1.274700734148668906e-02
-1.635023545147571214e-02
7.180654369821347360e-02
-5.462271882787007593e-01
-4.672473406955885561e-04
-7.046710196127960527e-03
-1.550619373461887586e-02
3.332994870319409136e-02
1.988124072332452495e-03
-1.803334361983569695e-02
2.264872807053431095e-02
1.778981314127228985e-01
-1.512001398117033928e-02
-4.315934747507248898e-02
3.092700331565354649e-02
-8.285891774399766208e-01
-4.121843877478563803e-03
2.723528546015839980e-03
-1.924564923003932795e-02
1.897242346796499390e-01
1.135875461389650870e-02
1.483210007152459785e-02
9.148324622275811890e-01
1.062730009387454627e-01
7.574794112907521151e-03
-1.254198803790753103e-01
-3.991732428527092896e-02
-1.332110991450192072e+00
-2.303303953513147553e-02
5.457616305615934672e-03
2.919379566026113482e-01
5.156702018589461034e-02
6.696254187314777846e-03
-6.564712651835688528e-02
2.797140131978690519e-02
-4.136025492595417075e-01
-4.538383660166502021e-02
2.297799029129253198e-02
8.121153884356859809e-01
6.774751094442099664e-02
1.027444852804254918e-03
-1.131296441586598367e-01
7.345581988674584895e-02
-1.387857126043870126e+00
-1.463790417712544298e-02
2.196357129730918626e-03
6.826959299646276347e-02
1.324023410534302080e-02
8.848714672382188701e-03
2.141451054547174535e-02
2.104928612330649040e-02
-1.339306242488551568e-01
-4.830784380252780078e-03
8.443259826231152773e-03
2.400177979098112510e-04
-1.181188438170429960e-03
2.520954317870706396e-02
3.862736789601537574e-02
3.459715007448559924e-03
-1.042927905841652906e-03
6.814580758041999600e-04
-1.440304166877028795e-03
3.698101501582926748e-02
-2.654032179304570069e-03
5.658260365450018363e-03
-1.076937636234537310e-02
-1.323069177965419119e-01
-6.382722306082760921e-02
3.616025869426095930e-03
-4.679735032165957938e-05
-2.804139004155972725e-02
-4.301613417891396972e-03
9.157152034472476523e-04
-2.639405778194532518e-04
-8.523955295215679753e-03
4.255634942178013885e-02
7.909168104409176892e-03
2.292308555766121338e-03
-3.162234235701369411e-02
1.177004290419836341e-02
-7.620493252576632454e-04
-6.410152374085244242e-02
-8.882484848169131669e-03
1.999600858156252992e-01
2.369505058768401132e-02
-3.511075768301467805e-03
-7.412479584394639697e-04
-5.925758716447981390e-03
-1.692985197450196377e-01
6.926480768915474484e-02
9.467041729825294641e-03
-4.674228926524222338e-02
-6.262987246552412408e-03
9.185867895306546035e-04
1.019132836740616471e-01
-1.020080004387744974e-02
-1.975119309080694205e-02
7.170529576219973784e-03
1.885783551630335897e-01
-1.077770205696309269e-01
8.423972409250427007e-03
1.974140691894926540e-04
-4.564298312531549218e-02
-8.741056162193908130e-03
1.532376754873178296e-03
3.922615204876998135e-03
-1.728023411376352486e-02
6.696152769908163271e-02
-4.115510479253087217e-02
1.221567303699985264e-02
2.932685110969516229e-01
1.094273581903517506e-01
1.058478766940071890e-02
-1.876131673712297110e-01
3.787702515248250051e-02
-3.304657435227386642e-01
-1.358753050204609958e-01
2.364505233677482651e-02
-1.615244468203042743e-04
1.177859074543186361e-03
2.074967401979378734e-02
7.712242121874006125e-04
1.820079603804402868e-01
-3.254952116535535928e-02
-1.571310455247370771e-02
-1.850587369021036710e-02
-3.461545385241439343e-03
2.973247418114174576e-02
2.144646153949634482e-01
3.357216027260286756e-02
-4.865458031797981198e-02
-2.727686653512494397e-01
3.742977451721221649e-02
-2.685973720255758340e-02
-1.361172731736886915e-03
4.256232498888229757e-03
1.408800335943534432e-02
4.788708634580789852e-03
-7.426395690284216811e-02
3.716863667045545994e-02
-4.090077884447952498e-03
-6.891849715421065510e-03
4.641355075127562811e-03
6.251175808790376993e-03
-7.311241513265388792e-02
8.717736567696877589e-03
-2.633124335768408097e-02
1.458542839885204057e-01
