5.119999999999887011e-04
1.501195000000000446e-01
-1.167500000000128667e-04
9.269430682695578572e-02
-1.426670544948383489e-02
1.000499999999996401e-03
3.749999999974806371e-06
2.967950000000003086e-01
3.374999999989244758e-05
-1.347500000000608465e-04
-2.072499999999273274e-04
6.538174161792176123e-04
1.173386323078535933e-03
5.294999999999993722e-04
-2.324999999999992478e-05
1.500835000000001196e-01
-2.905000000000154095e-04
2.049999999999843560e-04
1.012500000001469480e-05
9.990000000000408709e-04
2.249999999985071101e-06
-3.224999999999230679e-05
-4.999999999753720709e-07
2.968369999999998510e-01
8.099999999995637816e-05
-4.224999999998520439e-05
-8.224999999997279355e-05
-6.649999999995739452e-05
-1.687500000000158925e-05
-8.275000000001273145e-05
7.421355755136299116e-03
-1.770354415200453254e-05
8.537391904446554403e-04
2.074033854385673187e-03
9.300261404053818495e-05
5.908011462844860173e-02
-3.995569315883618078e-02
1.286132807388979359e-02
8.945594265704983478e-03
2.472111160950945727e-02
1.074364652617816303e-03
-4.287337763474233059e-03
-1.508975456174620883e-04
1.788239757230213056e-01
-5.177406730164506310e-02
-1.220414159410224651e-02
-3.309504465518700849e-03
5.008695250990670422e-02
3.536576824514463951e-02
-1.830010431999670381e-03
-1.293369763018432884e-03
8.014073624159084473e-04
-1.169223733354008321e-04
1.700175036086898543e-05
3.464148874224120650e-05
4.747278967314404186e-02
-4.732539646467218836e-02
-1.626316615905384520e-04
1.338823289202934440e-04
6.852662059908853735e-03
5.157539589401773095e-03
-3.766040170870439663e-04
-6.347547693913600450e-04
1.415605545428408676e-02
6.344983443687718296e-04
-2.814047335358038941e-04
-1.246648894482792951e-05
-3.742812584630074262e-03
1.134756996882086512e-04
-1.407603442494357346e-04
-5.564085961170297384e-02
1.609552994044973206e-01
-6.219248460020541935e-02
4.065574344918624012e-04
3.438148212279494792e-04
-1.382951870476461717e-02
-4.293102158927515274e-03
1.382262165677444516e-04
8.330546948332505711e-03
4.228058828146426945e-02
2.631604423525610650e-02
2.055008356541634961e-04
-9.953759167536239180e-04
-3.645166728459575678e-03
-2.448763130391575643e-03
-5.571664062172883639e-03
8.248375961480022833e-03
-1.209996792522719834e-02
8.428804381674561558e-03
