4.980000000009241357e-04
1.499174999999995372e-01
-3.525000000009979704e-05
1.672499999999509123e-04
6.624999999998437694e-04
-4.875000000015009336e-05
-9.150000000012502353e-05
-4.249999999999244074e-04
-4.969999999996931083e-04
1.217282027411133866e-02
-2.109328183146958694e-03
-1.473165145876262263e-03
-3.177265968989076883e-04
-8.448373522158337309e-04
-9.828021332534146639e-04
-2.976000441787664090e-03
-6.350092932473762157e-04
1.002500000000345779e-03
2.474999999985536933e-05
-2.500000000110924251e-06
-1.524999999996985378e-05
2.499999999883813542e-06
-1.350000000001748734e-05
6.250000000067561341e-06
1.200000000007620447e-05
2.970680000000002208e-01
2.032499999999737696e-04
1.567500000002973307e-04
4.150000000011282386e-05
9.650000000007745373e-05
-3.037500000000097956e-04
-6.325000000011789941e-05
-3.507499999999341765e-04
1.562499999998777324e-04
7.900000000007677086e-05
1.631249999998421072e-04
-1.163749999999883817e-04
-3.887500000000358768e-04
-2.958750000000123282e-04
-4.995000000000618520e-04
-2.068750000000169141e-04
-3.650457290962274962e-04
-2.660276500689155873e-04
-7.023434126500125970e-04
-1.483287174662568497e-04
-5.206477936329141111e-04
-4.846038393971318888e-04
-4.623538574611627656e-04
-4.358753082204171896e-04
2.309999999999889724e-04
1.193750000000094746e-04
-5.443749999999227419e-04
-3.960000000000846523e-04
-6.046132413190433543e-04
-6.226261228227030018e-04
-5.864553002869160418e-04
-4.853840949200364575e-04
3.792499999999736295e-04
-1.708749999999393046e-04
-9.185000000000631461e-04
-9.298750000000168426e-04
-2.925638878107330492e-04
-7.653755965585455059e-04
-1.063967802708167242e-04
-5.217820974081880010e-04
-1.907499999999503993e-04
-2.159999999999352108e-04
-1.197401759372917910e-03
-1.476450266073638627e-03
-4.612500000000091245e-04
-3.098749999999120546e-04
4.156500950441998932e-05
1.077101616056678910e-04
-5.492499999998247265e-04
-3.124999999887195690e-06
2.290813388141662687e-04
2.508415824844028398e-05
-2.830000000001111791e-04
-2.102499999997924443e-04
-2.895105014837857970e-04
1.696811596707606938e-04
4.844999999996902566e-04
3.124999999994915157e-05
-1.575000000009519631e-05
1.200000000011580834e-05
1.374999999984201699e-05
-4.500000000028985581e-06
-7.999999999972882725e-06
1.550000000004188137e-05
1.500665000000009075e-01
3.774999999999618504e-04
-4.899999999991789721e-05
-5.550000000011597631e-05
-2.889999999999105849e-04
-2.650000000000637685e-05
-3.055000000000259114e-04
-1.030000000001628165e-04
1.394999999997270548e-04
-2.466249999999544544e-04
1.933750000000247174e-04
3.500000000006739365e-05
-2.816249999999135634e-04
-1.322500000000282597e-04
-2.457500000000307746e-04
-9.349999999990674094e-05
1.722500000001230967e-04
-4.575000000004110555e-05
-1.518749999999957363e-04
-2.916250000001304301e-04
7.874999999984760510e-05
-3.471249999998186073e-04
-5.882500000001631866e-04
-2.636250000000428507e-04
-1.467499999999186469e-04
-3.999999999969801400e-06
-4.845000000000033741e-04
5.474999999996879119e-05
-1.527499999999441089e-04
7.124999999856391038e-06
-3.870000000001834754e-04
-1.025000000013694502e-05
1.001500000000020603e-03
1.499999999964764950e-06
-4.999999999713844516e-07
-4.499999999707951624e-06
7.999999999956694232e-06
5.500000000023294957e-06
1.175000000009306113e-05
1.025000000006390028e-05
1.750000000011330776e-05
-2.612499999989278401e-05
-8.750000000057033773e-07
-1.000000000309882935e-06
-7.624999999850988957e-06
-1.925000000004286021e-05
2.312500000001998626e-05
-1.712500000000670463e-05
1.700000000006734237e-05
-4.699999999999251624e-05
5.212500000014717351e-05
1.412499999996674493e-05
8.500000000178090304e-06
-3.875000000074822824e-06
1.424999999995626170e-05
1.787499999985940689e-05
1.400000000003419282e-05
2.425000000008350042e-05
-1.449999999999949187e-05
3.224999999996661798e-05
-1.999999999967498408e-06
2.124999999973747891e-06
8.500000000057806544e-06
3.250000000068403640e-06
2.970080000000004383e-01
2.649999999979680735e-05
-2.624999999975182382e-05
-4.525000000013489044e-05
-1.310000000000190678e-04
-1.447499999998406713e-04
-1.222499999998960421e-04
-9.250000000016001336e-05
1.577499999995798030e-04
-3.324999999996682931e-04
1.021250000000290995e-04
2.787500000004459452e-05
2.750000000000555074e-05
-1.748750000001798779e-04
5.624999999938057682e-06
-1.864999999997970169e-04
1.357499999998606729e-04
-2.165000000000769011e-04
-3.425000000003357000e-04
-1.437499999999592587e-04
-8.000000000014885395e-05
3.850000000014074369e-05
-3.673750000003359658e-04
1.631250000000376160e-04
-1.450000000016050775e-05
-6.757499999999772586e-04
-2.262500000000219793e-04
2.349999999999993153e-04
-1.882499999998778054e-04
-8.024999999995688848e-05
2.174999999990729745e-05
-6.124999999993630114e-05
2.312499999998950595e-04
-1.474999999986130282e-05
-1.787500000013749797e-05
-4.125000000136686023e-06
-4.027499999999594013e-04
-3.778749999999854816e-04
-4.195000000001599251e-04
-4.986249999999413894e-04
-1.671249999997241891e-04
-8.418750000018163765e-05
-1.432500000000414833e-04
8.187500000053192782e-06
2.920624999999068172e-04
3.341875000001023606e-04
1.792500000000140877e-04
7.206249999980890593e-05
6.720890125027931721e-06
-3.899620057734700176e-04
4.828531870874699125e-05
-6.422410156838479845e-04
-1.300874917157571176e-04
-9.754340859889212368e-04
-7.469646761639577774e-05
-2.953012983411376397e-04
-2.133749999998848536e-04
1.156250000000103050e-04
-1.484374999999313121e-04
-1.439375000000008356e-04
1.858965796672159307e-04
-4.358502258476096530e-04
-6.879178893285958123e-04
1.281036596699704124e-04
1.057500000000177222e-04
-3.793750000006911169e-05
-1.764374999997972264e-04
-4.608749999999048287e-04
-1.396891454495257387e-04
-1.947339034415417048e-04
-3.561298060543193248e-04
-1.409032982586208474e-04
-6.399999999988995058e-05
5.537499999998944959e-04
1.604044175087436465e-04
1.409819994991279237e-04
-3.238749999999722428e-04
1.079999999999927454e-04
-6.384608107460738012e-05
2.905958971661178305e-05
-2.563750000000315885e-04
2.725624999999968199e-04
-1.347471224907605385e-04
-2.414138060540230082e-04
-6.201249999999464569e-04
1.221249999999158122e-04
-1.615790893946193307e-04
-2.426848451755396154e-06
1.837500000000910128e-04
3.487499999999779839e-05
-4.368749999998538299e-04
-4.202499999999782581e-04
-8.525000000016353698e-05
1.660625000000238299e-04
-1.609999999999849399e-04
2.018750000015618890e-05
-6.918720983470982118e-04
-6.269857300575717302e-04
-9.494099985708881039e-04
-1.485639757265735060e-04
-2.495000000000554500e-04
2.050625000000062109e-04
-2.366505696051675095e-04
-4.095669008487208573e-04
-2.989999999999768559e-04
-9.350000000007832948e-05
5.004173477317995890e-04
-3.370453626255145324e-04
3.659999999998667574e-04
2.912500000016423273e-05
-6.849999999999981104e-04
-7.236249999997667725e-04
-1.183749999998788175e-04
4.027499999997674975e-04
-3.395000000000811106e-04
-1.547499999999271084e-04
-3.734011927404258177e-04
-2.024290294066257443e-04
-2.346191450029078585e-04
-4.410178927977945521e-04
-6.488749999999342266e-04
3.970624999999922567e-04
3.644721412931948255e-04
1.593297764873927136e-04
-5.677499999999109908e-04
5.606249999985195287e-05
2.667238744215290141e-04
1.007249243697334873e-04
-1.944999999998679556e-04
-4.337500000003639930e-05
7.337499999993399378e-05
8.418749999993465640e-05
-5.985456546368401478e-05
-3.173198189651351033e-05
-4.737499999999062123e-04
-3.475000000004390782e-05
1.781249999999848276e-04
2.168749999999727320e-04
1.322978069577475011e-04
6.355758143714823984e-05
-5.475000000000311432e-04
-3.787500000016853151e-05
3.137499999994162618e-05
2.176250000001129917e-04
4.669128018402226828e-04
-3.558993169958620298e-04
-3.875000000001387101e-04
-5.924999999981828456e-05
-5.249999999974517401e-05
-2.325000000008313052e-05
-1.702196668703524144e-04
-3.613994759796121566e-04
3.174414180389475461e-03
4.400236611193369539e-04
1.347940008263330449e-04
1.681908222604022575e-05
6.759574767638097800e-05
2.292822121120049127e-04
1.873453532312028083e-04
1.609604751971750026e-05
1.597538733866583072e-01
4.835985071167690774e-03
5.347152141064598352e-03
2.660933142452571098e-04
4.780579320308730139e-03
-1.477692707530668453e-04
-9.092045717428771543e-05
3.566181469954801935e-04
1.624963873521453536e-02
8.371955110826537552e-03
8.324192419593534620e-03
-8.713668772980301121e-05
8.179397337021587430e-03
-2.857884154681937928e-04
-3.132710944445244697e-04
-8.866992597142187883e-04
1.154407342192093240e-02
6.233601842491142894e-03
6.433750902589318622e-03
3.310381280046387057e-04
1.296538204240559652e-03
5.631278472464525380e-04
-2.960328546255877472e-04
-3.236373087616808736e-04
7.999403841512122554e-03
4.388179109339450552e-03
2.075055245201024110e-03
1.279931579054358276e-03
1.108335540343196191e-03
5.989064624782869644e-04
5.494448510500229141e-05
-1.422614645966862354e-04
2.492943587101842037e-02
9.202658962968316477e-04
-3.095176141733393678e-05
2.954442058843850740e-04
-3.387588325631659086e-04
2.246227235866379054e-04
2.222371000230508433e-04
3.087130964524105762e-04
-4.275146308327199343e-03
2.538059831591164698e-04
1.680482935552715499e-04
7.343453793234844783e-04
2.127603898201538475e-04
-1.175027971205537281e-04
-1.588543743950673512e-04
-1.449083359235094840e-04
-7.199328998759605899e-04
6.749742880539803054e-05
1.715452947656320400e-04
-1.099336212583527109e-04
-1.324247872900394295e-03
2.938437847724868074e-04
-1.693883124160757553e-05
3.671332212919454038e-05
2.957270010851655636e-04
-1.710040371932740322e-04
1.406479182036483519e-04
-1.285536767312281847e-04
-1.829466928550956364e-04
-5.460520643877948556e-05
-3.522659874571853447e-04
1.210423432133735718e-04
3.315298110515881858e-01
1.658364648955968149e-02
1.583157189676635476e-02
1.434568647304637515e-04
1.473269481061791585e-02
9.173477847528685068e-05
-1.691447429806451120e-04
-1.175477880004775777e-04
-1.182660011793418113e-03
-8.947402444988130027e-04
-1.201468939863843677e-03
3.757064921487809949e-05
-7.699407830256709592e-05
1.319222797117093084e-04
-3.250763051852826333e-05
-4.185197069713932202e-04
-3.172112186463528228e-05
1.091347267230539833e-04
-5.116942831499004824e-04
-8.396612078571224743e-04
-1.933227844007079648e-04
1.806877130762364316e-05
-8.967280714788217330e-05
-5.712352109223377706e-04
-6.497061319803615386e-04
-2.872161912846638043e-04
-1.820018614229813349e-04
-6.539696251014001259e-04
-5.049378391524825347e-04
2.526754640657447103e-04
-1.568763018541426677e-04
2.214453773730198959e-04
5.938729870960037655e-02
3.436077497411577086e-02
3.382369262873425458e-02
-1.540859199741982069e-04
3.205862608020406540e-02
-3.191980441617920370e-04
-2.240010065401515436e-04
-3.163284340442785981e-04
-3.055573895132535165e-03
-2.630989908818082233e-03
-2.118894144847461788e-03
-6.719269525568725358e-05
-1.640285691464040980e-03
3.737662688321566080e-04
2.487992621399284310e-04
8.654220103746988713e-05
-1.506531566898155778e-03
-1.011415124401161998e-03
-4.176191706579829581e-04
4.785821413592315234e-04
-4.089011122140025559e-04
-6.414110892109267745e-04
-8.717952958453854860e-04
-4.535062418549861297e-04
-2.309189574913173937e-04
-1.897325171195448495e-04
-8.550117412561695400e-04
8.486000523589317789e-04
-1.684417814185407635e-04
-3.305021547315035849e-04
-6.798410883212715593e-04
-3.316949727441243986e-04
5.520626763706550089e-02
3.194259614448367174e-02
3.095222720449259876e-02
-3.031607913049422709e-04
-3.598266439982951252e-03
-2.694973541592996392e-03
-2.792930742579635261e-03
-4.983252570829024754e-04
-7.880107275299091593e-04
-1.296913596332626253e-04
-1.674482596361948029e-03
-9.687660092083077556e-04
-9.674386435429505266e-04
-5.353527683238497531e-04
-9.507050110066794400e-04
-2.902799602915578643e-04
1.171725845718782745e-03
5.332958634962026373e-04
7.169350031504467336e-04
-4.548356754414852455e-04
-1.719553151589148644e-04
3.962579687731748377e-05
-5.210269187634623995e-04
1.647065990805970926e-04
4.712053005428578495e-02
2.789631469457061475e-02
-4.783845077970108779e-03
-3.721047495011526023e-03
4.936871924570543401e-04
4.441136509549273802e-04
4.566190146601797678e-04
6.347540530696519322e-04
-8.192378189125742571e-04
-1.736445563948665470e-04
6.840973568857829090e-04
1.660051667660544371e-04
-2.319343330679749936e-04
1.679132128878354016e-04
-3.515651399353854085e-04
6.490093239762261424e-04
1.037241205261664381e-03
1.529299929701095646e-04
6.541034162586543987e-05
1.040704511933444877e-05
5.724754284748337081e-05
-8.492896276581868515e-06
-5.781262753023161009e-05
4.753274351947817529e-05
-3.451375137042229035e-04
2.596786809211998464e-05
1.049486037565707483e-05
-2.856103935020600225e-05
-3.301430186145278472e-05
3.796365036430910217e-06
1.067177556591291710e-04
4.694808759088435956e-05
6.136030997147675844e-05
-1.182183996613075195e-04
1.292511347809299467e-04
8.022075753455838504e-05
9.110273753554189917e-05
-1.640966476895525398e-04
5.660425665558278184e-05
-3.364763210312833526e-05
2.452075565284672978e-04
1.206618465377129506e-04
-8.777509932748893439e-05
9.248596172026036036e-05
-8.030671192211063223e-05
4.189346476062652286e-05
-9.121963949460694930e-05
1.681964812076249764e-04
1.368196599643568545e-01
-6.228462504426999016e-03
-5.791172579876904120e-03
-2.840067040038017111e-04
-5.703688055283026581e-03
-4.613099016277952898e-04
2.902921846385518893e-04
2.723264576668299247e-04
1.152150041427894920e-04
-4.959924705211357296e-04
-6.890299205508797382e-04
-1.198173791439746471e-04
3.447277042357806609e-04
6.268109028598743172e-04
1.514930596639453553e-04
-4.260304647711982379e-04
6.300705368581932531e-04
-1.354690379246185645e-04
4.592025988902140988e-05
-7.105278416045138581e-05
3.896150293574114425e-05
4.113350121883490489e-04
2.738074477737628275e-04
7.672280439330528951e-05
-4.718881362297531107e-05
2.510459873732691165e-04
-5.069442869294217948e-04
5.025007631098115778e-04
-2.487170896328243534e-04
3.397530765256006192e-04
-1.713919206543057343e-04
-2.231512712210442046e-05
1.532797868581584283e-03
9.747892273269713687e-04
6.714905077600956439e-04
5.503725778368612946e-05
1.658831847638031964e-03
-5.282598646672200519e-05
-2.190941408033912987e-04
-6.333157727699245112e-04
-9.398567521105034156e-04
-4.569784768395084452e-05
3.675985139275438453e-05
1.767839698581279899e-04
-3.494037964858130968e-04
-6.185438611122982648e-04
-2.865013112496217116e-04
5.851623391153740932e-04
-9.886723137049863684e-04
-6.038438196714427655e-04
-3.002881208651494408e-04
3.611694872335506493e-04
4.641366711616172795e-05
-4.731672916646013026e-04
-8.211515421739119255e-06
-3.782200357520265231e-04
-5.718907748021495509e-04
-3.378233777997471558e-05
3.744667053212427112e-04
-2.768348678942168339e-04
-2.782644290911810616e-04
2.397987158878406834e-05
-3.233922519265170110e-04
-5.822894796802834713e-05
3.050744169806253459e-03
1.617422914839015610e-03
2.374213231599685194e-03
2.850337529606875270e-04
-1.412629556358859526e-04
-4.649991404428409619e-04
-3.951795997738636636e-04
-2.072307090703315909e-04
1.825214830769437860e-04
4.613571622601689184e-04
-2.279319308305785335e-04
2.296520257986071770e-04
-1.781280836161594277e-03
-6.542908874691507649e-04
-6.333408106756389542e-04
-5.226378445694825504e-04
-4.578705597045513884e-05
3.256740362921764303e-04
3.336886521389660458e-04
-3.880461375169278761e-04
-3.408335224809570124e-04
2.392175562741377659e-04
-7.040524151685896527e-04
4.936662499374430018e-05
2.134911521730425976e-03
1.405709495508766392e-03
-3.531627117289728676e-04
1.955906137700138062e-04
-3.917614935316036245e-04
5.258154570724220180e-04
-1.415517676133034469e-04
-4.712310597834117433e-04
5.958904476320814282e-04
-1.730455844652151653e-04
-4.780700335242692254e-04
-1.992157554335446132e-04
2.133113791932632168e-03
5.602616864491310935e-04
-2.922595637284543875e-04
3.549548235815725588e-04
1.244432509104857754e-02
7.584259458763328420e-04
2.112475507958517097e-04
-3.958124763419896674e-06
-5.534168501489777610e-05
-4.036587693885428021e-05
-1.812813362932247277e-04
1.214442416027118610e-04
-1.363630762655049147e-03
1.002488151217881479e-04
5.824725243392319752e-05
-3.688611699702850841e-04
7.902283318270269803e-05
-2.052696523892420235e-04
-9.355406462948338440e-05
-2.376408857272219351e-04
-5.572856668759148700e-04
1.558544226103840272e-04
9.863907584990441659e-05
4.283317035980870627e-05
-2.045229077270425977e-04
-1.502503665685369109e-04
1.322753526985762670e-04
1.736462103490077000e-04
1.742976878642342020e-04
-1.127116514003562885e-04
5.686048823941804620e-05
-3.492163257311782211e-05
6.379394226208743946e-06
5.683477651929717822e-05
2.765151389713041617e-05
9.038882885110901980e-05
-2.671952869227642562e-03
8.702703206881028640e-05
4.560973953740279582e-05
2.709575871905882003e-04
5.271598982279332885e-05
7.102549121582308180e-05
-2.338744598356108770e-04
-8.914444519940093034e-05
3.889042124126638219e-04
-1.518675507240034573e-04
7.210500590505923948e-05
-2.360716483540473674e-04
-3.342073048093985131e-05
-6.258609969970591917e-06
2.609659062106921995e-04
1.589015063006169663e-04
2.140744590991167659e-04
-2.508327479599663356e-06
2.776105711852806462e-05
-5.025824005773216457e-04
2.573246834650497650e-04
-1.266724400443092690e-04
1.652185829204183586e-05
-4.397628930501271843e-04
-4.863050713205878633e-04
2.880951619444242729e-04
-7.889819334749825200e-05
8.663733872969346834e-05
3.745513584056276308e-05
-1.984464916281254002e-05
-2.407335046459094252e-04
3.176992808431249688e-04
-1.947486284139065909e-04
-2.301299928285848665e-04
-4.234038495998055046e-05
-1.867769417724953721e-04
-4.078697671420899182e-04
9.690311656201575346e-05
7.601589286744651907e-05
4.688259694795572597e-04
-1.865438345673023433e-04
2.196152255023963687e-04
-3.157043574938790480e-05
2.955268296614887102e-04
-7.442308989415916511e-04
-9.164024995546485146e-05
9.894623181805946993e-05
-6.701806557787307538e-05
6.003211142487461388e-05
-1.956188499020074646e-04
1.013934126430379132e-04
-3.582748706284475423e-04
1.257313777081501497e-04
-2.067322271846568007e-04
-2.905825093177067200e-04
3.496479910007779346e-04
-7.355923781170688245e-05
1.434556377398393053e-05
3.857862537497604979e-05
2.470655244253629787e-04
-1.770586995789271616e-04
8.335242455929338924e-06
1.143638187967114519e-04
5.263011831548151106e-06
-3.107751351489393540e-04
1.750967350131202110e-04
9.165873831859011253e-05
-4.455912658219963557e-05
-3.659972772441205777e-04
1.449353873550042265e-04
-2.209223600982014167e-04
2.637439624908436298e-04
2.974078985293032162e-01
7.540586879126181955e-04
1.509366695959503618e-03
8.736764293516328483e-05
2.062099958299884721e-03
-2.088343878634394996e-04
-1.441986862214013755e-04
-3.336887095487027326e-04
-1.605242647014288497e-04
2.309906616671644547e-04
-1.336695119934869377e-04
1.128054395361515768e-04
3.824823530855965830e-04
-5.649083513274577058e-05
-1.166320534330341109e-04
1.502820737021106601e-05
-9.351107910111546180e-05
1.287561100496170820e-05
-7.500168176248181884e-05
-2.624711661910346903e-04
-8.447087199858715719e-05
1.024246343765585610e-04
-1.902257739644017798e-05
-3.138455809621897474e-04
-1.278386523620798238e-05
7.207394460059992757e-05
8.503416988153765597e-05
-1.306765849259881049e-04
5.752284986034176433e-05
-1.933596551423037322e-04
-5.835170649634242380e-05
1.415935267723477449e-04
-2.285045583070805918e-03
-1.388940816347224811e-03
-1.350638339026705072e-03
-2.518118301186179474e-04
-1.185298131933507299e-03
3.248434054460353133e-04
-5.425422940824558941e-04
-2.857062859217048153e-04
-1.193075004547250933e-04
1.920666410905324541e-04
7.327878415252804924e-04
5.729003784307396598e-05
-2.017943667117170223e-04
-3.704335977397861437e-04
5.473956556749459777e-04
-1.324543306191767023e-05
-3.594984987084303796e-04
3.116924090869673415e-04
1.731278367577399448e-04
-7.367692582672667506e-05
-1.065496061189227653e-04
6.078717502117756988e-05
-4.508606262532112929e-05
-1.152326800502780367e-04
-1.520944112634320157e-05
-5.812977922796893926e-05
-1.797574190671715895e-05
2.716903536107810669e-05
-2.744598582487691005e-04
3.130409077383287291e-04
-4.497143295946445297e-04
3.062484423583941226e-04
-7.804129849901722928e-04
-1.812822173501477574e-04
-5.012796419717364949e-04
-1.637054301418898450e-04
-4.253101013093502645e-04
5.807747176752320068e-04
4.225276252901118048e-04
3.916881766286263955e-06
-3.635042585909757889e-04
-1.218221772788517142e-04
1.378502883432075394e-05
-3.739654518175474342e-04
-5.818639227346183778e-04
-2.801003432686488895e-04
-2.301114824276153726e-04
-1.230760119817154096e-04
6.200496250630059786e-05
-1.094518441394023598e-04
-5.609455763012069686e-05
-8.343724900083113790e-05
-3.037704525832507431e-04
9.587099449581365051e-05
2.308015671934949317e-04
-5.740918894771366828e-04
-2.871948595499418042e-04
8.648139025776729221e-05
4.177053035986548284e-04
1.118888903673845130e-04
-5.309216613736990331e-04
1.500037981137609597e-04
1.964022166502680459e-04
4.639179941627735856e-04
-5.446631023727836708e-04
5.816985402314728374e-05
1.262468303659825951e-04
-7.016370604740235933e-05
-4.596213917037140161e-04
9.936500048395136117e-05
4.645578540928805207e-06
-2.080186567802584473e-05
3.870061748822335029e-02
2.135170975726053202e-02
2.176091598415412498e-02
1.030766095050793900e-06
2.242827777159209224e-02
-2.473995606919113374e-04
-1.925465735604396037e-04
-3.263003223533635826e-04
-6.245010240243715387e-04
-6.483972078709311811e-04
-2.409451121195710648e-04
7.514575304290765283e-05
-1.943352370292272346e-04
5.284668661961640357e-05
1.673498647442708050e-04
2.682320042825350227e-04
-2.302845269013094277e-04
-1.697876247571891988e-04
-2.871999998282101052e-04
-1.212072078885354133e-04
-3.666093310424147259e-04
-5.160012527419876728e-06
-5.476441349336519425e-04
-1.375576368163860933e-04
-5.851285088061357591e-04
3.462176416108938588e-05
-4.509119245708175503e-04
1.430920428236262011e-04
-3.544449677959022119e-04
5.619987052375322945e-05
-3.089696271444426355e-04
1.369338236969912281e-04
-4.828219996379292354e-03
-2.315122457940475657e-03
-2.373841513282330066e-03
-3.743629185135619129e-05
-1.747288516289921675e-03
-2.752688624586603779e-04
4.094092058283709586e-04
7.064909367751848147e-04
3.211965151921500014e-04
2.655064424160496930e-04
2.366137426069738988e-04
6.254073858630068814e-05
-2.247110900331321376e-05
7.195670452717036533e-04
-2.028828860211864457e-04
-2.584423502302873204e-04
9.203120992166167330e-03
-3.957703236662295579e-03
-1.933965638804942050e-03
-1.287869687425308813e-03
-3.320103297556211796e-04
-4.261881259348146390e-04
-5.237500483706028975e-04
-2.151579942384007019e-04
5.376350971477806629e-04
1.188299538782644585e-04
1.540671208528307274e-04
-2.187644600341144075e-04
-6.465321064170032571e-04
-3.699120852761663553e-04
-5.966399911329878881e-05
6.403338810280429026e-05
6.272770072462430528e-05
2.051834352670650976e-04
-1.616305929452057483e-05
2.080571655638791114e-04
-6.141825955556667492e-04
-3.539991229551759581e-04
-1.257974862648774327e-04
-3.026526159063594254e-06
1.689269429054339228e-04
2.311903780483149707e-04
-5.286762139107489822e-04
-2.714760958782414026e-05
-4.083429675465189389e-04
1.124534046513275847e-04
-1.433601358804395597e-04
1.905053142510450465e-04
2.301338687399883808e-04
-2.911743267013289462e-06
-3.021691830065016899e-04
-1.516918683101908338e-04
1.964907547408026355e-04
-1.857250880439651863e-04
1.055933758377286962e-05
8.800739550802464588e-05
-1.123882307996084025e-03
-6.190538670973534966e-04
-1.409915461083234990e-04
-1.126027433899152351e-04
5.871017912886354476e-04
1.492425800901597337e-05
-3.972396722928647934e-04
-6.520877957693138128e-04
-1.025452929358885903e-03
-4.205225023331476226e-04
2.599883923390810961e-04
1.909289075516163901e-04
1.674648824107421129e-04
4.543322759406570968e-04
2.256495445748952903e-04
-9.185492673344186306e-05
-2.041002597145731448e-04
5.000046211043937387e-05
-4.704329044366883147e-04
4.516995469756298958e-04
-1.222857212161191330e-03
-6.431377549077439606e-04
-9.902474737965094934e-04
-5.856696138590846909e-04
-5.907441491643320710e-04
4.886132060664605996e-04
3.065755612523498913e-04
8.742228142505174002e-04
-6.880317149718800668e-04
-4.523206534616544495e-04
-1.182236339358944160e-04
8.806532715749311761e-05
-2.151876367151013092e-04
3.242838984561969445e-04
3.679527997834667794e-04
6.763205990696708261e-04
3.948764033247676320e-05
4.700668488474005679e-04
2.870180835514959039e-04
6.818214684198621329e-04
-7.049353272825305706e-04
-3.900819620740976555e-04
-6.844980557210689990e-04
9.607429371740069078e-05
-6.221012466319581413e-04
9.692679251430118693e-05
-3.589792974075379345e-04
-2.444266526129072444e-04
2.604502422691765779e-04
-5.730805418876533559e-04
-9.169727852649841703e-04
-2.649568268925311205e-04
-5.484702595770362966e-05
-4.352027730913837007e-04
-6.037588884667029475e-05
2.881895167855581959e-04
-5.943270015932193345e-04
-6.790016923072756750e-04
-2.568786343905385709e-04
-4.933501069732134205e-04
5.130506069648921134e-04
3.435777619540761893e-04
-4.859741713306708075e-04
-2.239457441591398792e-04
3.675831128436185535e-02
2.114738318484003787e-02
2.127672507022934298e-02
-4.148709591866561719e-04
-8.658430446393955166e-04
-5.788629590333844738e-04
-1.261577337644796562e-04
1.656704377823546971e-04
-4.123941766337945684e-04
-1.585619202662634638e-04
-3.248138942025982742e-04
1.337315096282091782e-04
-4.619170076119117653e-03
-2.431448718319500352e-03
-2.430189329186415240e-03
-5.695127286239598779e-04
1.312626563034745128e-05
4.535488954207084612e-04
-2.373436850564249453e-05
1.464467217514881111e-04
7.508394813348148213e-03
-3.057491355371652966e-03
-1.492422181543401382e-03
-7.821480429146556411e-04
-4.598294238522909706e-04
-9.680942323832073744e-06
-2.189226374980171054e-04
3.791277402314763658e-04
-5.792930502868721851e-05
-1.786990498182683710e-04
4.170590089970854179e-04
2.840759875620136178e-04
-1.465197913032246927e-03
-1.449332549417050925e-04
-3.901314088073866199e-05
-5.760929125817527323e-04
-4.914542024015832334e-04
3.498534006566953066e-05
-1.417793040229723724e-03
-1.309631156275825408e-04
4.425956324718642153e-04
-5.140138495331336320e-04
-2.410506439947277479e-04
3.691478088925842158e-04
-2.437410987762040227e-03
-1.023392988954199920e-03
-1.212116895205316404e-03
-5.253050825662636128e-04
-3.832044293995659793e-04
-2.653303326787898801e-04
4.824821169412620730e-05
1.395368047906395126e-04
-3.952273169882437073e-04
3.419065968602362455e-05
-4.158821877103120431e-04
5.146083488835792293e-05
3.631202987839269409e-04
1.151806641263053871e-04
6.297152013155957965e-04
8.294462209684008984e-05
-4.870169909939341579e-04
-1.506057060614035157e-04
-3.644835405633463365e-04
1.036298354964948661e-03
7.499057791106307578e-04
-4.138568625269887049e-05
-6.622663176532656753e-04
-3.553766020026059890e-04
1.108843729736513304e-04
3.808918551811148022e-05
2.770085205770572928e-04
4.356416299882585397e-05
5.819299150744872313e-05
4.294957666959104878e-04
-9.932591300676861935e-05
-9.123602837636398094e-05
-2.820240123150602896e-04
-2.019777269133230674e-04
6.314774599281532596e-04
-4.426453987559003439e-04
7.216558482941449451e-05
1.795795541510292594e-04
-2.882035249912071420e-04
3.392407310188638074e-04
4.794310496246213045e-04
1.644206508280298369e-05
3.972259272602538969e-04
-1.689617776667989553e-04
3.083204233575527128e-02
1.830638593385922053e-02
-9.310037182157424301e-04
-4.624784028027976264e-04
-3.949478481150815561e-03
-3.193438670580615174e-03
-6.203781503980993720e-05
2.235530008750637534e-04
6.797320934895241876e-03
-9.034138840538631469e-04
-8.928193763853320723e-04
-6.347213617294286746e-05
-2.921739681762668150e-04
-1.226714774698169173e-04
1.027167014485101757e-03
-8.882891058747628471e-04
-6.270423541630035756e-04
6.844567551897044527e-04
-3.163930802394289594e-03
5.100475956970731755e-05
-8.114039376692947858e-04
-3.995343827284638847e-04
-2.538565844147339491e-04
-6.749997477211598293e-05
7.658185866116560929e-04
1.171939040861622180e-04
1.169911562021155242e-04
6.011712289719793920e-05
-2.417495088224712232e-03
1.727023247949099893e-04
2.137275599042483699e-03
6.418763881164368757e-04
2.817275113645769931e-04
-2.550841069838427773e-04
-2.432938971568200765e-05
5.233743503625628082e-04
7.127336296714355517e-04
-2.325699787457769863e-04
4.073562056358519278e-04
-2.320677847105880119e-04
