5.034999999998078122e-04
1.489995000000002012e-01
2.092500000000491319e-04
2.102630890061329971e-02
-2.551940056075332475e-01
4.895000000000826424e-04
-1.274999999991003145e-05
1.464339999999998976e-01
-1.805000000001204784e-04
1.119999999999174092e-04
1.862500000000077256e-04
1.553940747871513381e-03
-2.954133690426127487e-02
1.650000000012511820e-05
7.750000000079043758e-06
2.259999999999075628e-04
2.324999999998842478e-04
-4.200000000010078782e-05
-1.607500000000149120e-04
-1.800000000008021786e-05
-1.050000000004554777e-05
-1.550000000010031987e-05
1.849999999991739302e-05
-1.820000000000078662e-04
-1.794999999999443254e-04
2.665000000002028810e-04
1.720000000001002140e-04
3.550000000011808548e-05
1.070000000000651458e-04
-3.060000000000262488e-04
-1.928750000000119659e-04
-3.521941586332793194e-04
5.509602548234498326e-03
-1.044588958391602537e-04
8.880686815102809299e-05
-1.206683153404749381e-01
-5.392987099164719966e-02
2.259996852734369021e-03
2.851593897710560325e-03
2.164918175908656789e-02
1.442564352721428366e-03
-6.696557299803522836e-03
-2.938489060199946340e-04
2.014403798876781421e-02
1.835960887144359732e-02
-9.670416876084988664e-03
-5.987344070008279902e-03
3.822652768673887730e-02
2.501990361318390602e-02
-5.342347740944947652e-03
-3.395086965257673554e-03
-9.990998966671776654e-05
-2.012995117131906992e-04
3.275828288210945422e-05
-1.193474139896649175e-04
-1.489444812836459089e-03
-2.370326142117258627e-04
1.098748856352188330e-04
-8.573331270137611072e-04
-4.225694061944043102e-04
-1.655696144297954999e-03
-1.649925531059842805e-04
3.360441151206721875e-04
-7.423004070401499274e-03
-8.415541287217910386e-04
-1.351273236564052205e-04
1.387361500891931706e-04
2.283555531435600000e-03
2.473195658363675289e-04
-6.255143726503887929e-05
3.349746357870928763e-04
-2.713067409031525660e-03
-5.062601492169021590e-03
1.526685327288964875e-04
7.801138507451973016e-04
-1.482047693579457330e-03
-1.052922517484638013e-03
-1.552548751352259926e-04
1.707885805562322501e-01
-4.283529003004455521e-03
-2.798766427756890513e-03
4.607831399387063843e-04
2.325381575421826483e-02
-1.741832820608509491e-04
-3.455795667799061496e-03
-7.899672381392898457e-02
-4.544094008909445315e-02
-9.256273434061388153e-03
1.167436293250262713e-01
