5.034999999999425786e-04
1.495030000000002468e-01
2.092499999999556737e-04
1.260000000000270235e-04
-1.992500000000713861e-04
1.192726253146151119e-02
7.414685040981069085e-04
3.728561221654180498e-04
4.231322293033470895e-04
9.930000000002373994e-04
-1.274999999996346059e-05
-4.999999999871140651e-07
-6.749999999971145570e-06
2.964265000000000372e-01
-1.932499999999825525e-04
2.867499999999980525e-04
2.525000000000784538e-04
3.212500000000064805e-04
1.862500000000403601e-04
-2.953750000000209897e-04
-1.923750000001338452e-04
-1.183789623230843430e-03
-8.685011358671427704e-04
-9.587892091929317876e-04
-6.696237891416730644e-04
1.335000000000273143e-04
-6.650000000006351080e-05
-1.081967365418557260e-03
-1.030246091580946455e-03
-2.302499999998861718e-04
-4.500000000000138519e-05
-3.442830799711184015e-05
-9.271424685672753066e-05
5.200000000000445152e-04
7.750000000015111405e-06
-4.119863363714293865e-18
1.124999999999224189e-05
1.497454999999996983e-01
2.402500000000069239e-04
3.672500000000075444e-04
-3.815000000000420160e-04
1.672499999999701027e-04
-1.607499999999915745e-04
-2.421250000000245743e-04
1.198750000000178893e-04
-7.100000000001801593e-05
1.584999999999726276e-04
-5.462500000000617686e-04
4.377500000000627092e-04
9.914999999999737391e-04
-2.749999999964443179e-06
-2.500000000402846639e-07
-1.000000000037207571e-06
-2.825000000001600442e-05
1.849999999997155230e-05
2.125000000030573214e-06
-1.462499999997194262e-05
9.750000000002525676e-06
-2.912500000000439423e-05
1.499999999997587011e-05
3.749999999904196963e-07
2.964690000000000936e-01
5.024999999992984704e-05
6.250000000085340563e-06
6.500000000006870731e-06
5.775000000004845132e-05
1.904999999999811304e-04
-8.400000000001211131e-05
4.799999999987963445e-05
2.922499999999208283e-04
-7.592499999999966897e-04
2.449999999993888409e-05
-4.070000000000258849e-04
3.147499999999743385e-04
-5.374999999990422975e-05
-3.000000000043443972e-06
-1.250000000081028333e-06
-1.197500000000343933e-04
-1.928750000000584240e-04
3.059375000000156696e-04
1.611875000001599821e-04
-1.678828243776873735e-04
4.050398258872221053e-04
4.855777580820696149e-04
2.480589643871839367e-04
-4.324999999992948716e-05
4.744374999999678320e-04
-3.779430102298392703e-04
-3.861314189837417509e-04
-9.899999999992869419e-05
3.999375000000403974e-04
-2.489433551057039615e-04
1.349690141004513683e-05
1.027500000000393198e-04
-3.750000000840190604e-07
1.512499999999024899e-05
1.318125000000858540e-04
4.244471716333478306e-04
-2.258643103604231976e-04
-3.520000000001738969e-04
4.212500000002577084e-05
2.168750000000727496e-04
1.231249999999832739e-05
8.249993768075075120e-05
4.132848189546740772e-04
3.990411041606444550e-04
8.880686815095454342e-05
-1.610724403027449328e-05
-6.489846350215575197e-05
2.873022576368609513e-02
-5.384106412349613791e-02
-4.566043359755452002e-02
-1.014287230687543721e-03
2.469246852734345403e-03
2.851593897710609331e-03
4.134827364167762559e-03
-6.979852926948645810e-05
2.172684685472824583e-03
1.332975180541947843e-03
5.059832728314986013e-05
2.823071329549451010e-04
2.253772286324739332e-02
1.531371220872363489e-03
3.233879060041674536e-05
2.025790801811643471e-04
-6.709307299803444515e-03
-2.938489060199191193e-04
4.416191141291375384e-04
2.225952417760546542e-04
-1.017253722212991315e-03
1.129680177174771130e-05
-2.549449861449612671e-03
5.476920044945572332e-05
2.174469455115400629e-01
-3.403889089933104239e-02
-2.536181597105754276e-02
-5.236273817901111044e-03
-1.656022417588855905e-02
-6.281192976028291720e-03
-5.893245740170148343e-03
3.419822995187527426e-04
-5.550384518341212187e-03
-2.427894345853320694e-03
-2.596667266314230636e-03
-1.374947564181391337e-03
4.080777453947338762e-02
2.787149751089447805e-02
3.260726636770121256e-02
-1.895022408900701606e-03
-5.156097740944956542e-03
-3.395086965257693937e-03
-3.259845600672334285e-03
-1.295272570968734893e-04
-1.537939448147395164e-03
-6.531864141824871798e-04
-2.857251849775214385e-04
-8.240411795399321497e-04
3.559925088717613012e-02
2.570292083265335661e-02
-5.467077989241635530e-03
-2.894986229736474636e-03
6.403163893938408884e-04
3.311438270569987846e-04
1.223438907856615871e-04
-1.212287630192382046e-04
3.156311144941408128e-04
-1.124926435621938990e-04
-1.138722937080177694e-04
-9.820475522358275129e-05
4.050828288215557212e-05
-1.193474139896118458e-04
8.009856054852699300e-05
2.133812321263727928e-04
5.511413666809111128e-05
-8.157810967277744866e-05
-4.889643843556012228e-05
-1.736847625505975624e-05
2.738337096118281799e-02
-5.427939624942103997e-02
-4.869077944542440223e-02
-7.042169183404669523e-04
3.828831685172785684e-04
-9.766805410034691895e-04
4.302201295291293768e-04
-6.098430591118841383e-05
3.035177030669898275e-04
-7.787916662652456703e-05
1.292949756089148786e-05
5.618266980982926850e-04
2.004677446539848348e-03
1.195897753412573233e-03
2.957115315022976632e-03
3.639630219963173362e-04
-3.257425531059328664e-04
3.360441151206385773e-04
4.207145577706673106e-04
-1.612069104516974602e-04
6.407534502281008501e-05
2.682428838028944955e-06
-2.158043619639914634e-04
1.515575161038223301e-04
1.157797047338260388e-03
1.938286943105847976e-03
-7.959750102201129044e-05
4.917280921088908055e-04
5.236591552072891411e-05
1.355201976518507817e-04
-4.264559658976471929e-04
4.629025129219718304e-04
1.501330880317925179e-02
4.885175804374458815e-04
-1.759189524017510298e-04
1.919431182366330174e-05
-1.051190407743005832e-04
1.938873609958374392e-05
-1.333690366567859812e-05
3.997015404752000500e-04
2.024181765330187183e-05
5.150938710772328153e-05
1.810756427655410387e-04
-8.062470443606028451e-05
-4.441251768367942415e-03
-4.652934018361000852e-05
2.653804961233933546e-04
1.694076557578345888e-04
-4.405143726506430138e-05
3.349746357870419188e-04
-3.121705670718147047e-04
-5.197914860570476085e-04
-4.957109242709539440e-04
1.781442960703443824e-04
-7.765210566320361791e-05
-5.682530950930708507e-05
-5.195147932745879452e-04
-1.834697158148360227e-04
1.497557188672404726e-05
2.232858916113070983e-05
-1.924375396055453928e-03
1.479984660973308853e-04
2.969426372608994765e-05
-1.193988042957777222e-04
2.057640192296040227e-01
-4.038137864614692318e-02
-3.286017200661266874e-02
-3.054653241706488647e-03
2.104243775898260679e-04
-5.783054016900705157e-05
2.165138613142863987e-05
3.877964628714691657e-05
1.737765801354716961e-04
-6.007551240463641131e-05
2.266170824088334826e-05
7.373728773882357414e-05
-1.550771633803227356e-02
-7.086795927676543122e-03
-5.419607978081593912e-03
-9.267793068029332357e-05
-2.730631240024521505e-05
3.478518693924987346e-05
-4.525763089488388409e-04
-5.902294664044825841e-04
-2.437701367911063611e-04
-7.280676907311348263e-05
1.050388317769754005e-04
-1.259566532353308193e-05
-5.103492254388644102e-03
-2.365822521523916564e-03
-5.587322904177292968e-04
8.921530084780779617e-04
-2.479074275303197721e-03
-1.235539449546699687e-03
1.358512630671066328e-05
6.199339294580354142e-04
3.609517613027436733e-02
2.341703493883957529e-02
2.618983256387946712e-02
-6.834415344953989136e-04
2.420405868327050493e-04
2.642859565636069782e-04
1.405611151304963211e-04
-2.637473814245323064e-04
5.081344186495255526e-05
3.894188670751448015e-05
-6.583230772864713228e-05
8.687430792435861396e-05
-5.636281023005790779e-03
-2.750056719355306514e-03
-3.110231485363050725e-03
-6.895765561491817332e-04
5.289367748517058345e-04
-2.985807963161717527e-04
3.016605689966647078e-04
4.227994830075648409e-04
-2.971600567263219710e-04
-2.890833313972032605e-03
-5.042646790488086467e-04
-5.433429414421221118e-04
2.901378993438585982e-04
-2.502433185833507633e-04
4.139954527231235934e-04
1.765602896776916140e-04
1.082698463903802302e-04
-3.228009532373790993e-04
1.416359572185495771e-04
2.184365424769284974e-04
-1.617304335006870732e-03
-6.122055599552994653e-04
-1.275558111920127666e-04
1.786927286594125008e-04
-1.650116097003134124e-03
-1.656864667991568498e-04
-9.906623958180513050e-04
-6.346118852625742780e-04
-1.740203332584980452e-04
-2.355683002292773031e-04
-1.127961252466883795e-03
2.195247221504525764e-04
3.140998878003089384e-02
2.104430122033776329e-02
2.875663168481413698e-04
1.101902410215151651e-04
-5.757530348035039443e-03
-3.364919929907506102e-03
4.053492425637097844e-04
-8.216017187895765074e-04
9.843690759823369579e-03
-3.585451222759817561e-04
3.878391925044409475e-04
4.261471375796535999e-04
-1.335583186228156969e-05
-9.321587072899512592e-05
3.154028320780281154e-04
-2.208062210527686052e-04
-9.313369744573860411e-05
-4.110825859048657539e-04
8.760902816748598106e-04
6.700884029783045872e-04
