2.893251993992548421e+01
4.511955186175077159e+01
1.488318810094982347e-01
2.923931249924240561e+01
1.409449934993718045e+02
4.684045929571163924e+01
3.173063872282609665e+01
4.388469987007032103e+01
1.456199048048302416e+02
-6.984410913435594281e+00
1.007690912522008375e+00
-1.776632883604939983e-01
1.709172544715956690e+02
-5.843875998020132911e+00
-1.529882895809866750e-01
-7.653631124278724052e+00
1.916405320463566113e+02
1.322391029510361626e+01
2.090266219984783791e-01
5.008348369498951236e+00
3.527724440052594446e+00
1.316492248104515994e+01
7.320299285194142414e+00
6.503919407286522514e+00
1.768002152757969370e+01
-2.535453172199463978e+00
-1.666648388547987736e+01
-1.722516576325722681e+01
-1.543755433430535340e-01
-4.529498741508110271e+00
-4.219840933241931680e+01
-4.818279537227360265e+01
-2.030257323718695162e+00
-1.563356330509045045e-01
5.861925438867106486e+00
-7.408636985818654042e-01
1.449525818228720730e+00
-7.498955055592585461e-01
-8.756213941185613248e-01
-1.548331768096959715e+00
3.367255215053707729e-01
-8.277199518972075509e+00
1.092782352042207705e+01
-3.594370988963099256e-01
-1.369666998765174704e+01
-8.851338439009307280e+00
-4.506277402193192394e+00
7.219393212684106054e+00
-7.686035601433458986e+00
8.071585445678174375e-01
6.691145898000444570e-01
2.561234141316989898e+00
1.109326756683910897e+00
-5.560503654467896517e-01
9.983584853958006600e-02
7.606705919503590207e-01
-3.665602418131427953e+00
1.516052574491160432e-01
-1.481298051945321159e-01
-2.789918674395253650e-01
-2.268434997367291539e-01
-1.377497398535789763e+01
-7.429041305405512219e+00
-7.100827340773324892e+00
6.258185022735662351e+00
2.291022006208656592e+01
-1.258172508863862404e+01
-1.230392899406609963e+01
1.453508640385158035e+00
-1.080213025054195519e+01
4.556482448556315568e+00
4.763428710123607246e+00
7.150381152935113782e+00
7.801040014416683377e+00
6.366376625806207556e+00
7.031723978925671581e+00
-1.447642450940669789e+01
-1.724123597756405113e+00
1.899564302885858313e-01
1.956671710111566487e+00
2.541504023755755792e+00
2.502101367886609395e+01
5.589921652422604748e-01
-1.937194097448221297e-01
2.284328840674961114e+01
1.583865420805049951e+01
4.498485198010492292e-01
-1.205399043933538827e+01
3.879141119564069129e+01
-1.430839040470415213e+01
2.230591168087267540e-01
-1.873210241796248177e-01
-1.344177213456151243e+01
5.909701107125265196e+00
-4.991720556284000021e-01
-9.734643890244089048e-01
-9.166516160825152193e-01
4.405223357372671789e-01
-1.776842948719715640e-02
-1.594434540340977924e-01
3.965822753223430808e-01
8.183930004576151163e+00
-1.421151754412508517e-01
-4.230969742691138569e-01
5.026060132196325192e+00
9.706691350924046446e+00
6.360269408841662253e-01
1.919710510042245410e-01
6.568491647404375300e+00
-6.214257746819358275e-01
1.558770243430815661e-01
2.238815539593452808e-01
6.193026618496185742e-01
1.494067004962962519e+00
3.673721768843226654e-01
4.733928108018004566e-01
1.861841570619977793e+00
1.372530377944203739e+00
6.024322030981983656e-02
-4.023611393437970946e-02
1.054274794172860297e+00
7.396386962505991924e+00
-3.826061080736987141e-01
-3.131914399989634001e-02
3.962495050778138683e-01
-1.586904103122835710e-02
-1.861086161158357344e-01
-3.955556085264205768e-01
4.823737161566836740e+00
-1.925330528846293188e+00
-1.697763644052561194e+00
-2.221469965662744794e+00
4.364853285628147006e+00
-1.001080498027917320e+00
8.626602564103351412e-02
-1.127607248521774325e-01
-8.860361193296004689e-01
-2.626977822908410864e+00
-4.020038660239128592e-01
-4.131973494533334623e+00
7.814472849361445483e+00
4.398203279092496309e-01
5.022035256405980863e-03
-6.366201306701838036e-02
1.030090914694236526e+00
1.161111649891677366e+00
-1.159455399451396057e-01
-6.749925129288770753e-01
3.909537048390343994e+00
1.424665576032806191e+00
1.858529202066622589e-03
-2.627548714351003678e+00
3.044365117763580209e+00
-1.008254488340182142e+01
4.040212823249699881e+00
1.950714819977542036e-01
-5.414451337843273926e+00
2.192467427324338858e-01
-7.135274831026915121e-02
-9.733263240122086657e+00
2.435112870716381828e+00
1.128754122565054629e+01
-6.481886370542361275e-02
2.038645669117133075e+00
1.678153336016383079e+01
1.828842017132886966e+00
-2.621817900167592974e+00
-8.655064091006322569e-01
-1.314990557688682671e+01
2.980120713794775256e+01
1.673870337433340438e+01
1.567146882536330210e+01
-1.169984385285064121e+01
-6.370251366187929420e+00
1.699211710693361255e+01
2.093724548105163308e+01
3.989438611682493985e+01
4.119855866185583082e+00
-6.140815383761565049e-02
1.900419535351273170e-01
-1.868191516301358268e+00
-4.882231605517898920e+00
3.478508306074151180e-01
9.303288598954868593e-01
5.863613665222389137e+00
-5.331633391203590477e+00
-5.788511618589912366e+00
3.415587824951910278e-13
1.181328507646083189e-13
1.404554980275494747e-01
-1.325241925542920418e-01
-7.827924679487695270e-02
-2.165178131162435737e-01
1.114997038194127193e-13
-2.126493051402303130e-13
5.333512553008618954e-14
-3.056614191601457036e-14
-1.333736439842787558e+00
-2.266068786985441785e-01
-8.502083333335892501e-01
-1.703420241616897535e+00
-2.265348768421415559e-13
-4.287988895725154787e-13
-5.595260211366073515e-14
1.083393131567142866e-12
1.755472645121112008e+00
-4.089098112538453456e-01
2.293260742859680919e-13
-4.685056461064128213e-14
-1.619145411293051007e+00
5.058689939744367425e-01
8.018493379864892745e-01
1.987688529488165434e+00
-3.051223395760871981e-01
-5.313685048333938177e+00
-1.540445155796711096e-01
-4.797745584739200986e+00
1.022146385892043519e+01
2.972061297073540498e-01
1.367479035313855951e+00
5.491337762298912573e+00
2.818524990180982126e+00
-6.882205847143428867e-01
-1.721713270194459078e+00
-1.463778699342616285e+00
5.633285346115696512e+01
3.835349235791090194e+01
3.576597931437014921e+01
6.779262245010393428e+01
1.317083461741247845e+02
9.312685380191145157e+01
1.034280848963947506e+02
9.959111624023380216e+01
-4.060565617828904905e+00
-1.575481292792632493e+00
-1.702197027894786885e+00
3.683226040317129524e+00
4.661718705659284367e+00
-1.326641861595931060e-01
3.813559632315551284e-01
-8.904521305039610202e-02
1.860920173131681921e+01
1.072319654467079530e+01
1.100080219519333902e+01
3.904344729344958687e+00
3.504678844641019531e+00
2.932488734886588233e+00
5.114239427791530623e+00
-4.436130063206118024e+00
-3.446282599166953453e+00
-2.820903645262898163e+00
-2.934406731682791758e+00
-2.776620370370963098e+00
-5.957758845860951169e+00
-2.888501735080837740e+00
-1.731987798449506899e+00
3.189849308591974797e+00
-2.858899238781436036e-01
1.189603365385258349e-01
-5.426355021366435771e-01
-1.352875551873678139e+00
-8.580352150890332985e-02
-6.002459642253168415e-01
-2.480298639913097181e-01
-1.454457607768131489e+00
-2.384608877019831041e+00
-1.632365494147174356e+00
-4.167938377457165444e+00
-1.837052716317639556e+00
1.063961994573562286e+01
-3.449407875066187046e+01
-2.141435963461448821e+01
1.947698268872235738e+00
2.193909523838889264e+00
-1.491708515807178870e+01
-2.002488711782791420e+00
-4.674206676731437193e-01
-2.381346637014704726e+00
5.163154833484847828e+00
-8.071213508665985970e+00
1.336499067825004605e+00
4.118181207827510626e+00
-3.739270772585782332e+00
-5.103747739547843665e-01
1.387812557856737405e-01
7.432804038809793790e-01
-4.543357561909204534e-02
-1.444372315973251553e+00
3.200633132665202663e-01
1.335997145959377796e+01
1.526759898155619077e-01
5.377669881470608093e-01
1.441715074324805457e+01
3.556986707058183317e+00
8.628302346130191369e-02
1.510803356718072032e-01
1.938293977759014242e+00
-3.502480764977792482e+00
1.011133781115812980e+00
8.882803559429892637e-01
-1.194197581078300541e+00
1.043317825263201826e+01
-5.619244696829859720e+00
-3.503172712110642184e+00
-4.090678404473539587e+00
-6.769739975017099454e+00
5.555906473006713142e-01
-1.431992626955473691e+00
9.359026947323080270e-01
1.177111741283247603e+01
2.876752810776296965e+00
4.264538389855425216e+00
1.846281283824624353e+01
5.018695435004270899e-02
2.342027601654430857e-01
2.415993619724026598e+00
5.440950151830411530e-01
3.267040055983093438e+00
-1.453025581802793453e-01
8.221058810308854436e-01
2.452946855202355003e+00
1.776011530469041810e+00
8.023661039075082047e-02
1.002562609481635475e-01
2.461907325254995005e+00
1.514098039924568706e+00
1.869066950078768566e-02
5.453414535684235342e-02
1.074424671439966616e-01
1.761911024251096691e+00
8.159694134417345701e-01
9.249951333989935298e-01
1.245602331764963377e+00
1.498043469946525486e+00
2.709865267808136968e-01
2.927866303973443163e-01
-1.348070097403847978e+00
2.951144671432736621e-01
2.098907405608274879e-01
1.734375649506275374e-01
5.151369311421527541e-01
2.416871801113031626e-01
-3.320056371556955044e-02
-2.068189619094153511e-02
-4.886641455517482524e-01
-6.266913214992840819e-01
2.080748890532552409e+00
2.122575813609494322e+00
-8.153926282050877328e-01
-5.980763729554725027e-13
-3.033252469490854502e-14
3.211624263861938579e-13
3.186064620213940954e-14
-2.263945389546579423e-01
2.467826984713698824e-01
4.234960552268490080e-02
-1.519551282050682905e-01
-1.429774854668798217e-13
-2.721272205016139363e-14
2.889497297534884582e-14
6.687985220045070728e-14
2.270071002492927370e+00
7.155000779023991342e+00
-3.048980846685574311e-13
-2.642480709861939346e-13
-8.116903712606705623e-01
4.607260505698438369e-01
-2.379969596491506858e-14
-3.658334245587944884e-13
-3.803030697669181226e+00
-7.248333490163438864e-02
9.451984642326808350e-01
-3.438312627948161726e+00
-3.246693501292897910e+00
-3.227732891802498116e+00
-3.187880697241890271e+00
-2.430944446725130881e+00
2.824019743358369894e+01
2.211829766802295296e+02
2.180370453271511622e+02
-2.069340829669999664e+02
-3.560026754182259765e+02
4.837680667150183211e+01
5.050139584498189294e+01
-1.023789391680541314e+02
-5.520521100928054814e+00
2.368885137394252993e+00
2.359276761693539726e+00
-2.460771487157315462e+01
-3.355871627722602568e+01
-7.879676889135846629e+00
-8.070269788138100253e+00
-1.447171726577879802e+01
2.304815629229437057e+00
6.911594530189667518e-01
1.066884232297196533e+00
2.169927012380578280e+00
1.305773699529993559e+00
1.145329557556101253e-02
1.810671155472643179e-01
8.567096453212973417e-01
5.465239698573024496e-01
5.590726513444004286e-01
5.729278923685154901e-01
9.680980554528175741e-01
-6.209786855944142481e+00
-1.378972488172283128e+01
-1.381514795385741046e+01
-1.839253570822059203e+01
-2.872283184862567396e+01
-2.582045211257102224e+01
-2.573335749043027931e+01
-1.320794060046799068e+01
9.473502564491745659e+00
-1.044030537173468254e+01
-1.046010118268204003e+01
-1.033845063389699881e+01
-1.324904667194641306e+01
-1.393958519982146349e+01
-1.396888018155859612e+01
9.254238021571001838e+00
-1.784655744312225956e+00
-2.539219072734655216e-03
-5.102706338812077469e-01
1.076905064149824121e+00
1.544911858975542285e-01
6.472140039447979443e-02
3.628590359956762601e-02
5.032020463507363289e-02
1.154253187096874278e+01
-3.437168343278441895e+00
-3.334160997179017594e-01
-9.821589799602685744e+00
1.584839743589581795e+00
-4.027126479293286487e-01
-4.404049556213733285e-01
-7.437746548324575269e-01
6.127722723705461227e+00
5.731034451037625210e+00
-1.576024416844488352e+00
-2.862919560185240186e+00
-9.700370081927518484e+00
-1.267614918564615056e+00
-5.857260505696046948e-01
-4.563134348281873420e-02
-3.475526349861594588e-01
1.105009091739506816e-01
9.608869533878337810e-02
5.741858004809331506e-01
2.974426240520566811e+00
4.232031787900300372e-03
8.504510564683896989e-01
-1.794841773583028655e+00
-6.593508573415075569e-01
9.401570226117413054e-02
1.839570814919988251e-01
-8.285792544307118979e-02
-1.923755311828080750e+01
5.728613905463605604e+00
5.556934995295856883e-01
1.636931633267231945e+01
-7.513194580721558324e-01
-2.074668960131767381e+00
-1.021287120617522604e+01
-9.551724085063975522e+00
-5.661839555535261859e-01
2.448816064898753919e-02
1.616728346987854792e+01
2.112691530940752127e+00
-2.129833196850757560e+01
-6.030467712843556871e-02
-4.615915001327147715e-01
-9.878668900117352436e+00
-4.995533105097899051e-01
-4.408800430251445412e+00
-1.179717158477923800e+00
-4.700002028587911163e+00
9.150884323633248218e-01
-2.067851884314500843e+00
-1.215053291043317829e+00
-1.694489806691961808e+00
5.058003326209348671e+00
-5.739701831336222249e+00
1.544051832492809639e+00
2.401161531321082399e-01
1.357043904039168192e+00
-5.914195113427612505e+00
-2.734058281323472617e+00
2.193561787872352620e-01
2.713984790824618631e+00
-8.180540043699847663e-01
7.315564785775909407e+00
4.635259864317144984e-01
4.291855920066338648e+00
-1.255481219441097096e+01
-8.334851663215913087e-01
1.097129434360016725e-01
4.539060778656542894e-01
-2.013783687001259537e+00
-8.609118692187084365e-01
-6.407652453307957630e-02
-3.322892588409431247e-01
-1.451333838443425339e+00
-1.104967762903923623e+00
2.646710651398210268e-01
1.498913259828485556e+00
-5.209262991984433988e+00
3.137993972407974175e-01
2.775252678644961613e-01
-6.266990180679837152e+00
2.813975672058719901e+00
1.227135412532965653e+00
1.609994247627449360e+00
-1.450596676659290596e+00
-8.293272231748780587e-01
7.526464999407774137e+00
-1.610285303377398591e+01
-3.680469172325373517e+00
2.721499953649882397e-01
8.273576681132909227e-01
-3.714463519605552211e+00
-2.920939637367217845e+00
-1.663623284650254774e+01
-2.508033282812148457e+01
-2.027336730155229194e+00
-1.822851825044371488e-01
-3.877410042002452428e+00
-9.148176625344968116e+00
5.896479805083529868e-01
1.075311829055119084e+01
7.695836069101988919e+00
6.488714941402876413e+00
1.047272717402561426e+01
-1.698814013671737655e+02
-4.571507313111251136e+01
1.236650751876757255e+02
-1.683391321621606949e+02
-7.175960957813964569e+01
2.128904439048731376e+02
2.651634206712222763e+01
-7.241831195302441415e+01
-6.952039034534340090e+01
-2.685737021936485647e+01
3.812426009397957927e+01
-6.924622384442876921e+01
-4.063221232204227107e+01
6.607359462321674926e+01
-6.690967873031119950e+00
-4.096052207987229821e+01
2.047821485853576373e+00
7.933427167594483187e+00
5.579873940564609391e+00
2.148560397864119675e+00
-3.504227698873629837e-02
-1.973947589720044027e+00
-2.509545808224026509e+00
1.116383863889610500e-02
-1.977906383683050606e+00
-9.958597545410416974e-01
-1.213262560607295759e+00
-1.920115959603210687e+00
-2.256044729897576318e+01
5.016212573204095193e+00
5.780096934506153161e+01
-2.235452105030048031e+01
-4.876726250079995140e+01
3.347753801123738526e+01
-1.435405313841077302e+01
-4.896914837173500246e+01
-3.962252993939884504e+00
-6.503595981092189504e+00
-7.645235468225917153e+00
-3.950771130471390613e+00
4.496563317237697310e-01
-4.375229326325530188e+00
-2.908660415199996851e+00
4.576616003624423556e-01
1.901298704141278861e+01
3.300420207205351453e+00
3.823176400334750369e+00
1.293070276718851375e+01
-2.758491900163474453e-01
3.875486350032127936e-01
-2.266264034565312002e+00
7.206874193521189964e-02
-6.258819619449028870e+00
-3.913206635646148790e+00
-4.105377864419565093e+00
-6.435857307144946304e+00
1.172540954916966172e+01
-2.861717699331796894e+01
-1.926113112889337176e+00
1.183101728980010847e+01
2.481606225150492051e+01
7.564595167937513409e+00
-1.658075461044299459e+01
2.471433893266629056e+01
-1.337289041361824893e+01
3.318178936267286616e+01
2.422132168134953467e+00
-1.349410498047297402e+01
-2.858075783455646857e+01
-8.616081533512080171e+00
1.922344432567797767e+01
-2.846340873190406384e+01
6.478522483785230657e-01
2.098232447997559813e+00
3.042284614563419254e+00
5.874924757865296332e-01
9.755130160934162575e-03
-4.913894555853995927e-01
-1.236209549464575702e-01
-3.566891154694621507e-02
-9.534123106998253494e-01
-5.814152150424468646e-01
-5.794176621198570132e-01
-9.268668084595341750e-01
1.485160298647446808e+00
4.439216151492298978e-01
-1.003956345915674397e+00
1.479054738693324822e+00
6.897095853045589475e-01
-1.733078402286109432e+00
-1.339257364055727872e-01
6.959919531060106968e-01
-1.161846642436322874e+01
-3.472202496868010968e+00
7.854816050048860632e+00
-1.157070116513095215e+01
-5.394785683757038264e+00
1.355938062817303802e+01
1.049008623459067424e+00
-5.443930114276621879e+00
1.118232147689848466e+00
8.396915062524813456e-01
6.199841382000313983e-01
1.105119012333171780e+00
6.905850071920410782e-02
-3.780910349097238665e+00
-3.109836676940029854e+00
-2.720564909510934243e-02
5.474284585583913953e-01
6.421339092437489127e-01
2.551369891288866598e-01
5.371383440856489777e-01
-1.812814925102490449e+01
-1.721922075459487544e+01
-5.119742643082640043e+00
-1.803067910172078925e+01
-1.324040548208893497e+01
-2.925499960073516537e+00
-1.263409841198180317e+01
-1.327781738172549453e+01
-4.247131664224259029e-01
-5.324649538077682598e-01
1.805248917436154565e+00
-4.420784345003763716e-01
-1.875259221495420847e-01
1.757706067811461548e+00
-4.010238527243641382e-01
-1.860202772394554671e-01
1.100832535818835112e+00
3.802053165193739481e+00
5.532537016998356094e+00
9.836906962844400582e-01
2.017213087399917157e-02
-6.740778519003840508e-01
6.393724888206070434e-02
-7.365243815186661713e-02
-1.813914720778129874e+00
-1.138614502768053205e+00
-1.099073213962318274e+00
-1.763854908978672809e+00
-3.452612994189104256e+01
-1.030324643276716756e+01
2.336200032746821620e+01
-3.438415790406052963e+01
-1.601100863383616613e+01
4.032901052876405856e+01
3.149054098432005233e+00
-1.615698148424975500e+01
4.336457453275361473e+00
1.202319156673485878e+00
-3.057916071601762820e+00
4.318442225031282611e+00
1.885464041609475894e+00
-5.280884766825965748e+00
-5.903340869663807888e-01
1.903382948176938205e+00
-3.537516507616329964e+00
-8.864752557520704235e-01
5.659767442999235065e-01
-3.642981423034490351e+00
8.309089895649940383e-01
1.327501027603986694e+00
1.024127862561774682e+00
7.997989860594956202e-01
-1.945270977460147543e+00
4.686063469420851529e-02
-1.190310919052748814e-02
-1.635003091609831261e+00
3.136832691986089494e-01
1.402883733176799597e-01
1.394057209971656941e-01
6.847609773114071707e-02
-2.763547720086275916e+01
-2.820306568685455417e+01
-2.805721170717326629e+01
-9.661065083127542863e+00
-5.418330908365921239e+00
-1.957093764076794429e+01
-1.962390994279049750e+01
-1.971519247817665033e+01
5.879843755447827780e-01
6.055556075895791590e-01
6.019201053539487978e-01
2.509919548997922023e-01
1.595607046225857306e-01
4.259045638006993539e-01
4.271146579449950909e-01
4.205436171617971675e-01
-1.891000459464696526e+00
-5.967720143442559744e-01
-5.437452096853712114e-01
-2.738311123123017055e+00
-8.351059125331249805e-03
4.810519486845790116e-01
1.622489751623672205e-01
3.055365015452702129e-02
8.204328333992484401e-01
5.135132775281151529e-01
5.089714044713621321e-01
8.440107589422470857e-01
7.828473377985055714e-01
-5.313947006581822841e-01
2.349541441626890326e-01
7.860789606686459097e-01
3.683689656697738402e-01
-7.090381967873170266e-02
-9.173196453265175521e-01
3.650438169277846479e-01
-4.087516562791629338e-01
2.774639614099499996e-01
-1.226744067167751806e-01
-4.104390048729968932e-01
-1.923336784815020128e-01
3.702829043018465716e-02
4.789720003362455958e-01
-1.905975181740898750e-01
4.273037212916909411e+00
8.154561899296962624e-01
9.010795823052506481e-01
2.945502058899335474e+00
-1.405412605476094867e-01
-5.110569762603245358e-02
1.398025940210391449e-02
-6.650216116487875917e-01
-8.190203523845768219e-01
-1.310803305949527653e+00
-1.348292385470022614e+00
-8.259411327936413416e-01
7.224840320702801932e+01
-2.872198839173889340e+01
-2.898371407068015770e+01
5.608846573199411267e+00
-1.848490518279087880e+01
-6.188650035247417946e+01
-6.163205564387019564e+01
4.185265715427274813e+01
-2.541390024086332966e-01
9.558795843850599605e-02
9.647776800243779149e-02
-2.431922586281229717e-02
6.123534407126503265e-02
2.129306737959380802e-01
2.120504818957822946e-01
-1.471882340822081026e-01
1.794151661831900002e+00
1.253950670562200775e+00
1.207811920593926835e+00
1.389762697404417491e+00
7.414646773603321417e-02
-3.142153264852548311e+00
-2.616994259591918670e+00
-2.018187964849957328e-02
2.970485320213229197e-01
1.494254827336983504e-01
5.339172964777496588e-01
3.006551694858248247e-01
5.638143360981491981e+01
1.963170423387398955e+01
5.562877322929393387e+01
5.667410821731295556e+01
3.931763810448521212e+01
3.962322807707613492e+01
1.100987015005704883e+01
3.921175919867526716e+01
8.831213297565259523e+00
3.066644994241502165e+00
8.709271523733605136e+00
8.877082378314995026e+00
6.163449804059067283e+00
6.206058812265392355e+00
1.720184364047146364e+00
6.146840523025234759e+00
9.675637936789729387e-01
2.936631350428060561e-01
2.652890665199179598e-01
1.404276584864031951e+00
4.671949110166086216e-03
-2.115523120028306725e-01
-3.698262494220202340e-02
-1.707530226549158064e-02
-4.332740875672927428e-01
-2.706065116486097155e-01
-2.740255898909134125e-01
-4.456512911636077434e-01
6.792061559971687146e-01
-4.612163846996551464e-01
2.037203637495968445e-01
6.820102019913910629e-01
3.194246835978767907e-01
-6.178921278814434453e-02
-7.961773405401136872e-01
3.165403306766876868e-01
-4.217377120775712918e+00
2.863822042289530856e+00
-1.264953230940657924e+00
-4.234788215318691762e+00
-1.983392189593153665e+00
3.836710929934599723e-01
4.943688727782910242e+00
-1.965482462523337803e+00
4.662080945968861911e+00
1.417452316465517281e+00
1.280998528079198229e+00
6.765653489089777928e+00
-1.026661197349482135e+00
2.242669686809834612e-02
-8.196979036714098499e-02
-1.879439975453238432e-01
-1.302218433889680282e+00
-2.084819620532527118e+00
-2.144391266131494334e+00
-1.317476724606470029e+00
-8.266131542278841948e+01
1.217276588422307384e+02
1.222302041491595332e+02
3.650946303254336556e+01
-1.107686722587605743e+01
5.724552668371275388e+01
5.672859787154476408e+01
-1.426945861633743675e+02
-1.248140900815779908e+01
1.838009908132558934e+01
1.845598032982738701e+01
5.512637755006081441e+00
-1.672659427964141354e+00
8.643629352212599315e+00
8.565576664980305566e+00
-2.154610768569366641e+01
1.389717512297893531e+00
-5.791368366140676294e+00
-2.259402679765207811e+00
2.548962022941281824e-01
-6.175922874924227202e+00
3.452940798052183347e+00
1.290907191947874288e+00
-3.812798744303597775e+00
1.401779724726720078e+00
-8.727988652084716081e-01
-9.719159439362342612e-01
2.634161426664590078e+00
1.709938338285915682e+00
-9.972528812935765874e-02
1.882310623197651855e+00
-3.459560285581539940e-01
3.970660451555493964e+00
3.831376891150494735e-01
-1.183584426482801044e+00
2.413661025259875359e+00
-2.974440070595204766e+00
-2.190988389438958350e+00
2.868753996895087255e+00
2.344168384509226044e+00
-7.591888950219937149e-01
1.237412039057001617e-01
1.007073430146504078e+00
6.976444258313589941e-01
-6.413991733624235803e-01
-7.887471948278408362e-01
-1.469566277220802597e+01
-2.783624839763144010e+00
-3.079913929544852547e+00
-1.012668601322365447e+01
1.779249889151464925e-01
4.122232475737935831e-01
2.233042759290212231e+00
-4.867937509641573346e-02
4.527350484835649169e+00
2.827919047548176579e+00
2.860565298285170144e+00
4.656721263878564443e+00
-2.010346642312228838e+01
5.056808993881176661e+01
3.925424860986933329e+00
-2.028665555177538948e+01
-4.331591851625159251e+01
-1.293821407007691526e+01
2.929350677734379360e+01
-4.313782659146897203e+01
-3.242743738621889804e+01
8.156769764231162867e+01
6.331814879755220282e+00
-3.272292641969350058e+01
-6.986975058530323679e+01
-2.086969082214492488e+01
4.725121924052630362e+01
-6.958248348540142558e+01
-3.274219265627122510e+00
-2.359447101435319549e+00
-2.268058682017727534e+00
-2.549836663335535381e+00
-1.430650477711335189e-01
5.967411455070804394e+00
4.950791746361207224e+00
3.882561291896253347e-02
-6.095001706303985189e-01
-3.125824216094659214e-01
-1.044719996599872802e+00
-6.176277877072670064e-01
-1.865772628842793424e+01
-6.474777598670531376e+00
-1.839962554872245448e+01
-1.875460927366199826e+01
-1.302211541327150890e+01
-1.311164847396070066e+01
-3.630883515456691857e+00
-1.298702454774525705e+01
-3.348520932577243059e+01
-1.164142727302241198e+01
-3.303074699375068946e+01
-3.365905600514315665e+01
-2.336012822584846660e+01
-2.353205105460516577e+01
-6.528504202512304566e+00
-2.329720210361773880e+01
2.579509721176829751e-01
2.237533881081546494e-01
5.165512472620568118e-01
-8.767248308678647906e-01
-1.958014974976470590e+00
-2.129315318859702488e-01
3.282002197059689652e-01
-9.660569944455786873e-01
-1.122798933458018844e+00
-8.677490467082216163e-01
2.277078611620443893e-01
3.379532674223604816e-01
5.226287826553550175e+00
9.899555603767402623e-01
1.095326077430083922e+00
3.601401396595265592e+00
-1.466074996939269182e-01
-6.327610160658925231e-02
1.731202002527170575e-02
-7.941525432465114109e-01
-1.005705143980824223e+00
-1.610081204078566586e+00
-1.656089903247615513e+00
-1.017314462881315107e+00
-2.770412445039120986e+00
1.101384332235591845e+00
1.111420493182306846e+00
-2.150573378524792412e-01
7.088303150181091139e-01
2.373096694329432932e+00
2.363339788180609968e+00
-1.604867731441835810e+00
3.040191300828508503e+01
-1.208635436469034197e+01
-1.219648903771152071e+01
2.359994431260202585e+00
-7.778551079763741605e+00
-2.604185373076254351e+01
-2.593478353574188588e+01
1.761147486348691160e+01
8.442159991119682516e+00
1.599100036697389760e+00
1.769307903172588237e+00
5.817438073581983282e+00
-1.022116713056149123e-01
-2.368149200593103465e-01
-1.282812400942316522e+00
2.796459453358060565e-02
-2.600807548085797283e+00
-1.624542565697919549e+00
-1.643295903945124481e+00
-2.675126633128948939e+00
-2.530650164989911133e+01
6.365575920061063186e+01
4.941374522269111225e+00
-2.553710247478549533e+01
-5.452663352443727973e+01
-1.628679002504456719e+01
3.687504147401670451e+01
-5.430244912701992632e+01
2.606220158453242508e+00
-6.555664256167705872e+00
-5.088934192751720653e-01
2.629968858854792035e+00
5.615490288686197928e+00
1.677314429057539469e+00
-3.797620110731959375e+00
5.592402391464235123e+00
1.486665623861797680e+00
2.072936052672869511e+00
1.613238583260552472e+00
1.429396018554436321e+00
-3.753461734769101277e+00
8.984865470303804447e-02
-2.437495032242704973e-02
-3.115644957744118315e+00
6.546535848040676564e-01
3.843458839596521903e-01
3.793488757178499204e-01
1.941397700171499374e-01
-2.527594486937377383e+01
-2.575728538046767468e+01
-2.562424875877671937e+01
-8.907241794484837882e+00
-4.995165131644639267e+00
-1.782862117019932668e+01
-1.787677796816165809e+01
-1.800765799771509279e+01
2.227448491752863191e+00
2.269884560017595643e+00
2.258160418323118979e+00
7.849293321709172044e-01
4.401905296344512664e-01
1.571184860656855031e+00
1.575428835019552887e+00
1.586940019555141079e+00
3.147942093140494002e+00
5.962799412970201107e-01
6.597474762104095225e-01
2.169226933154762449e+00
-8.831097611691277049e-02
-3.811284396528340918e-02
1.042748004336149954e-02
-4.783445864422181115e-01
-6.057640665097252519e-01
-9.697964088664771110e-01
-9.975087279558720876e-01
-6.127560557416569242e-01
-2.141525556029964861e+00
8.513686890742486746e-01
8.591266290834037589e-01
-1.662391549029094140e-01
5.479249273470090387e-01
1.834400859530157968e+00
1.826858782850461438e+00
-1.240560865023938364e+00
1.677403348663263927e+01
-6.668557749605205309e+00
-6.729323751118773345e+00
1.302109700088749822e+00
-4.291758748197855411e+00
-1.436840261321094481e+01
-1.430932741503136008e+01
9.717002644773245379e+00
1.187218756336011261e+00
1.655759584311784938e+00
1.288502447070244861e+00
1.141511976742543233e+00
-2.997342279190800873e+00
7.173435939951795792e-02
-1.946282633877099641e-02
-2.488097836456943934e+00
5.226264294253714082e-01
3.067275433504003668e-01
3.027423051948500143e-01
1.549044705983316783e-01
-1.917912420743691015e+01
-1.954433388999423471e+01
-1.944338731723383162e+01
-6.758774919620145205e+00
-3.790309396602407066e+00
-1.352812234549945813e+01
-1.356466301986290546e+01
-1.366400657642794236e+01
2.123316643809176174e+00
2.163749397481041559e+00
2.152573617796645689e+00
7.482618627163203362e-01
4.196240607485922647e-01
1.497696347043332210e+00
1.501741760927564284e+00
1.512739467958169381e+00
1.238375898365192018e+00
6.537760658171241523e+00
4.505129413092948454e+00
1.370187581655563758e+00
-7.915413834695571305e-02
-1.834075303174787230e-01
-9.934435015301414929e-01
2.165616920144650126e-02
-2.071662391768255507e+00
-1.272594044836486527e+00
-1.258072837490878504e+00
-2.014108439844987331e+00
-1.789546965987580762e+01
3.462734964610704402e+00
4.460763346489471104e+01
-1.773387301559369433e+01
-3.805317504271442175e+01
2.584068361975989347e+01
-1.141318820522187494e+01
-3.821027528871738355e+01
2.221682229597508051e+00
-4.298907446092509743e-01
-5.537937173757250697e+00
2.201620370371621949e+00
4.724215928861776881e+00
-3.208062640786051745e+00
1.416921595152806690e+00
4.743719570380078743e+00
2.124737613602146968e+00
4.024654519754241599e-01
4.453035654705264634e-01
1.464143190392151794e+00
-5.960592764496163570e-02
-2.572469275705258074e-02
7.038145001770293105e-03
-3.228634628748511259e-01
-4.088671002665535958e-01
-6.545747324190034355e-01
-6.732794655921062743e-01
-4.135864840814746923e-01
-9.329624911529161846e-01
3.709015041925065037e-01
3.742812756827723075e-01
-7.242262331172816259e-02
2.387052545889575828e-01
7.991626288066181472e-01
7.958768988656348409e-01
-5.404543278891797975e-01
7.875711220816440594e+00
-3.131008122412975325e+00
-3.159538855961791626e+00
6.113639862702767713e-01
-2.015058128690366601e+00
-6.746224143028798359e+00
-6.718487272135899246e+00
4.562307975783649994e+00
7.192532998224719920e-01
1.003086988730168105e+00
7.806014111842024539e-01
6.915608457772792761e-01
-1.815885563037561878e+00
4.345998334974956329e-02
-1.179132259223106272e-02
-1.507363283140894072e+00
3.166338225752148294e-01
1.858379759619814831e-01
1.834232571698313496e-01
9.385443263893292198e-02
-2.212078741221808187e+01
-2.254200985562782122e+01
-2.242558028162357431e+01
-7.795429965075827639e+00
-4.371663845905765733e+00
-1.560303923107864321e+01
-1.564518443602596243e+01
-1.575976828974724775e+01
1.173978213781348368e+00
1.196333120657538274e+00
1.190154054753122637e+00
4.137131550199841246e-01
2.320096319220140424e-01
8.280732455400570124e-01
8.303099457188904964e-01
8.363909330723806601e-01
9.542511956163118869e-01
5.037782483321967320e+00
3.471503902912469908e+00
1.055820959360527223e+00
-6.099360472122319909e-02
-1.413264913589703242e-01
-7.655137734903946223e-01
1.668753979954822400e-02
-1.596354991128285050e+00
-9.806193139432490824e-01
-9.694295899757258139e-01
-1.552005808224591332e+00
-2.797609994109649989e+01
5.413315284385796566e+00
6.973539312731486461e+01
-2.772347489372528528e+01
-5.948876717372122869e+01
4.039690274806466874e+01
-1.784230869291907595e+01
-5.973436297346443524e+01
4.177787175110302953e-01
-8.083928508260146417e-02
-1.041387583371496728e+00
4.140061627757341545e-01
8.883704630197364338e-01
-6.032637236542707226e-01
2.664466047367111678e-01
8.920380470814616158e-01
5.667273551116228880e+00
1.073488749402236264e+00
1.187750056891278216e+00
3.905282206609076212e+00
-6.861499428266398803e-02
-1.589859747090051345e-01
-8.611679124327796808e-01
1.877271317473779358e-02
-1.745935093623576906e+00
-1.090563666873041626e+00
-1.103151570074897947e+00
-1.795825883217003760e+00
4.444328467380266545e+01
-1.117922605473024902e+02
-8.678043179467911372e+00
4.484826590141203440e+01
9.575968772364771553e+01
2.860286481103280920e+01
-6.475995724396108244e+01
9.536597502765609136e+01
7.585324079963426058e+00
-1.908005972346567702e+01
-1.481118472214324466e+00
7.654443945433993868e+00
1.634371245310325804e+01
4.881772371225046925e+00
-1.105285684227697018e+01
1.627651583576451344e+01
9.083398934561238702e-01
1.272482978071835857e+00
9.895655184850543629e-01
8.735751251638679271e-01
-2.289745850756081058e+00
5.470484451372547435e-02
-1.484133075523546771e-02
-1.901701327072032432e+00
3.977337395386233987e-01
2.318718333978636581e-01
2.288950982988280647e-01
1.168567036375338514e-01
5.527058691343543773e-01
5.615557198780278814e-01
5.586608334485989591e-01
1.981499643840317904e-01
1.111809910402091900e-01
3.866893284932526043e-01
3.877295522209223688e-01
3.926863496922248231e-01
-1.332259383552261589e+01
-1.357611470754907934e+01
-1.350599457468199383e+01
-4.695257186734184351e+00
-2.633098016244650452e+00
-9.396861346291929706e+00
-9.422242684649610567e+00
-9.491461421765087891e+00
-2.142996917411425173e+00
-4.061175834361702708e-01
-4.493069864610527153e-01
-1.476756813698204107e+00
6.077779116993925479e-02
2.592568927885889260e-02
-7.093072818858725363e-03
3.261395673065868861e-01
4.122771140723771044e-01
6.600210526968740554e-01
6.788824492104172936e-01
4.169550232577717841e-01
-8.297207481269566642e+00
3.298579706488863117e+00
3.328637388878317616e+00
-6.440792892099116429e-01
2.122904304274148668e+00
7.107276076607481841e+00
7.078054757087393511e+00
-4.806475888024952958e+00
1.522364953200490811e+00
-6.052672950503322769e-01
-6.107825180278034782e-01
1.181359073930602493e-01
-3.895411500293605722e-01
-1.304077991336100695e+00
-1.298716360292725858e+00
8.818885984613507034e-01
-1.199475709866921314e+00
-2.272033731781166188e-01
-2.513867239086198246e-01
-8.265510924756275246e-01
3.364929742725895206e-02
1.452233062260158657e-02
-3.973235738107342048e-03
1.822657671582362249e-01
2.308172745160487760e-01
3.695263212872986758e-01
3.800856828531642417e-01
2.334814990607746998e-01
-7.190053716230665692e+00
2.858423316300827910e+00
2.884470171121617188e+00
-5.581387862331989025e-01
1.839627657787602066e+00
6.158899508890370633e+00
6.133577403235547010e+00
-4.165114552343052168e+00
1.238164580056168473e+00
-4.922353357478762015e-01
-4.967207393810973981e-01
9.611439679601227470e-02
-3.167934338550819073e-01
-1.060594471891582735e+00
-1.056233873827656877e+00
7.172543508189312966e-01
1.395539488470586953e+00
1.946168224462458296e+00
1.514515664924805050e+00
1.341806155312618598e+00
-3.523346816082812971e+00
8.432624757963953777e-02
-2.287898830638504175e-02
-2.924709875385105295e+00
6.143829448629595236e-01
3.606148259212674789e-01
3.559285944046634564e-01
1.821259355557743598e-01
3.276551459055699667e+01
3.338943130538417847e+01
3.321697476097323687e+01
1.154666659339792645e+01
6.475351021720315181e+00
2.311136228423928785e+01
2.317378813678612204e+01
2.334351312226740660e+01
5.012013501705006036e+00
5.107451718680037445e+00
5.081071710069034353e+00
1.766248537958811093e+00
9.905091779281856024e-01
3.535255511197947786e+00
3.544804552161189282e+00
3.570766598330465502e+00
-1.496724898422937544e+00
-7.901665909398650989e+00
-5.444987787540711111e+00
-1.656035133264210035e+00
9.566730084861563288e-02
2.216681371330439243e-01
1.200693950871126070e+00
-2.617408655247104032e-02
2.503852347415980617e+00
1.538082659972497712e+00
1.520531819102588056e+00
2.434291499805899317e+00
-1.365038438571062862e+01
2.641320076364568337e+00
3.402600517872316743e+01
-1.352712099269504087e+01
-2.902636680105380051e+01
1.971086933718918743e+01
-8.705801469813748028e+00
-2.914620041178082488e+01
-2.475401662719300333e+01
4.789849079745296834e+00
6.170377874726970191e+01
-2.453048709175952524e+01
-5.263728449818983535e+01
3.574428188410431773e+01
-1.578736160443989078e+01
-5.285459436351077045e+01
2.319656491652798191e+00
4.393867907825407815e-01
4.861547793012435670e-01
1.598460554139917500e+00
-6.507411671278799659e-02
-2.808461887770737422e-02
7.683808770184740074e-03
-3.524823178762608866e-01
-4.463756815292517777e-01
-7.146239977550311595e-01
-7.350446626624203006e-01
-4.515280029361991021e-01
-1.039553606089316684e+00
4.132770607099889859e-01
4.170429716372184292e-01
-8.069691977643618508e-02
2.659773683189288196e-01
8.904670878263982736e-01
8.868059627105983056e-01
-6.022013219303303799e-01
2.301408556122796867e+01
-9.149305605749933790e+00
-9.232676964171922407e+00
1.786503173462699046e+00
-5.888321560317744563e+00
-1.971354399489944953e+01
-1.963249242990098153e+01
1.333179228738617184e+01
6.681640249110572860e+00
1.265628974481182611e+00
1.400341538837817534e+00
4.604275854491060471e+00
-8.089616738597860124e-02
-1.874423392147987755e-01
-1.015305521264905808e+00
2.213277962416163730e-02
-2.058434291084418444e+00
-1.285760081467529181e+00
-1.300601053834493648e+00
-2.117254869493672587e+00
-2.577765038139438403e+01
6.484088268644131858e+01
5.033371514208567099e+00
-2.601254446208537985e+01
-5.554179374655331003e+01
-1.659001251632757601e+01
3.756156973548139888e+01
-5.531343555245346977e+01
8.485643399424914746e-01
-2.134471528786340055e+00
-1.656915783030473432e-01
8.562967258498421774e-01
1.828358475362404478e+00
5.461201006400672187e-01
-1.236474549006663537e+00
1.820841241736535387e+00
-1.868397833200088343e+00
-1.339787926851639721e+00
-1.288200441559191889e+00
-1.453997013282644524e+00
-8.095810846696349650e-02
3.382602803859696916e+00
2.807875366106571402e+00
2.196516275569736568e-02
-3.417196185042686296e-01
-1.748563137105425269e-01
-5.898464914710067619e-01
-3.462189089437236467e-01
-9.533978546269562315e+00
-3.314138482843711486e+00
-9.404399655980549610e+00
-9.583477244775858495e+00
-6.651370551854190794e+00
-6.700084957848009282e+00
-1.858563226782881772e+00
-6.633453002604539073e+00
-2.782355419481255510e+01
-9.671840522376548677e+00
-2.744539708083328833e+01
-2.796800907290452187e+01
-1.941107417529349988e+01
-1.955324067542047572e+01
-5.423951734724366425e+00
-1.935878436997553820e+01
