-7.297095641170742771e-04
1.330896812235656812e-01
-2.174032643324592950e-02
2.288944444444964126e-03
4.490055555555932595e-03
3.990869242117371651e-02
-2.353765545492657839e-03
1.394935758019571299e-03
6.373976784378434547e-03
9.255651652379896788e-04
-1.301081520759837969e-03
-9.216666666659997429e-05
-1.488333333332225858e-04
2.563358867171626199e-01
3.447670389598534758e-03
6.426111111105497608e-04
1.303888888893610690e-04
-8.388718086369673088e-02
1.399245277563863519e-03
6.501111111115985292e-04
-5.921111111106492015e-04
-2.204524822897972660e-03
-3.307372554744918234e-04
1.793660233452404248e-06
5.333614782271332323e-04
1.799055555555367043e-03
2.809999999998692450e-04
-3.028772101937701397e-02
-4.095623568450845742e-02
2.457944444444986123e-03
-1.009000000000754302e-03
-3.191837553547482997e-02
-2.444690671225965145e-02
-1.889834652990729155e-04
4.315624049483130810e-04
-1.391666666662665726e-04
-1.583333333315214934e-05
1.646856297771665256e-01
3.664875943183069570e-03
-1.158555555555467430e-03
-1.187444444444423495e-03
-1.260990564481339954e-03
-6.436595083422691314e-03
1.758694444444197690e-03
1.054805555555296667e-03
9.327777777771253422e-04
-4.085277777774440127e-04
5.172222222209815409e-04
-1.747972222221462349e-03
3.185422784944754739e-04
1.474774170281327814e-04
-1.411111111090278905e-05
-3.188888888852221284e-05
-1.066653487931732948e-04
6.901837799475311896e-02
4.502777777696912609e-05
4.447222222164111676e-05
8.588888888871010305e-05
-2.470833333334756686e-04
4.811111111109216332e-05
-5.541666666664094476e-05
2.914717092747792782e-01
1.391625032736979644e-04
-2.967777777765223538e-04
-3.812222222206448972e-04
3.503820104877085687e-03
-1.672364548326011821e-02
1.349999999999065489e-03
1.019999999999523458e-03
3.869444444443954174e-04
-6.136666666658681423e-04
-5.719444444431938477e-04
5.196666666661880823e-04
-5.539223411596318897e-02
-4.708371489891157412e-03
-8.905555555649354331e-05
-2.794444444559034875e-05
-1.960526359224282677e-04
-5.347273724252517291e-02
5.729628634818046719e-03
1.006292396770381084e-02
4.693447943609089850e-04
-1.491340982908800862e-04
-1.573316760912251412e-05
-1.005515126029571989e-03
-8.054166666665731706e-04
9.791710533034609851e-03
-1.264184689167187738e-03
-1.144844745148224444e-02
6.129166666662320094e-04
7.967196315187831737e-03
-5.013300409979927659e-03
-5.815960072353696178e-04
1.331500000000273437e-03
2.982777777776336433e-04
-4.066388888889287904e-04
-1.154423771990389230e-01
-1.646952971246075023e-02
-1.490593110836020523e-02
2.141500000000681053e-03
2.727222222212829150e-04
-5.538611111109761074e-04
2.342062467306797388e-02
-1.546058452196511813e-02
-7.865247531915765464e-03
-2.325572541796983722e-02
-1.305444248644804274e-02
-1.142850425034394185e-05
-5.357614758073210018e-04
1.578553705598575996e-01
6.658419079628978381e-03
2.407225351627899010e-02
1.489769841527094482e-03
2.642235471400595712e-02
1.725347122768223704e-02
3.489615516652078836e-02
-2.487529754915740639e-03
4.163546951795160656e-02
2.304406186006256393e-02
-3.909131449516603345e-03
-2.158044785470069650e-03
-1.075989821255298046e-01
-7.785037027358217288e-02
-1.507886386507516479e-03
-5.723764294474570976e-05
1.093319725546840855e-03
1.430156784048964127e-03
1.843524756822869813e-03
4.360400693570512173e-03
1.716491687826442614e-03
4.347609858435402298e-04
-9.693526367277396916e-04
1.440744790142420339e-03
3.495804118474595823e-01
3.075200014096145587e-02
6.559529991583736008e-02
-4.129655782099904242e-03
-3.712385634403603772e-03
-9.845646325475710184e-03
-5.619533982662458689e-03
-1.126913645337882690e-04
1.824259204162689526e-03
2.500663270933308965e-03
1.106029592891260519e-03
2.095925691308291646e-03
8.472124112761340864e-02
5.730640438667779224e-02
1.414630514394952521e-01
-9.549297665872725008e-03
-1.407931157064695044e-02
-1.100574909622370479e-03
-1.603672684829311312e-03
1.384328902393232481e-02
-3.989761714371851259e-03
-1.413045412623655222e-03
8.885958620031321215e-04
2.480886398487028820e-03
2.230111769562419521e-01
1.290806433626470462e-01
-1.419499744390685311e-02
-6.769450785834713047e-04
-2.664973984646287763e-02
-1.526579624983160494e-02
7.004968270324308383e-03
1.306555182973834044e-02
-9.043089874431701342e-03
-2.187087059743071486e-03
1.196391088324675445e-04
-1.248199867515963112e-04
1.415240458917012365e-03
-1.014026982883500794e-02
-3.740956380288723045e-05
-2.109913403626420146e-04
1.234032933961815796e-03
-1.079244263303185498e-03
1.366221500912709677e-03
-1.283147587872557165e-03
1.419312613052598482e-01
-9.387548691275797788e-03
-2.408193851749786465e-02
3.943542641602179231e-04
1.763754610525889799e-03
-1.461188382638890088e-02
-3.508321016418138559e-03
-9.784874990553394779e-04
3.759273781828806598e-03
8.803287267356659949e-04
1.132122519951013831e-03
3.310568949458828677e-03
1.643089812208477262e-03
-4.305583786528190995e-10
2.326428718579771817e-03
-4.133635035375957676e-04
-1.315143069035137197e-02
8.112738264782056938e-03
9.605741805705116446e-03
1.813954772761321166e-02
-4.189512150625730909e-03
-3.748530220936090087e-03
4.108699863575047463e-04
2.942812005372813684e-03
1.275009094401125843e-02
6.951202548844022389e-03
9.193447918718018535e-04
1.594967638653553912e-02
-8.725575749179341131e-03
-3.145303239192343784e-03
1.343682123718511253e-03
2.044217210390566336e-02
-7.554501648282098414e-02
-5.040865595823747214e-02
-2.094593530468469940e-04
-1.165929022199345020e-03
3.577081679207678132e-03
-1.285746623235740037e-02
-4.938234728246292810e-04
-2.392083127953954433e-03
-1.103890015656067538e-03
5.021514587663968845e-04
4.639444694499275960e-04
-8.583142709175221353e-04
7.031221164117456429e-03
1.116855029630625575e-03
5.914422479891362451e-04
1.592988237558719917e-03
-9.051155768535948387e-03
-4.668716172135178172e-02
-1.170273244356990622e-01
1.680616947349988788e-02
1.011676535729181267e-03
9.944650108973556932e-03
1.203899755133628399e-03
8.454650446224572236e-03
2.809059341316699765e-03
-1.768890019436161840e-03
-3.208941000065482219e-03
1.873155359407895418e-02
3.669159167483438972e-04
-1.153380051110599984e-03
-1.129377095322852027e-03
2.383256476442790345e-02
3.131933003337184496e-01
8.068748995194953075e-03
8.038817875363674093e-03
1.718822084143811768e-03
1.443733648866242633e-03
-7.829588441642172658e-03
-1.093159727676447108e-03
2.284501342856455659e-06
-4.109686241134473915e-04
-1.997781715236280752e-04
-3.707899258800134495e-04
1.982174879033232826e-04
-3.331116563901611888e-03
-5.703883641760768529e-03
-6.073755730350137265e-03
-1.190082357424439513e-03
2.497654121709304720e-03
8.327911185824970336e-03
2.472831191654466590e-02
-1.658944970170016242e-03
-2.187686068598186477e-03
1.093970295424318701e-02
-1.063468768200068583e-03
5.267366386588766096e-03
-1.320236603102874088e-03
1.151947225592007268e-03
-2.297527918338434540e-03
2.218602033727889652e-02
-4.377963264113275536e-04
7.127555548424217109e-04
-1.316831902697844720e-04
1.463546543528663861e-02
5.391883835644006862e-02
3.727523593651673600e-02
9.269966797105144707e-02
-4.010932998100320314e-03
-6.161179511891360164e-03
2.917858740096663812e-03
7.760494149818783841e-03
1.087360828761548687e-02
-8.356293745226637008e-04
3.239144974303840522e-03
-1.441517392927347792e-03
1.311800609233468263e-03
-1.452852580982723005e-02
5.899708001650577930e-04
-1.086067179077585600e-04
1.309737556298755379e-02
1.583860438398422901e-02
2.890265554810066487e-02
4.596355058833553192e-02
-2.376078399326886706e-02
4.512101895346934399e-02
-1.154611184656048530e-03
8.366072569811907299e-04
-2.653902033180117158e-03
1.558072794299668849e-02
-5.745806929068305799e-03
-1.073005235432549290e-02
-2.127720002010512895e-02
1.362393865573596242e-02
-7.220309672430581110e-03
-1.683045198320891334e-02
-2.153371710743566883e-02
4.894261436069100545e-04
6.504066649441084431e-03
1.884328500088328778e-02
-1.269976632879470622e-02
-1.495222588839179023e-02
-2.813802006590200577e-02
4.953768065022056311e-05
-1.230837184863389333e-04
6.263189278261982636e-03
-6.745431763244963408e-03
-1.304886885864755576e-02
-1.589597860562705703e-02
1.469839712591172742e-01
8.706093276634310762e-02
-4.819718104195619759e-03
2.179702348992129668e-02
-1.843951550525688501e-02
-1.350445041310938208e-03
1.641661147863923351e-02
3.853995689638021332e-02
1.956000499613602117e-01
-2.973856325218696486e-02
-2.721923883921126622e-02
-1.147585022829819557e-02
-2.674657592018160612e-03
1.328490444592595777e-02
3.703997272089778331e-03
5.743497623693093884e-03
-6.583402366063835845e-03
-1.796228894775653284e-02
-3.408504575140978293e-02
4.890028291766183519e-03
