4.980000000001937087e-04
1.494194999999998164e-01
-3.525000000019261153e-05
3.586005463837695778e-02
-4.445145997676812066e-01
5.044999999996934532e-04
2.474999999987279788e-05
1.466460000000002761e-01
1.785000000000195989e-04
1.915000000001363311e-04
7.900000000013501962e-05
6.978462979125291859e-04
-1.075261641729130524e-02
-1.350000000017101036e-05
3.124999999991899042e-05
1.625000000001115840e-04
3.462500000000158702e-04
1.747500000001586922e-04
-2.466249999999084843e-04
1.250000000024991936e-05
-2.974999999988912485e-05
-7.249999999845663863e-06
-2.612500000001873781e-05
-2.215000000002644812e-04
-3.212500000000444817e-04
-3.824999999999149718e-05
-3.063749999999794611e-04
-9.975000000017573434e-05
2.318749999999086136e-04
-2.461250000001537186e-04
-8.418750000003344077e-05
8.507814744826431967e-05
-2.292739998878973260e-03
2.676414180389444491e-03
4.400236611193292019e-04
7.159959206269110761e-03
4.395961410048368836e-03
1.628488873521457755e-02
8.371955110826676330e-03
2.125052169062893737e-02
4.802422351774596741e-04
-4.299896308327165982e-03
2.538059831592426167e-04
3.374915974301032680e-03
1.126741918321435762e-02
2.913986296533746696e-03
-1.148546227657937279e-03
4.294615997438566701e-02
2.598881986328911015e-02
-3.134573895132493175e-03
-2.630989908818269149e-03
-2.123672975127812324e-03
-2.870936681492721669e-04
-3.763875137041796173e-04
2.596786809217756594e-05
-2.095954044717361284e-02
-1.077735390744531674e-02
1.141025178469718191e-04
-5.219603386132933530e-04
-1.489159086663306708e-02
-7.397165883499770556e-03
-6.932317521103736457e-04
-4.569784768403512091e-05
-1.036043780484193801e-02
1.252537177286089419e-04
-9.887432489510911224e-04
7.428094702974952928e-05
1.610443439099470790e-03
-1.667789510903509203e-04
4.150292124127626450e-04
-1.518675507240755567e-04
-6.182612951418776752e-04
-4.890393943780827618e-03
1.064003980106814498e-03
6.527021851586269421e-04
-2.667329010377079371e-03
-3.274216207582872698e-04
-2.018367128674270589e-04
3.014183154059882352e-01
-5.870090354743990810e-03
-5.611899333355403231e-03
8.348072808618028820e-05
7.358531865454190704e-03
-1.526521101246540533e-03
2.268294859963649029e-03
2.432828794388994242e-01
-2.260901252297492225e-01
2.719918095466482277e-02
-3.516742192423666924e-01
