5.498612506671012312e+01
6.406046007047298474e+01
4.142748295231764577e-01
9.434244911949893719e+01
1.272254983615865029e+02
5.395948079456055524e+01
6.454677336684626709e+01
7.737771491824163661e+01
1.288207418915656604e+02
4.262985270514123570e+00
2.839061162177588571e+01
4.968241254340287405e+00
1.315979306298312395e+02
-1.141194303885293593e+01
1.368312986784202856e+01
-3.831753935841978631e+01
1.281039357439406672e+02
4.633439420680947940e+00
1.836586800968479238e+01
1.922196214570321615e+01
3.110459670561480205e+00
1.455097205223149004e+01
5.832837962894762285e+01
4.642607195186250379e+01
1.515949167865893443e+01
-3.055180264661920830e+00
-6.139490005254977234e+00
1.800949033257863263e+00
-2.148568946012128666e+00
-1.807743821191380773e+00
-1.815493990316076056e+00
-7.361255649949765889e+00
-2.630737971693720034e+00
3.394259519258244762e+00
1.628783918349441945e-02
-2.021050122093204227e+00
-3.589966629449910851e+00
-2.182946269368724046e+00
2.460857503096666843e+00
-1.148179319551580813e+00
-1.035068089816422621e+00
-7.039558870818659386e+00
-5.138733178623983378e+00
6.870019321395739453e+00
1.290609599774405680e+01
2.070470520219125632e+01
3.172444623925080087e+00
-3.187361465963794771e+00
-3.524646555500945411e+00
3.123219510104590313e+01
7.068001634344260253e+01
1.947441731691016997e+01
4.059244662883186194e+00
-1.764839602128089524e+01
-7.126641592627592559e+01
-3.569652399081464011e+01
-8.529195728801672871e+00
3.213903957220750396e+00
-4.529564638058908344e+01
-4.085033959146785776e+01
-6.410133167712411151e+00
-3.301013530574805621e+00
-1.920213675247770269e+01
-2.136527325523625720e+01
-8.622106095431886885e+00
-2.497976514579836049e+00
-4.324686132353132706e+00
-1.609460785778432657e+00
-2.083417406381437575e-01
-5.042555901918229777e-01
1.595335045645579486e-01
1.759972095574670714e+00
-1.359307405065818930e+00
9.158862038501315306e-01
5.587520156725979403e-02
4.156364425262170093e-01
-3.057692428195668000e-01
-3.425085143384077213e+00
-1.428226871738987880e+00
-2.149618043290624669e+00
-2.840678954638029552e+00
-1.464323072989608399e+00
-2.597933055347739995e+00
-3.749417491927471424e-01
3.606383532394726726e-02
-1.478430082007016644e+01
-2.028577521793575400e+01
-6.898005949904484169e+01
-4.799931460619608714e+01
-3.280052205981924374e+01
-3.971916406750607109e+01
-1.653761612377873291e+01
-6.885383301174517356e+00
9.029772858812565417e+00
7.619082478901237465e+00
-1.513302281928086757e+01
-2.115130628116883571e+01
-1.049329685081327135e+01
-2.357623642194046099e+01
2.551484034793228273e-01
2.807886689435911975e+01
-9.317343123198005284e-01
-1.441075834785211285e+00
-4.315306707923361601e-02
-9.037889279655968444e-01
4.206263682488814992e-01
6.891469299411225879e-01
-7.811639175256203105e-01
4.427821561478125223e-01
3.048937209744450705e+00
5.356403698895238819e+00
6.721869497943536720e-01
-1.395606083178295043e+00
4.441945207239853310e+00
1.119467904525879520e+00
2.245358321625628317e+00
8.147205662789817282e+00
4.442619040990853030e+00
-2.683387367757498865e+00
-8.158485670265360312e+00
3.889987104819465191e+00
-3.582228219870817743e+00
3.313353641812425643e+00
3.867365921666091055e-01
3.104335634746340666e+00
-1.331271096465366632e+01
-3.150778877658233945e+00
-5.008875929131446192e+00
-8.720763675364212375e+00
-3.977683252051290363e+00
-2.963082855632883295e+01
-3.581728010362075310e+01
-9.827087310927273833e+00
-5.616241468291303995e+00
2.850206463004295365e+00
6.212300792344988665e+00
9.004870543296719987e+00
4.565053803678664757e+00
-1.350874068314917853e+00
3.982672107049447519e+00
1.222385357606234235e+00
2.628747271050739798e+01
2.567600047669358432e+01
8.440982159627971271e+00
2.741945588899697128e+01
2.569635390358211424e+01
-2.614247491743317386e+00
1.534189082188734510e+01
2.328662893819707946e+01
1.470440614133426305e+00
3.029780892946662529e+00
1.154288227218499996e+00
3.241169763897791434e+00
3.443228045798557790e+00
3.111838907182947089e+00
1.330273649204566588e+00
1.475650482333912272e+00
-1.140391145033390430e+01
-1.448469380718795829e+00
4.790378163623946861e+00
7.120202890202305568e+00
-1.876705602367746550e+01
-1.356365880935760382e+00
-5.781237015377290511e+00
-2.058963336019447254e+01
-5.100555488246280578e-02
-6.242320905135899656e-01
-9.886939124366724840e-01
-1.110587569337993408e+00
1.683416368735179081e+00
1.665614568704416820e+00
1.007616422537184420e+00
4.481582334423625191e+00
2.236684321112052842e+00
-1.187932565451528255e+00
-2.467386724929273023e-01
6.717771299677821162e+00
3.642337728417738063e+00
1.843518536468638169e+00
-2.696317297638241683e+00
4.265803254142621626e+00
-3.436515580113600521e+01
-4.111055765775343041e+00
-9.999505359164592377e+00
-4.134610577215295280e+01
-1.519762627740543515e+01
-3.520547312896401326e+00
-5.686910028710613574e+00
-1.301022286660658978e+01
8.263985506753815713e+00
-3.501542426180596301e+00
6.153287893745440051e+00
5.900050126302387454e+00
7.785190470782132888e-01
-3.250770878415220722e+00
5.345668223917503958e+00
-8.366983549816064958e-01
-3.968947131042667720e-01
-1.542915713142529732e+00
5.680658859507357050e-01
1.891429789400690620e+00
6.941919022340675705e-01
-1.076477109112624175e+00
-2.457403770431772827e+00
-1.888652418181062220e+00
1.056165257235900157e+01
-2.116846214868576048e+00
4.738164211132560588e+00
3.618346944930207254e+00
-1.960825203493957503e+00
-2.656320203523439893e+00
-3.622462205447765649e-01
5.429542823578338506e+00
-1.360496381848149205e+01
-6.937991944824196899e+00
-7.508901899118976431e+00
-3.802124942549608200e+00
1.577588649800681919e+00
-4.098045649698939918e+00
-1.033549366181107931e+00
1.673248936028130851e+00
3.174795962273113670e+00
-1.298219108633551055e+00
-7.753136113052114808e-01
3.185309884191765750e+00
1.096892971589875199e+00
-2.754528255257402414e-01
-1.973336153098063095e-01
1.190730605011836252e+00
2.310495130151187126e+00
4.584986072077584573e+00
3.399152062656900508e+00
-1.636207092639473837e+00
-1.457142783292074029e+00
-2.037055934656266665e+00
-4.092065886061710955e+00
7.396210711332490417e-01
-9.107894221514911237e+00
-2.514360532563798323e+00
-2.201597423610389015e+00
-1.169240286215681834e+01
-7.455134220986280980e+00
-1.936161101145622787e+00
-5.937319375171009606e-01
-5.352466966880671251e+00
-2.876099954919287605e+00
5.360610043488210907e-01
-1.137050547489759866e+00
-4.908347154189170780e+00
2.006869751010357916e+00
1.837151975962569017e-01
-6.305001298990991820e+00
-4.993440738070858309e+00
-1.215882989583974023e+02
1.684881716846932989e+02
1.679701149876254078e+02
9.675049729141481691e+01
1.234127243587310971e+02
1.947136649848585535e+02
1.950350378570575742e+02
-7.454865090187372800e+01
-5.874028124921293781e+00
2.465531089259931807e+00
1.607188055771250790e+00
-1.126647405258249357e+00
8.537727519421520750e-01
2.749693088832768861e+00
3.025598143302345111e+00
-3.305855581138624988e+00
7.777824102597550393e+01
2.167089161065544189e+01
1.257559426112602274e+01
3.156172463344780255e+01
7.762112842167283588e+01
1.790974253992919074e+01
1.947222044000515240e+01
6.550389692361885352e+01
4.710280670187038526e-02
-7.031675933041822701e-02
3.450247335689029526e+00
5.963923224696572323e-01
2.768124579458172696e-02
6.862066114597137334e-01
-1.528668897099139334e+00
2.217451721248275831e+00
1.928384071125027299e+00
3.557766905029915994e-01
-2.266259143331408599e-01
2.019416097309931768e+00
1.032181047473182067e+00
4.362436466884952457e-01
9.698154997261301258e-01
1.706267049206095621e+00
2.900197526350879684e+00
2.186570807812422412e+00
-4.838974258449436627e-01
3.506173219444487898e+00
7.845927145812174786e+01
5.848138432552048904e+00
4.311498749841479849e+00
7.533205178817776471e+01
-5.359724222630773971e-01
5.040648872085069065e+00
1.925570023116374330e+01
4.858823307404406044e+00
1.512010528020505085e+01
2.862304898152353005e-01
7.094149008056537323e-03
1.564761769927786794e+01
7.419040257908454672e-01
4.785768056582334395e+00
4.764400079848595482e+00
8.577530782679053667e-01
-6.342584939574532399e+01
-1.132253897302415737e+02
-1.127313760605395601e+02
9.315516093890558125e+01
6.153666952410782898e+01
-1.297252343371783923e+02
-1.300209727434587421e+02
-8.066641999259587692e+01
-4.194494079724936597e+00
-1.830961351580530660e+01
-1.809012634206287373e+01
3.972608975944446996e+01
2.848108966546599063e+01
-2.375081665619783067e+01
-2.384354162274441435e+01
-1.027130185153658104e+01
-7.398673786175821165e-01
-2.714356326439147926e-01
2.153633406308845810e-01
-9.318023937741315432e-01
9.022875669638524831e-01
-1.913631671128964151e-01
1.298204605735668871e+00
1.319503774305388788e+00
1.826121370303267044e+00
5.917724300484921152e-01
8.989557912967033326e-01
1.493836645593911605e+00
-8.927924362386850277e+00
-2.938202469770717418e+00
-7.056966599697704012e+00
-1.508894700956120793e+01
8.605261212407316895e-01
3.001046071575358631e+00
7.805689694911341014e+00
-1.494082510511861628e+01
-1.959483919795362294e-01
2.404250393820747789e+00
-1.793290331835026175e+00
-8.723691508564524355e+00
-2.469482450946709662e+01
-7.876290975724612231e+00
-1.073674977403596031e+01
-3.861376982963867732e+01
-3.478950486899275329e+00
-2.636804721923147632e+00
-2.334697604716688080e+00
-3.644842817457619955e+00
-1.386248227155968138e+01
-2.694781304661570953e-01
-7.019230523451474468e+00
-2.725557651395540759e+01
2.711864671173909447e-02
4.920774176341693451e-01
6.054689672218427875e-03
-9.157413428121896626e-01
-1.396217076765431830e+00
1.477738878470283623e+00
-6.663844167294353582e+00
-9.117893347222514322e+00
4.381462070670125719e-01
1.818518243096123088e+00
-2.843360408114740778e+00
-2.534784239012412232e+00
-8.083292123664319595e-01
-1.348187243694731530e+00
-7.203748897376253124e-01
-7.086930431803193375e-01
2.272538615721180655e+00
1.025644432176174625e+00
1.186558468952581658e+00
5.041563188381728899e+00
-1.292015481039173519e+00
-1.537556594943994215e+00
-3.090398557522891498e-01
3.222421837179348381e-01
-1.028107020272152106e+01
-1.203305919872638352e+00
4.524045593664915543e+00
-8.373424689894610751e+00
4.914618702883158718e+00
1.485623071495968173e+00
1.813967888086707614e+00
1.884751073297373569e+00
-1.022945456843916823e+01
3.660831156630329986e+00
7.721010781457336769e+00
-1.097435149096407336e+01
-5.969849575950980647e-01
1.652409183461020781e-01
3.078976507216960590e-01
-8.548216390447304081e-01
-1.692696283702028515e+00
2.613177973991345215e+00
1.709597241131831646e+00
-2.590324576935362000e+00
1.740211264392777790e-01
3.970640001891291293e-01
-9.399534903292393606e-01
-7.071988622905785782e+00
8.315997208436712862e-01
6.559159816993671566e-01
1.719023125172409294e+00
4.808422292872364778e+00
-1.506881609085540807e+00
-1.933119858274748415e+00
-3.832526472131787543e+00
-1.378685972990316255e+00
-2.047673888145428833e+00
-2.537204046573990457e+00
-5.404895065851831326e+00
-8.646478335559207196e+00
-9.410466849646956788e+00
-2.307051065938972023e+00
1.364314073804156369e+00
-4.655158640862321062e-02
-1.052255976369602131e+01
-2.514019983591854468e-02
-7.832651671581433717e-02
-1.058924711309058075e+01
-7.465579051208695027e-01
-3.222023596359819830e+00
-3.244760612689101986e+00
-5.293901001799977690e-01
-9.469920696784027925e+00
1.765955957414655586e+01
1.770176774651141471e+01
1.069757246615116308e+01
8.226709195176308498e+00
1.528798225819413581e+01
1.521130020120903126e+01
-1.401700300567920365e+01
1.044376562602830560e+01
-2.225716329159613593e+01
-2.230660324826906660e+01
-1.387396663871530222e+01
-1.106378905454859485e+01
-1.950123132698038120e+01
-1.941474030381397142e+01
1.561616261297349517e+01
-2.116259006967081024e+00
3.841978430316222992e-03
-9.845640508685957748e-01
-1.649140985875301890e+00
1.553421502194100690e+00
3.409408522617216164e+00
1.103063275434143842e+00
1.568244703186784994e+00
1.272686518834423852e-01
1.243107035849366104e+00
8.699156499860119851e+00
5.957266034259482090e+00
-8.430782136351028244e-01
8.084123618984299930e-02
-3.477191032534075354e+00
8.309962822237155322e+00
-8.307156399835728067e+00
-2.025819357476174698e+00
2.628474686746316014e+00
-6.054429602992902559e+00
-6.007782269295227628e-01
-1.104235089029113465e-01
4.331882700925331758e-02
-8.047018502098527426e-01
-5.731519217732162774e-01
-6.625398218645334181e-01
-7.500823462789513174e-01
-1.396432694914874650e+00
2.748492870307674707e+01
-5.144366393153608996e+00
-2.028095116929556685e+00
2.626606637279370560e+01
2.104724458826801869e-01
-3.917447912137219657e-01
-2.431047782978189797e+00
-5.474564419904035528e-01
-2.454820840561613288e-02
-2.874626748808000620e+00
-3.083006876600245860e+00
-1.105566650971498942e-02
-1.154131256497094693e+00
-2.318255967588653543e-01
-4.355557819423522825e-01
-1.136026523470041072e+00
-3.874680268998336174e+01
-2.432747444321990926e+01
2.171428226171540743e+01
-3.862148201494494515e+01
-4.311432782926487306e+01
1.402275250365169157e+01
-2.850391770498102773e+01
-4.319444504732953760e+01
-1.830041627824279971e+01
-1.647447201873641376e+01
-9.339200277131610051e+00
-1.833348077933734288e+01
-1.797601931992551627e+01
-7.286523632036876919e+00
-1.533624643761758044e+01
-1.797469193518319841e+01
3.294792218620338531e+01
3.325449716400366018e+00
1.032879524770219248e+01
4.045337540667838283e+01
-2.469220762011190562e+00
-1.791805940430455824e+00
-1.985496576213728215e+00
-6.588678017514286722e+00
2.050665699868768677e+00
-1.310993911593352124e+01
-5.522819027368570666e+00
-4.396488054725084638e+00
2.917149039675209465e+01
1.134617888510971728e-01
8.535824504842839389e+00
4.411800833652951326e+01
-4.830188383676406794e+00
-3.973744359991160380e+00
-3.492006688314047036e+00
-6.902528647599778466e+00
-1.717195350932923192e+00
-1.095263912408174889e+00
-7.132116569903186321e-01
-6.312671800821460621e+00
-3.460867054775145779e-01
-1.012338864764674273e+00
3.148826111848802567e-01
-9.057866124256073181e-01
-1.686275567019896782e+00
1.968329434082874529e+00
-1.632191721808805562e+00
9.144360223668849486e+00
-4.409374640462622175e-01
1.573119649079349980e+00
-5.714912678925161416e-01
-1.947486089625287242e+00
-2.713265790904513697e+00
-1.341929479043965756e+00
-1.227044076850700938e+00
-1.725674645406692687e+00
-5.986737914990455378e-01
-2.473223324971996817e+00
4.666464069983964347e-01
5.494914978482519086e-01
-3.239647193128718072e+00
-7.177434402728406077e-03
-2.156092014828963829e-02
-3.273005691996759392e+00
-1.475412392612308887e-01
-9.504137398395777758e-01
-9.450562005668391441e-01
-1.979808731433426727e-01
-1.780108132809790078e+01
-2.828265451044095258e+01
-2.822195219499408125e+01
1.244578335167561711e+01
1.871008583515579815e+01
-2.474664882509189567e+01
-2.485084494296101099e+01
-1.439774431256542897e+01
-9.700955284014436408e-01
-4.461037480955157841e-01
-4.518207082620007142e-01
-2.410501753519864288e+00
-3.311297709224028551e+00
-8.279763446764738521e-01
-8.121635440079673085e-01
-1.461641713649218577e+00
1.105711264135838201e+00
2.576829979846264163e+00
-3.195514367671357936e-02
1.508150876315869082e+00
-4.572265041537679764e+00
-7.555914442608870907e+00
-2.641710928876338293e+00
1.725135905992499108e+00
-9.988394118245956577e+00
4.377406395319790811e+00
4.934477521660967980e+00
-1.112281936043927644e+01
3.765598153424182026e+00
2.271311168122427393e+00
-5.310097821967006970e-01
2.106180311251238280e+00
2.143374618678444143e+00
4.640970039749968912e+00
-8.065605770075414682e+00
4.139261350943572282e+00
-2.788748226712952860e+00
1.722582276968470660e+00
6.830076082831862294e+00
-2.629314416334345594e+00
-1.984551008352790857e+00
3.288893588497513454e-01
4.590880425429886280e-01
-1.828154952649772236e+00
2.727011821065715491e+00
-5.665253437761151645e+00
-1.232701785222255042e+00
6.820109810103257786e+00
1.019336443023863614e+00
5.807464568617014544e-01
-1.663389995705135460e+00
2.449239895495767705e+00
1.389695415390030109e-01
2.937959663115476405e-01
-3.887305688601427334e-01
-1.616204741356509489e+00
-1.423091669024218429e-02
-2.018736315651030289e+00
-2.022499226955980500e+00
-4.965063818341147045e-03
-6.194756477220009216e-01
-1.517623038956006087e-01
-1.030867362359480510e-01
-6.242972045677033233e-01
7.746734928895716576e-01
-5.601437195417463544e-01
4.570709820378472399e-01
7.778099816066152972e-01
8.821181758863603228e-01
5.596794196918908337e-01
-3.712532838644675981e-01
8.802682378406653241e-01
-1.070094993643533599e+01
7.839528577962428635e+00
-6.288366471925028733e+00
-1.074477570164106766e+01
-1.219809254758501815e+01
-7.721429440259563570e+00
5.201529569764694827e+00
-1.217233774473449159e+01
1.473567324020824687e-01
2.867846877680340079e-01
-3.721859744334711784e-01
-1.546520749555900354e+00
-1.942102472074000108e+00
-1.360510101182569632e-02
-4.727188859891761318e-03
-1.943488615469568526e+00
-1.432796133496389290e-01
-5.926019077743167607e-01
-5.971011793795666378e-01
-9.806410812917543129e-02
2.081628226445011620e+01
-2.812190049290241944e+01
-2.823812344913824290e+01
-1.647241536348865054e+01
-2.027140635842597760e+01
-3.208356803568775462e+01
-3.201546348475569914e+01
1.382327663689990338e+01
-1.214188766573553346e+00
1.506407065936152589e+00
1.513118640992854536e+00
8.577089748142904257e-01
1.076451099960771485e+00
1.731213994956167346e+00
1.727370780019923613e+00
-8.116399801489164734e-01
-1.347451367114672026e-02
-1.330657835341793327e-01
2.067819232667547635e-01
8.635193896285338067e-01
7.655139482178556672e-03
1.034606098177372591e+00
1.045976668796259945e+00
2.753379898262715755e-03
3.316740878645809132e-01
8.928177446379249871e-02
5.752089007661662784e-02
3.347337209211310727e-01
5.007047564690653152e-01
-3.638958559704960072e-01
2.949639542713009543e-01
5.027410762370259079e-01
5.703860033012962960e-01
3.615687983583560361e-01
-2.412858649372802700e-01
5.691866666000942043e-01
-2.956995822439535959e-01
2.154775264650971578e-01
-1.740533624366833176e-01
-2.969049722920160672e-01
-3.369237677940219999e-01
-2.134760345840930884e-01
1.429066216700576875e-01
-3.362143523718600924e-01
-6.653190307160191663e-01
-2.762329954620192485e+00
2.989218291832967389e-01
5.262929441567696376e-01
-3.491725049469921238e+00
-8.384376780328165607e-03
-2.427045493727969863e-02
-3.494750385225341205e+00
-1.737222283372915621e-01
-1.065823946350398010e+00
-1.058071723581359924e+00
-2.511023970796804616e-01
2.844581948582280617e+01
4.501698160478139954e+01
4.492144890143289615e+01
-1.938554650674733537e+01
-2.919366698461240262e+01
3.945999979070808195e+01
3.962300636210500215e+01
2.311750945940556434e+01
4.435211430150589607e+00
7.019684180674205187e+00
7.004782889064081530e+00
-3.024618968939770891e+00
-4.554711016983087113e+00
6.152867132286490737e+00
6.178297143435401928e+00
3.603979877776946950e+00
-1.001584299463234976e-13
2.495183364374008890e-14
1.944120386956442070e+00
4.201017339261918337e+00
-5.617378657091105509e-01
-1.020034041924423818e+00
-6.828411209110649693e+00
-2.215830697556473883e+00
1.660837947161489525e-01
-5.591122069387131077e+00
3.862402476649328786e+00
-9.826394685755562852e-01
1.153577034500632159e+01
1.869789815507226649e+01
-1.832609781217624301e+00
4.535332972766151549e+00
4.797207331252343998e+00
-1.577216167537733416e+00
-4.053294271900379719e+00
-4.529150151926882195e+00
-2.518015639098197411e+01
7.005004015704645148e+00
-2.811348781424663912e+01
-9.783143137078713636e+00
-6.421878846167520951e-14
2.381413623327461521e-13
-3.264835755349345003e+00
-8.747428992965859962e-01
1.972357586197988621e-01
-2.236913528766484582e-01
-9.390784893016498325e-01
6.579792407080431005e+00
-4.144487891301629841e-13
1.106204484386870209e-13
-1.843211155990404038e+01
-7.086835535501212036e+00
-8.111061598783912530e+00
6.695072092671773945e+00
4.131025740959540116e+01
1.587485271219058447e+01
8.214335369889282090e-02
-4.807137251564456371e+00
4.743759732309896116e+00
-8.918642258489115626e-01
-4.152965424231020997e+00
8.431218309169974390e+00
-6.004351200162317603e+00
-1.028260163066659416e+01
9.480717873735009960e+00
-6.868863177697426270e-01
-2.066442047667923276e+00
-5.936643183843995253e+00
-3.819836169413860283e+00
9.370566637022239576e+00
-1.458734998940538752e+01
1.625489149866767846e+01
-3.224915261610316407e-13
-3.047395861296962638e-14
-4.997980669297493073e+00
1.675141905053081359e+00
-4.827456356472673571e-01
1.867363064349954749e-01
-2.721022570353608838e+00
9.764899916964489890e+00
-3.774705769886630535e-12
2.077688369164204505e-12
1.002827767057136121e+01
1.750611863334439633e+01
-1.587241400299083516e+01
8.790817575693489871e+00
5.806966883984562955e+00
-3.085019080414359038e+01
1.170784771249413769e-01
-6.202411591068298646e-01
1.835789799938552028e-02
5.083681194442456253e+00
-7.563458074007692877e-01
-4.147479070668492196e-01
-7.599833813082106815e+00
3.967956641249972827e-01
7.434791073881489298e-01
-3.449262289277318633e-14
-8.976295746663811581e-01
-3.586474411459964356e-14
-7.890361823816371079e+00
1.170126028175453969e+00
1.170765444098414498e+01
3.167018609860085210e+00
-7.619157047623957846e-01
-9.166185863917406529e-01
-4.022025321155933142e-01
5.900861587795579455e-01
9.547898006019640837e-02
-5.252733806232572356e+00
5.749357185786108104e-01
1.575250613585617021e+00
-2.166047187016085562e+00
-3.383010598453351392e+00
3.537279179455651512e+00
1.515831447017658151e-01
-3.536743703967392682e-01
-2.594356363036884439e+00
-6.266393014535744044e+00
-1.499381869295644432e+00
-9.170188501148066607e-01
-7.571267610326851027e+00
2.567624213524072552e+00
-3.688394738706429754e-01
1.274307961445059689e+01
3.884647042250119142e+00
-1.528869795156508671e+00
2.759340837885080888e-01
-6.581508205476428230e+00
-2.718318888741622974e+00
5.724096930896306334e-01
-1.812714158920791796e-01
3.059121292420680316e+00
-7.694673292976426993e+00
1.930771555268914863e+00
-2.210210319748911467e-01
1.337585041518896745e+01
4.302651094165561574e+00
-1.186266014371050392e+00
1.634399627888271922e-01
-7.860548523954491884e+00
-4.520289533921380887e+00
7.292396589767234927e-01
-7.692122195042809529e-02
2.343337671013168588e+00
1.682315585676568137e+00
-2.824546467118016491e-01
-7.661294804457668972e-01
1.658945942614701852e-01
9.901829364734447692e-02
-7.607577557195675799e-02
-6.016716560480681597e-01
-3.140745507507981815e-02
-4.923853241186711971e-01
-2.787125724073836741e-01
2.586887575692708108e+00
6.230446070484388921e-01
3.271904412840727083e+00
2.273002031770079631e-02
7.853890494680972056e-03
3.269259732871620194e+00
1.627378998934490284e-01
9.981545868773645802e-01
9.908849887022930236e-01
2.353193491804426996e-01
-6.788423270712087287e+00
-1.163534038012746130e+01
-1.158747216567506300e+01
8.572988172456835088e+00
5.692756326904079067e+00
-1.319126218126847938e+01
-1.321931592843523795e+01
-8.353123617083570096e+00
-1.955231401029326932e+01
-3.351247005103088128e+01
-3.337460018947462004e+01
2.469184855608764906e+01
1.639621061060664786e+01
-3.799384383638281548e+01
-3.807464444754040045e+01
-2.405896059878762117e+01
