5.135000000000014770e-04
1.499590000000000090e-01
1.117500000000166754e-04
8.872107591331174214e-02
3.565363096823061500e-03
1.013000000000022997e-03
1.749999999985049207e-06
2.972094999999997378e-01
3.774999999995139665e-05
1.232499999999706595e-04
-1.749999999994137023e-05
-2.351156301948688788e-03
-5.190220996133290384e-04
5.054999999999725512e-04
5.499999999988420917e-06
1.498754999999999393e-01
2.267500000000445429e-04
-1.274999999999657213e-04
1.003749999999973847e-04
1.014499999999982213e-03
-5.749999999998399112e-06
5.000000000148667820e-07
8.375000000011077780e-06
2.971564999999999346e-01
-2.999999999987751302e-05
5.650000000010185178e-05
-2.496250000000941726e-04
1.569999999999954949e-04
-7.625000000016937958e-06
1.437499999999077591e-04
-6.036709350079272340e-03
-1.887956243041625549e-03
-1.010887752206585241e-03
2.014938767001988804e-03
-2.096212707545500509e-04
1.193508217785976128e-01
-3.454917171030079392e-02
2.989702102214144056e-04
4.338026141837374346e-03
1.530300548752232259e-02
-3.287481250118743509e-04
-1.928910690597449929e-03
-5.238546756790334784e-05
2.792532615217215852e-01
-2.326154482241740706e-02
1.305670614039252482e-03
4.197751609993146272e-05
-5.709062293974033475e-03
1.724115683224829165e-02
7.519787286357319800e-04
1.256485689495576846e-03
1.156314693239589297e-03
1.017640822575189015e-05
-3.229258028754989290e-05
-7.768123695432399100e-05
1.200101943925270254e-01
-3.453955402303314492e-02
2.172145623895721856e-05
-4.183453835583620262e-04
-6.666852153955155557e-05
2.223783657344670893e-03
-6.440343738716669498e-04
2.384595019527708214e-03
8.728441598956405284e-03
8.734671678972996374e-04
1.767666460449881713e-04
2.141970671313712720e-04
-1.112705049955776135e-03
-1.884152013922748095e-04
-2.097872312244815807e-04
-5.309258161775539525e-02
2.792844086098724143e-01
-2.349090726955194511e-02
7.790305318399470011e-05
-3.194344309214874222e-05
7.179100056765879865e-04
3.895074556383250667e-04
-2.161745826799013929e-04
-2.302311493486688173e-03
-2.731900231102817218e-03
1.307540635521771064e-02
-1.314926176062481062e-04
3.089753727100544040e-04
9.972582583119295706e-04
2.637965161257886529e-04
-2.737446954119107656e-03
9.962416802204221433e-03
1.021847391679884219e-02
4.713588432839950840e-03
