5.034999999999828025e-04
1.495029999999998582e-01
2.092500000000183677e-04
5.776899502665586855e-02
-9.920118975244385587e-03
9.930000000001196550e-04
-1.275000000000325589e-05
2.964265000000000372e-01
-1.932499999999627929e-04
3.212500000000139615e-04
1.862500000000226604e-04
8.202149438091840090e-04
4.718785725740105678e-03
5.200000000000062428e-04
7.749999999993239321e-06
1.497455000000000869e-01
2.402500000000163294e-04
1.672499999999969096e-04
-1.607500000000006005e-04
9.914999999999730886e-04
-2.750000000000680943e-06
-2.824999999998415598e-05
1.850000000000959763e-05
2.964689999999999270e-01
5.025000000005997841e-05
5.775000000011850434e-05
1.904999999998348715e-04
3.147500000000707241e-04
-5.375000000001810486e-05
-1.197500000001098537e-04
1.421314055452199861e-02
-5.688185680212824768e-04
-4.642319097726978856e-04
3.990411041607012672e-04
8.880686815093754855e-05
2.873022576368593900e-02
-5.384106412349608933e-02
2.469246852734391373e-03
2.851593897710592417e-03
2.253772286324731006e-02
1.531371220872445888e-03
-6.709307299803415892e-03
-2.938489060199275219e-04
2.174469455115404237e-01
-3.403889089933116036e-02
-1.656022417588855905e-02
-6.281192976028293455e-03
4.080777453947325578e-02
2.787149751089444336e-02
-5.156097740944940930e-03
-3.053795824444896674e-03
3.156311144941113225e-04
-1.124926435621737599e-04
4.050828288217369185e-05
-1.193474139896222541e-04
2.738337096118284922e-02
-5.427939624942108160e-02
3.828831685172814957e-04
-9.766805410034037037e-04
2.004677446539870032e-03
1.195897753412620071e-03
-3.257425531059518400e-04
-1.560848511649017088e-04
1.501330880317921189e-02
4.885175804374603014e-04
-1.051190407742627988e-04
1.938873609955212249e-05
-4.441251768367933742e-03
-4.652934018362066759e-05
-4.405143726507584814e-05
-3.432642238020651437e-02
2.057640192296040504e-01
-4.038137864614681910e-02
2.104243775897565163e-04
-5.783054016905802940e-05
-1.550771633803227183e-02
-7.086795927676532714e-03
-2.730631240022309055e-05
5.986856572085854852e-03
3.609517613027438815e-02
2.341703493883959611e-02
2.420405868328159632e-04
-2.566985478880343726e-03
-5.636281023005808993e-03
-2.471517573491750080e-03
-7.434204806046222419e-04
2.747958778156241264e-03
-2.401002592420318008e-02
2.120595425760408125e-03
