3.871788686659942691e+00
3.799305222608729338e+01
-2.274889823717793011e-02
5.273621889009815211e-01
1.310824695616914539e+02
1.935381273310250450e+01
4.155510623252694558e+01
1.448998192983303568e+01
1.407550747128463229e+02
-3.917767881616862624e+00
1.051028986244201491e+01
-1.426734193105356674e+01
1.395120177995364941e+02
-3.263456644417708219e+00
8.083239572093232184e+00
-1.874805258017067544e+01
1.508717046282076524e+02
1.430610982309677048e+01
2.517848460104932240e+00
3.427046747053124065e+00
1.265034383311294697e+01
2.418512399068518803e+01
5.081744554434061811e+00
5.357549868178280938e+00
3.156693731507362344e+01
-4.308178017514662783e-01
-1.163748786354282494e+01
-1.117393952291216586e+01
5.131853885100019080e-02
9.773505596716642874e-01
-2.291067595358603626e+01
-2.801666571972722863e+01
4.702846846938469466e-02
-2.046252717170929381e-01
-8.636455941241669154e-02
-3.804792883964130956e-01
-4.047194739260696617e-01
7.144597228546794021e-01
8.765169950928481946e-01
4.942969127851370437e-01
4.211750963699992939e-02
-4.433011629959989541e+00
1.581674029831857009e+00
-3.394116545289861619e+00
-4.711069849666071896e+00
-4.748065142916836900e-01
-1.724708793050940603e+00
1.020932021110272592e+00
-7.776031332546982089e-01
2.698591661187828095e+01
8.976051026371751007e+00
8.778030718094813167e+00
3.413493133172651284e+01
1.115119927945645806e+01
2.939023657262916256e+00
3.141367262631193036e+00
9.567425409737099429e+00
-1.003744521148377089e+01
-2.584359704872395636e+00
-1.804756556359117692e+00
-1.228742146979308103e+01
-1.343868524978942247e+01
-5.889396238957328222e+00
-4.858904491871696152e+00
-1.101886684961552554e+01
-2.810031049679445836e+00
-3.382707331730878675e+00
-6.216873893535673767e-01
-1.572431142535649418e+00
-2.072766426282374452e-01
-7.949218750004206913e-02
-8.681625257485957314e-02
-3.267255587276510775e-01
2.670160424526677012e+00
9.631603088261986301e-01
1.202744438380532799e+00
2.911866046067629554e+00
8.996370260793394635e+00
1.103559427275948024e-01
9.552560450004253523e-02
1.286540470450748863e+01
4.679286858974974983e+00
-1.090597336690658281e+00
6.630322802227470724e-01
9.043660332724543505e-01
-1.072090181897901928e+01
3.604445174933276069e-02
2.202288333701037937e-01
-1.005278143034495564e+01
-2.556862408424776412e+00
-8.806423611122078388e-01
5.771806318682533021e-01
-4.473476610196101433e+00
-8.067908653870961219e-03
-1.669170673082568529e-02
3.991028502758531965e-02
1.746641054258250225e+00
-1.236369861463407771e+00
-1.698247753011514552e-02
2.094099675358668255e-02
-1.074664658149232732e+00
-4.246040982495787736e-02
-3.465088840179308960e-02
-6.425240597862565128e-02
3.970324935140616407e-02
1.619215348777191466e+01
1.424473386491788318e+01
2.077838834779700505e+01
-1.828435393048054891e+01
-1.774334914960531151e+01
1.942122974416798797e+01
1.006025389580145379e+01
2.134335475896741485e+01
3.011854969596571063e+00
1.894623565487149497e+00
1.908140237781810189e+00
8.760587958187361579e+00
2.806377959586750848e+00
4.249774675496968968e+00
4.184424040490445584e+00
4.320347796746800029e+00
2.529484714003991552e+00
1.680282297830349991e+00
1.801937869822550775e+00
3.843539201183614029e+00
-4.683994676886701224e-13
2.963763861463883777e-13
-2.633601329878745346e-13
-7.537014867237722388e-13
-5.946526750492902025e-01
-1.836446005919062027e-02
1.358287105522628657e-01
-7.374451429980454220e-01
-1.665098408503951536e-13
4.212991438135421453e-14
-7.541385716261816980e-15
-7.417867045770740174e-14
-1.907079104344914677e+00
-3.643440616098598817e-01
2.294115932972093804e-13
-4.152235924306097406e-13
-7.158843037752122829e-01
-1.422058627136928433e+00
1.238602327560219931e-14
1.779978463647542076e-13
6.473688828716533950e-01
2.019571466773291690e-01
1.307634614100065429e+00
7.986437345078568617e-01
-5.729224222103800557e+00
6.295585744333563882e-01
1.292202579447734756e+00
-7.423164586308645063e+00
1.265677586196094317e+01
-1.620226745900704979e-01
6.712796386769225299e-01
1.199704919465021646e+01
-5.324062285394910443e-01
-6.901143732761697569e-01
-4.604212326772769703e-01
8.245513675111265650e-01
-2.089685794327849422e+01
2.455669905896021987e+01
2.531892732377582078e+01
2.621033170642422405e+01
2.546722136487055010e+01
3.026262930580666222e+01
2.942240604788374725e+01
-2.373852040391209073e+01
8.765981407694441785e+00
-2.267994344933020601e-01
-2.575327257957490956e-01
-1.041448785191126047e+00
-2.509946899452161873e+00
-3.879107421137789613e-01
-5.196542841367242094e-01
4.645690776684332057e+00
-1.604404601325055468e+00
2.918501268819133632e-01
-2.227918875302855817e+00
-2.488280285710628148e-01
-5.244782335054389399e+00
-4.256517790135977940e-03
1.573082019322476488e-01
-2.613300377678841269e+00
9.815072428655260417e-01
3.437179381775037901e-02
2.020675498217907873e-01
-9.133046837016576269e-01
2.976645825512566623e-01
2.034334138515458412e-01
2.070541406931926676e-01
2.789350474255046564e+00
2.167330499807830879e+00
2.632014747902958196e-01
4.119779321612629386e-01
-3.316700467051089674e-01
2.310977423363877736e-01
-4.376469630030770386e-01
-5.321961417684630824e-01
-2.843323034641795477e+00
3.365704719559633462e-01
-8.303340009425065338e-01
-3.734161151789485711e-01
-4.120001137954770742e-01
-2.679779408871371338e+00
-8.825480056076873581e+00
-1.042386850498648698e+01
-2.420339625996114297e+00
3.299917742023253719e+00
1.190891723345420955e-01
2.189863435386045221e-01
6.258442076674099575e+00
-9.537355407405625485e-01
-8.901245857305903897e-01
-1.030688222001490129e+00
2.663999118145972123e-01
3.483467846354378850e+01
4.447021671628880313e+01
4.423630357691720150e+01
-4.032585968473935623e+01
-2.119133271323240919e+01
8.170755139680524337e+01
8.194397476814754100e+01
6.043343577112359100e+01
-2.215759194527266551e+00
-1.795445209975599754e+00
-1.723218490877827191e+00
8.545838362429227786e+00
5.491546857243161384e+00
-1.913700076845259224e+00
-1.723556609159229147e+00
-3.401466410264387452e+00
1.537409855769434452e+00
-4.638588408121406270e-01
-2.975925742712592010e-13
-6.872722407520805085e-13
2.571585305720139325e-01
-3.054240631156933394e-02
-5.887450690334501691e-02
4.718071992107789742e-02
1.838936318260107213e-13
-1.753815461911708026e-13
4.342069157292387536e-13
1.144040187536615210e-13
8.228621178500868938e-01
-4.755300789463588859e-04
9.833579881605453848e-03
9.302209689349764110e-01
5.055355722935713665e-14
-8.095535569521474736e-14
-6.293514206755531074e-15
3.699305072651724866e-14
-1.115379050926060822e+00
-1.654925658830144197e-01
9.969775392815493582e-14
-4.194815576024434676e-13
-7.901006690071473715e-01
-1.392958892958198192e-01
-1.419906771469211793e-01
-1.848090277778240198e+00
-4.315988128686152336e+00
-1.015843285571630616e+01
-1.089506144168226243e+01
-4.290863704072290119e+00
9.172712947776833659e+00
9.390535218489347302e-02
2.230753333593703813e-01
7.867166756575743491e+00
1.655659237395313177e+00
4.434918113429231923e+00
4.062180796308673791e+00
1.384391789566649544e+00
1.150066897886898261e+02
2.600819579456475594e+02
2.597611860196302018e+02
2.865971526959868143e+01
-4.222421779647193318e+01
1.197912771706697157e+02
1.203143105449721872e+02
4.141461005812357143e+01
-1.088353146998155996e+00
1.365579069829097048e+00
1.448962089690264410e+00
1.136991058783129915e+01
3.662149786029050613e+00
-7.039056025311306364e+00
-6.644188398322839362e+00
-7.813042078194622597e+00
-7.100168934557275768e-02
6.121382659909410662e-02
1.090479424118191654e+00
2.092243799465333787e+00
-7.798811431624072199e+00
1.817662227817237852e+00
-1.105053800370529027e+00
-1.507276722119821111e+00
1.331749847372846740e-01
-8.205350783455203634e-02
-1.080713268209236577e-01
4.778009895202381951e-01
4.261437347374728901e+00
1.467737268519303973e+00
-9.619677197815965641e-01
7.455794350325429143e+00
-3.525998740840290135e-02
2.829169528394013047e-02
-2.911068423763796265e+00
-6.651714171261756403e-02
-2.390946855278930361e+00
-8.517855705911678288e-02
9.343797462599339951e-03
-3.855269188253475310e+00
-1.845685404339764135e-01
-3.064564842209422865e-02
-1.132119082836105343e-02
1.158129930965441819e-02
7.839925942489200411e-15
-6.630692453771990034e-14
-3.186733309213662001e-14
-3.567597470988936356e-14
-8.342011834319847940e-01
-1.101775147928535092e-01
-2.662475345153320072e-02
-8.939447731755090221e-01
-2.452458172269057341e-13
-2.596687549124402982e-13
1.300278407856182577e-13
6.756772615756327990e-14
3.288723068019880458e+00
7.116664440883053722e-01
-6.988986572788865778e-14
-1.019208972057033749e-13
3.726351050568905143e-01
-1.396350827991601706e+00
-3.109586642992201748e-13
4.868144515184899097e-13
5.247646937064869288e-01
3.688296782277113994e-01
-1.044443030228525915e+00
1.075905323367200461e+00
-1.344200721153487432e+00
-2.951505742521770781e+00
-4.725431400947947029e-14
1.526335907378205942e-13
5.239278229783412844e-01
-4.606847879687412523e-02
-2.946930473378150603e-02
9.361344304734401378e-01
7.146402941598432197e-14
4.420751442908616100e-14
-2.387683859143362013e-14
1.869570907829692307e-14
-4.357421104535376122e-01
-1.746129191320717755e-01
1.838338264299935187e-01
-2.666633382642866312e+00
7.265880031385234188e-14
1.749246558394644285e-13
-3.988563820066630716e-13
-3.884100363165393381e-13
-7.148493144586542947e-01
2.737157229355935764e-02
3.387159539760390289e-13
2.746703470077144531e-13
1.759366893354712857e+00
3.174954480466828377e-01
6.755619052718531137e-02
1.422218205096852817e+00
-1.907075113052619786e+00
-6.999040431221367764e-02
-3.065360478841129277e-01
-2.407313509715914179e+00
-4.641448003734436889e-01
-2.760137169785704669e-01
-6.746800063024377403e-01
-2.040997443830792346e-01
1.109839227354201974e+01
-1.469916615889138001e+01
-1.479892318265644136e+01
-1.231875408971724362e+01
-1.737470874425090628e+01
-2.230278221955059692e+01
-2.221761125700614059e+01
7.655146878863789084e+00
2.781237900873581470e+00
-1.039401135658304121e+01
-1.043364796220896729e+01
-8.642656867472563675e+00
-8.919330875880936205e+00
-1.222139990994531722e+01
-1.193676029998926147e+01
4.190270593130162702e+00
-1.751538643136640161e+01
-2.731218324768738714e+00
-3.302000408839246948e+00
-1.472424029269034484e+01
-1.100515578234943836e+00
-2.229073135546085993e+00
-1.988857743989330240e+00
-1.256367829926600121e+00
1.240882604304909265e+01
5.721222548134771380e+00
6.057571777900457199e+00
8.721849463756822018e+00
1.027438221250267425e+01
4.211421788702830682e+00
2.098905300226364457e+00
9.918440865189914746e+00
-5.588616877270154160e-02
5.435740506108920345e-01
1.149131028370265839e-03
-1.448997095708201739e-02
6.641456655557149702e-01
2.163108988825933332e-01
-1.230202981811664986e-01
-7.366334872259905353e-02
7.319524686330376451e-01
-1.001846387911864839e-01
1.172488265482384412e-01
1.471519550608713756e+00
-3.700840931328579053e+00
-3.170180845938670888e+00
-1.161688842641262376e+00
-9.262277334849934318e-01
-7.373363494802577023e+00
-2.195102443725961139e-01
-6.276825675795431048e-01
-7.826812762413972280e+00
-1.189596170136608455e+00
-2.361354240087788270e+00
-2.857746116847834639e+00
-1.233271717846704529e+00
-8.235143232306569860e-01
-2.114165883709145533e+02
-2.118132500438032935e+02
-1.020563069056667018e+02
-5.876186269055369138e+01
-1.243362444888543479e+02
-1.239798606721825962e+02
4.269500625906513847e+01
7.861489355061267226e+00
-8.281403857148858094e+01
-8.302309453606410727e+01
-4.302613862438309411e+01
-3.175225178920474534e+01
-5.761535003840347002e+01
-5.752292532337739317e+01
1.990516634121154738e+01
2.668267284736212108e+00
6.506661516858556205e+00
8.286522355023020481e+00
4.327043314175986310e+00
1.291821127353298904e+00
2.583573058821188040e-01
9.512860126549896322e-02
9.849077779126127474e-01
3.653812046839232663e-01
4.825111124034934806e-01
3.957683202172446735e-01
2.392595489722021129e-01
9.606480689561600173e+00
1.927898715263441787e+01
1.923355152973666549e+01
-6.636031604091408909e+00
-7.918739200446048843e-01
3.112721189213827699e+01
3.119161696626668601e+01
1.535105027984058168e+01
-1.210827947825439921e+01
-2.441832563450045512e+01
-2.436031843760439131e+01
8.404167812890690925e+00
8.998345489968102573e-01
-3.962415307117863961e+01
-3.970543309241814711e+01
-1.949729278806183075e+01
4.561378900248367785e+00
1.582923606725005650e+00
2.257567736877509113e+00
5.124149442922596442e+00
-1.087025515509305179e-02
-1.412355673061421291e+00
-1.440310629447859148e+00
2.857883743098298904e-03
-3.355511052594358223e-01
-1.782027458626581351e-01
-7.016539688139891706e-02
-4.393682379094103752e-01
-3.451858190884288291e+01
1.190631119280567951e+01
-1.696084335812852473e+01
-3.460230506824986918e+01
-5.692944084393594295e+01
-2.780926284604338505e+01
9.306615449872817081e-01
-5.681524332768563568e+01
-4.134524536744933698e+00
1.449063756283624826e+00
-3.858888730178394511e+00
-4.129278806808773794e+00
-6.184679288460562807e-01
-1.637124179477206010e+00
3.323712110674582387e+00
-5.956447092123511311e-01
1.025504160577952906e+00
3.367136625786841364e+00
3.190246636959018112e+00
1.120174995201054458e+00
-2.431469436343789425e+00
-8.761551107918606751e-02
-3.183308305140326866e-02
-2.413210587487629510e+00
-2.598086942545898559e-01
-7.931496154077514182e-01
-6.765285451955965756e-01
-3.023908190942066754e-01
-1.317720881503892727e+01
-1.819676700155077853e+01
-1.819539838568148582e+01
6.333854146519793282e+00
8.012697673647609875e+00
-1.553661931138250019e+01
-1.561849445904238465e+01
-1.069180021047063356e+01
-1.592970261402195942e-01
-1.888361059468116054e-01
-1.394019089880528806e-01
1.823646367497678764e-02
-3.415189858788775790e-01
-2.149849777680533369e-02
-1.918250036496567737e-02
-2.987891804802890183e-01
8.082558063173422847e-01
1.628807533668305663e+00
1.329361228498622483e+00
5.155749393724216034e-01
1.292724467754336956e-02
-1.066061620047324340e-02
3.145484598959159134e-02
3.265184606491988717e-02
2.066211514885551645e-02
4.223322750907581441e-02
1.328610723116767714e-02
2.090319854220408502e-02
2.183983725316988700e+00
1.070898380544352380e+00
-4.568828337668482537e-02
2.179537737715815382e+00
1.335600024803933250e+00
-4.607487697971819895e-01
6.617779622090508296e-01
1.338796642954236171e+00
-1.750349414676489701e+01
-8.582351685049111722e+00
3.653136659874544057e-01
-1.746786743165354849e+01
-1.070317318786790217e+01
3.692322380293167061e+00
-5.302861628392324000e+00
-1.072879424020022476e+01
1.776051443078114467e+00
7.177311579486223003e-01
1.163779232548743936e+00
2.254290231884040541e+00
6.233698024556147410e-02
2.837937093866536031e-01
2.107117663131237162e-01
2.376950148455580364e-02
9.414047810853003184e-02
5.248421912126444155e-02
9.092145720594925484e-02
1.088194209582717675e-01
-2.671359784155895767e+01
9.215385857133910008e+00
-1.322544257429272818e+01
-2.677763083797881194e+01
-4.371930929590777026e+01
-2.142938965608399471e+01
8.945884033410078651e-01
-4.363043918123677400e+01
2.742318686904340552e+00
-9.451970874424195923e-01
1.294035324915482121e+00
2.749456880051103447e+00
4.704057493054341066e+00
2.259026994328660276e+00
2.036624077073213163e-02
4.695255029637711353e+00
7.358085234380790096e-01
2.041512487515483532e+00
2.043529562059357207e+00
6.128498067927011794e-01
-2.031123074440726109e-02
-1.387376677775237432e+00
-1.432208590885461819e+00
-6.759859746756061161e-02
-4.653245385676531010e-01
-1.452076538709727860e-01
-1.955627479912365740e-01
-3.678055928992576273e-01
-1.642711091502229337e+01
-1.152426183656266723e+01
9.012501647671887994e+00
-1.633719974488908733e+01
-1.985330766371168210e+01
6.909973396874773854e+00
-1.456205128182830677e+01
-1.985859774651204290e+01
8.940143251889672849e-01
6.195243623327538751e-01
-4.982451365105670660e-01
8.890673248857843269e-01
1.076258346007557654e+00
-3.753541925471513552e-01
7.876623679694069180e-01
1.075300190515304344e+00
9.464511060473554949e-01
1.899289580988015258e+00
1.544498567826246616e+00
6.015591399121885674e-01
7.423244805501125719e-03
1.559157058544803111e-02
3.958394161581764437e-02
5.783516002574614484e-02
5.210580222151144081e-02
3.115758032368663721e-02
3.011671332358309416e-02
1.849486063563435256e-02
-2.436361295962024798e+01
-4.969462408981389245e+01
-4.959352031919183190e+01
1.030269495640591559e+00
1.048022513625703667e+01
-3.037984560292465375e+01
-3.045260170088818796e+01
-1.504785851086804627e+01
1.220675832996372279e+00
2.492260113707580160e+00
2.487209060154103035e+00
-4.868332024809943898e-02
-5.244122204135934773e-01
1.520215433875479860e+00
1.523870623432456606e+00
7.513700204869945276e-01
-6.835781736156877342e-01
-1.395155883075016368e+00
-1.151008530381922856e+00
-4.408094110663048903e-01
-9.935625578070591407e-03
5.275189406497075850e-02
1.953996767299608431e-02
-2.465066912322988815e-02
-2.177585770166798069e-03
-2.989295282284262084e-02
-4.783714727360502232e-03
-5.288547552478852810e-03
1.164749499786973619e+00
5.711202526057717055e-01
-2.435361512625844674e-02
1.162378473575577997e+00
7.122801852423702451e-01
-2.457188490605355657e-01
3.529216451860341941e-01
7.139850138758889742e-01
-6.114778047450643017e-01
-2.998285512363451089e-01
1.278059693811895922e-02
-6.102330786748977332e-01
-3.739321617572113343e-01
1.289972101952455430e-01
-1.852738882255320352e-01
-3.748271838974564507e-01
2.713856485796428686e-01
6.935689350466907044e-01
8.562726106492778433e-01
4.286424421396528017e-01
1.858508773751828269e-02
3.643115759984819069e-02
1.306582585604950872e-02
7.282661742885877115e-03
1.750518620369050093e-02
2.489098070572945756e-02
9.807968030106513010e-03
1.638877697495148486e-02
5.739867920447205840e-01
2.836385548100314180e-01
-1.975369786234403013e-01
5.726155217478933190e-01
9.347362198505703157e-01
-1.943405015254098811e-02
4.592104623420890097e-01
9.366419204151307243e-01
-5.841659175287876593e+00
-2.886662937491908831e+00
2.010400774822360237e+00
-5.827703084911320275e+00
-9.513207508642848254e+00
1.977460646445239334e-01
-4.673562748114626686e+00
-9.532602355181476028e+00
3.601828485367806643e+00
1.078013945926449280e+00
1.269768214565834441e+00
3.559742027350390803e+00
-1.184909800453609607e-01
-2.573152258967053907e+00
-2.499903301449257764e+00
-3.657330656616453179e-02
-6.693397281228197215e-01
-3.471451648897038167e-01
-2.644631075298538581e-01
-8.369142514470245819e-01
2.776390281754312639e+01
-9.663420882889637298e+00
2.038549939815441903e+01
2.777130557807535283e+01
2.290106811121957620e+01
1.609749794829533087e+01
-1.263891919242581530e+01
2.277523748927899305e+01
4.334623856697854549e+00
-1.508701278100283760e+00
3.181451930299953546e+00
4.335756937422964086e+00
3.579501285919624909e+00
2.514167747741251180e+00
-1.971427817283695871e+00
3.559860037617276873e+00
1.437679067281809830e+00
2.874029320950910904e+00
2.329385828622976717e+00
9.107946514929643467e-01
3.868832391530852705e-02
2.430914147763019173e-02
6.198687318014415443e-02
1.167737210727248232e-01
8.280110710496299542e-02
5.691690582679155563e-02
5.351374387372060532e-02
3.213859338964619033e-02
3.207266572686660311e+01
6.541850229096769453e+01
6.528540565455482181e+01
-1.356658900039183546e+00
-1.379643331718303045e+01
3.999278858953316984e+01
4.008856459170065278e+01
1.980959645320103846e+01
5.126177446342631505e+00
1.045590612004101416e+01
1.043463362859532495e+01
-2.167624832010718317e-01
-2.205068756557118537e+00
6.392004896947407033e+00
6.407313030318590563e+00
3.166106552960313625e+00
-1.168738098870868436e+00
-3.291604785029208280e+00
-3.337366373914704365e+00
-9.959057156677958433e-01
3.454148149528844108e-02
2.337930052942834624e+00
2.407783417353693167e+00
1.117810386076322632e-01
7.833661569005404557e-01
2.483485847861145734e-01
3.252124263684326166e-01
6.263583997080415244e-01
-6.743461156315471605e+00
-4.736215169531311275e+00
3.712078000747160988e+00
-6.706471432682173273e+00
-8.164497644943145005e+00
2.841678324069480954e+00
-5.992094418133371292e+00
-8.166695130639393341e+00
-1.939213732918841160e+01
-1.362626497710253659e+01
1.069058542389415933e+01
-1.928566337649379392e+01
-2.349650596657205526e+01
8.178084195243856769e+00
-1.724893249148211183e+01
-2.350279557330786773e+01
-8.970519459004792084e-01
-4.485281099687700168e-01
-2.842614147461806073e-01
-7.273460092815099420e-01
-7.560728963236186193e-03
-1.105046403037914481e-02
-3.535548925418262323e-02
-1.926960150917183048e-02
-1.640641997299405186e-02
-9.876192772570928022e-03
-2.569654357309082704e-02
-1.740037267418085079e-02
1.664533904311898294e+00
-3.459208358195078187e-02
8.177340849376648624e-01
1.667927386565386083e+00
1.022111269992887594e+00
5.050732949334022504e-01
-3.517584364057065871e-01
1.019669344791206189e+00
-7.229894122161438785e-01
1.505005093261328405e-02
-3.551924532603248919e-01
-7.244635325678149274e-01
-4.439818169065608555e-01
-2.194060085619739253e-01
1.527960569740854091e-01
-4.429212210086471702e-01
-2.101961278613213580e+00
-8.216956565513269251e-01
-1.296804829142139903e+00
-2.592955107372262091e+00
-5.582131255879133058e-02
-1.039050332087191886e-01
-3.354541517720529414e-02
-2.189632003118278936e-02
-4.788707565916738851e-02
-2.878994917433500694e-02
-7.450757457126419570e-02
-5.086690871681796844e-02
-1.211021258309884452e+01
4.177696662168328245e+00
-5.998540195250252616e+00
-1.213921452188467320e+01
-1.980937688846005429e+01
-9.711922646281157867e+00
4.108064768814562173e-01
-1.976907391776729384e+01
-3.398167587156575564e+01
1.172276151337834271e+01
-1.683211230814101356e+01
-3.406305630902744497e+01
-5.558579481963065660e+01
-2.725199051736642630e+01
1.152738605777772207e+00
-5.547270328420201935e+01
