2.681758701017424329e+01
5.065111483712493623e+01
-2.274889823722452131e-02
2.504487236369535097e+01
1.291342191044102492e+02
3.173417653362058033e+01
5.093522741910086893e+01
3.051066563006139631e+01
1.354589228492600057e+02
-5.799085996353436023e+00
9.544637898953807209e+00
-1.614412788080187511e+01
1.396591899112603699e+02
-4.538478922856189257e+00
7.393953412502666467e+00
-2.002055285129431539e+01
1.513114442466233527e+02
1.377222015543799927e+01
3.512390197060851982e+00
3.399487651973875479e+00
1.162391699128347078e+01
2.405859262137712662e+01
5.115162395731230660e+00
5.333154549145847412e+00
3.152390214697785709e+01
-7.837178639164417149e-01
-1.153788696354321708e+01
-1.105875260236880031e+01
-5.627141292704657127e-01
9.777286144599038886e-01
-2.291330316596118877e+01
-2.801802046804964874e+01
4.795894215147602363e-02
-3.201945354287275558e-01
-7.695593813610972223e-02
-3.877088378458257156e-01
-1.730706942778776014e+00
7.146385856471978437e-01
8.776790416039037535e-01
4.945164025556795795e-01
4.239717927130985664e-02
-8.005995290444344548e+00
3.101320216555000897e+00
-6.269440140102138237e+00
-8.907785492994955590e+00
-7.650207742742724193e+00
-5.599146404074409666e+00
1.543257861931203179e+00
-7.407155600307354426e+00
2.698591661187803936e+01
8.976051026371431263e+00
8.778030718094996132e+00
3.413493133172610783e+01
1.256689920347447753e+01
6.096941293364039893e+00
3.846658540239565660e+00
9.945811183101847419e+00
-1.003744521148358970e+01
-2.584359704872671859e+00
-1.804756556359309538e+00
-1.228742146979383953e+01
-1.408133889757273671e+01
-6.452561116588345413e+00
-5.382789586193237774e+00
-1.134850863596749448e+01
-2.810031049679448500e+00
-3.382707331730787637e+00
-5.644320052294540258e-01
-1.470787390082749058e+00
-2.072766426281508478e-01
-7.949218750002023937e-02
1.388034123585372426e-01
-3.040990501925013301e-01
2.661062900041168522e+00
9.902731179010474394e-01
1.009924153184838191e+00
2.614625866086486283e+00
8.996370260793241869e+00
1.103559427277796545e-01
9.552560450035305073e-02
1.286540470450726126e+01
4.679286858976841046e+00
-1.090597336688934549e+00
6.630322802207032629e-01
9.043660332699955395e-01
-1.072090181897863737e+01
3.604445174977304045e-02
2.202288333700872236e-01
-1.005278143034572658e+01
-2.556862408422612809e+00
-8.806423611086585668e-01
5.771806318690682058e-01
-4.473476610196035708e+00
-8.067908653830235116e-03
-1.669170673081027401e-02
3.991028502737499484e-02
1.746641054258042391e+00
-1.271471318544082241e+00
-2.745184842523048507e-01
6.361494978925358312e-02
-1.104711291804639561e+00
-3.994293103690362695e-02
-4.387016830801123701e-01
-3.636510447540219904e-01
3.694650989985045347e-02
4.795696877991131757e+00
-4.064513070385560312e+00
-9.834907669456554036e-01
-1.662006384464878295e+01
-1.335768055690165568e+01
5.804039759732494197e+00
7.440017252292618899e-01
1.272511268951202901e+01
4.475608644933986469e+00
4.756181316717618124e+00
4.762886403882705899e+00
8.549323613986555159e+00
2.142519988278358767e+00
6.171051138314154194e+00
6.109563619683623159e+00
5.354856828985976591e+00
2.529484714003817913e+00
1.680282297830371752e+00
1.801937869822513250e+00
3.843539201183554077e+00
-7.434851401822519801e-01
3.758789789939340320e+00
7.878963253519105647e-01
-1.671776677972504510e+00
-5.946526750493428271e-01
-1.836446005919703181e-02
1.358287105522525962e-01
-7.374451429980433126e-01
-1.966062549659641334e+00
5.825081450988092158e-01
-8.740448796280375632e-01
-1.683004011805873557e+00
-1.907079104344444165e+00
-3.643440616095902085e-01
5.725538412472688243e-01
1.016437524529504755e+00
-7.158843037748906513e-01
-1.422058627136910669e+00
2.256196649331953630e+00
2.262650853621462621e-01
3.005428757907890880e-02
2.141367085744156906e-01
5.555357971162551145e-01
-4.394980050362818358e-01
-5.976006459986503039e+00
2.021046163681244900e-01
-6.021147852263479816e-01
-7.754687772821879932e+00
1.254043561977891130e+01
8.576876632183603189e-01
1.250915901517012818e+00
1.189340754884274176e+01
-5.423269926140371622e-01
-4.846916378993464947e-01
1.767627549393491648e+00
8.290694751006095764e-01
-2.121339938462585550e+01
1.696827205750341250e+01
1.690922289164036840e+01
2.284005934776999425e+01
2.378651470906606491e+01
2.794539808741406262e+01
2.527438101722299990e+01
-2.239391238577209364e+01
8.686085769088732533e+00
-5.948481851212840052e-03
-7.538998853595750838e-01
-7.548902340772312147e-01
-2.273767594223053745e+00
1.435600223937485431e+00
-3.325065389894269474e-01
4.506901019844150369e+00
-1.660101003487074456e+00
5.027357423958743743e-01
-2.156193595143886643e+00
-2.081691635170663801e-01
-5.240403647762637895e+00
-4.886609104664317235e-03
1.557574124617477351e-01
-2.611042463808831648e+00
9.795704986800675140e-01
3.407368916395480535e-02
2.016014337644617682e-01
-9.136704999862023113e-01
2.201309514177010873e-01
5.545241543807701012e-02
5.945529764080478147e-02
2.804866468848466354e+00
2.203485151982163881e+00
1.586511755465309093e-01
3.072377195838127961e-01
-3.902444706127646823e-01
3.809258993988438036e-01
-1.558467390056415824e-01
-2.511591416175738556e-01
-2.878317614991859674e+00
2.655564680198440608e-01
-6.250750407704918077e-01
-1.678072050263060833e-01
-2.944331305141574262e-01
-2.415299637747252870e+00
-7.003644141315271021e+00
-9.447078706104830914e+00
-2.259551280643944615e+00
3.324428264808116928e+00
1.217292734139187871e-01
2.259295781749370013e-01
6.291068111810306895e+00
-9.440515311618694616e-01
-8.799810290203435859e-01
-1.021778655477610709e+00
2.714612938589322511e-01
2.815780840045526290e+01
3.625572018523327245e+01
3.608163146652706388e+01
-3.353729495281049111e+01
-1.682901416951440154e+01
6.919720793886709487e+01
6.943582179120315345e+01
5.062769088798238215e+01
-2.252619503952875135e+00
-1.651926481365225241e+00
-1.578247099651387764e+00
8.810689900162191890e+00
5.567708009091759003e+00
-2.129009184076663619e+00
-1.938080262962764699e+00
-3.654165701954252832e+00
1.537409855769230616e+00
-4.638588408121812057e-01
-4.755571989467541617e-13
-5.882739369510579267e-14
2.571585305719651382e-01
-3.054240631165212189e-02
-5.887450690333215914e-02
4.718071992096702083e-02
-2.173253085287030787e-14
5.331698798105476804e-13
3.865256081377325927e-13
-4.152036848824240556e-13
8.228621178501082101e-01
-4.755300788534063848e-04
9.833579881675222692e-03
9.302209689348520660e-01
4.258506572098587413e-15
1.230846252140860815e-13
1.697213504417348485e-13
-1.443434349611381245e-13
-1.115379050925933813e+00
-1.654925658834142665e-01
-7.194980874996397447e-13
2.752704236947149916e-13
-7.901006690063449023e-01
-1.392958892966183748e-01
-1.419906771475197282e-01
-1.848090277778271506e+00
-4.197768554595241675e+00
-1.003615465457170153e+01
-1.058237532778823642e+01
-4.237239918438334918e+00
8.745952784100008870e+00
8.592590616092465883e-02
1.984250902418766005e-01
7.422219810323557709e+00
1.604920566086717626e+00
4.289506845311116479e+00
3.945350035161466096e+00
1.323408515649370232e+00
9.853398075294380476e+01
2.216725850675153140e+02
2.213915873755652513e+02
2.356576837558039728e+01
-3.646461575422361534e+01
1.029752758311627758e+02
1.034294222803691810e+02
3.629732076676111063e+01
-5.669176020026539531e-02
2.286294161193311414e+00
2.358362319823463338e+00
9.901402524327686194e+00
2.892012292746312774e+00
-4.836174668856877190e+00
-4.443072630192931527e+00
-5.931504105599574750e+00
-7.759846868208930548e-02
1.043639893083632419e-01
9.950537839105089155e-01
1.922837545377280799e+00
-7.798811431626954338e+00
1.817662227816525533e+00
-1.105053800366226247e+00
-1.507276722118420453e+00
1.331749847372850626e-01
-8.205350783541193183e-02
-1.080713268220185042e-01
4.778009895199409884e-01
4.261437347372042161e+00
1.467737268515273419e+00
-9.619677197809296532e-01
7.455794350326620190e+00
-3.525998740838092588e-02
2.829169528392207547e-02
-2.911068423763448543e+00
-6.651714171270957376e-02
-2.383745030053329828e+00
-8.506432649358271203e-02
9.359009748009851706e-03
-3.847985704405590734e+00
-1.845685404339431068e-01
-3.064564842211846274e-02
-1.132119082840791699e-02
1.158129930957658114e-02
-2.002974671385363356e-14
1.010109043229988624e-13
8.248042754724222383e-14
1.441573667853716872e-14
-8.342011834322167196e-01
-1.101775147930085519e-01
-2.662475345168984278e-02
-8.939447731755666426e-01
2.006247535932401661e-13
-2.265298020378240178e-13
3.979450991942342821e-13
4.846609486060482295e-14
3.288723068020094953e+00
7.116664440884752363e-01
-1.504529118182167468e-13
-3.728017740198703414e-13
3.726351050572050960e-01
-1.396350827991453825e+00
-7.744360168816520667e-14
1.843994716600378014e-13
9.340464056052967257e-01
4.911102831833195625e-01
-9.905698687177051376e-01
1.294742494925533505e+00
-1.344200721153948619e+00
-2.951505742521586928e+00
-5.045107155998501017e-13
5.729282849789969258e-14
5.239278229782706742e-01
-4.606847879680454200e-02
-2.946930473372864553e-02
9.361344304732736044e-01
5.086900408259006200e-14
1.347210208657299086e-13
3.031207545256584138e-13
-1.245062231832533943e-13
-4.357421104536232104e-01
-1.746129191322554342e-01
1.838338264298882418e-01
-2.666633382643394778e+00
3.406861019998458052e-13
-4.487279904177733196e-14
4.508383112173813463e-13
2.507158595623592853e-13
-7.148493144587463322e-01
2.737157229328555930e-02
-7.961230476857191795e-13
2.137960659304555592e-13
1.731035186127149350e+00
3.169408117456540830e-01
5.971203478536209891e-02
1.373381204480918383e+00
-1.819894594445178315e+00
-6.799020066181482580e-02
-3.005627271130806299e-01
-2.315218257166590021e+00
-4.511975630578160534e-01
-2.513326585311708716e-01
-6.441093317850408173e-01
-1.924705228112688904e-01
1.001114315714762526e+01
-1.375303844808819953e+01
-1.384389900108330451e+01
-1.142319128561154962e+01
-1.590515673113666395e+01
-2.051202114920445752e+01
-2.042595536594761185e+01
7.029559883127213027e+00
2.884383867818308911e+00
-1.039504224528134024e+01
-1.043535399456607138e+01
-8.684772915129730819e+00
-9.033865104315740524e+00
-1.233889360551035708e+01
-1.205447299546967344e+01
4.231604123388367000e+00
-2.026503297994095831e+01
-5.399158750636485316e+00
-6.347426685176397854e+00
-1.591304091541435106e+01
-6.992218551594252540e-01
-4.898478930825221234e+00
-6.549004994143606262e-02
-6.822628008901030494e-01
1.347991545602184438e+01
6.659830677521496156e+00
6.930713601770098542e+00
9.271252441010366496e+00
1.027438221250288386e+01
4.211421788701747104e+00
2.098905300223633752e+00
9.918440865190516931e+00
-5.588616877221499329e-02
5.435740506108275305e-01
5.005339826439614975e-02
5.147424525835579689e-02
6.264348179962057062e-01
-1.597218760066539955e-01
-1.230202981807120288e-01
-7.366334872226711072e-02
8.574408341603045880e-01
-4.443907611433280114e-02
1.052086905988968424e-01
1.714935244288749994e+00
-1.847915016710302005e+00
-2.164910787299994865e+00
-5.664812061067063809e-01
4.735749887704692185e-01
-6.980294109612153797e+00
-1.941352790281914154e-01
-5.593121810420669249e-01
-7.358574469663579976e+00
-1.112874570669301511e+00
-2.220522170788311378e+00
-2.689852962922095969e+00
-1.126662912451284360e+00
-7.407722692632544570e-01
-1.703937284821999185e+02
-1.707128609792756322e+02
-8.228041532251634749e+01
-4.735011762951454983e+01
-1.002059038166707552e+02
-9.991170176330072650e+01
3.439872299413511314e+01
6.244686255991065416e+00
-6.975112214246371423e+01
-6.992476646072601909e+01
-3.606590496974290971e+01
-2.629844323043296583e+01
-4.806950392773972425e+01
-4.799336620432133316e+01
1.660825646545601231e+01
2.000345917950209884e+00
4.810961467721872609e+00
6.181202400462108670e+00
3.266429256036208262e+00
1.165973756289694130e+00
2.100534576386893781e-01
7.633322857715897636e-02
9.187845494511814870e-01
2.992884802785591436e-01
4.273602444673037515e-01
3.456646131507740138e-01
2.099749306718070863e-01
7.694541154045640319e+00
1.544402041078056698e+01
1.540759735167882560e+01
-5.315963324626683750e+00
-6.324046467519793824e-01
2.493882852822218865e+01
2.499041592745803442e+01
1.229843573003150148e+01
-8.809098168083581371e+00
-1.776061244826695784e+01
-1.771842897228598801e+01
6.112775575396807604e+00
6.581962247421593304e-01
-2.881321142297758797e+01
-2.887234046185111680e+01
-1.417936513434881896e+01
3.979487499392452943e+00
1.370991281805372441e+00
1.943336630225260597e+00
4.447888614968354304e+00
-1.623553598742964038e-02
-1.311623571753785189e+00
-1.329241414017806822e+00
2.844853203875559065e-04
-3.134567969750495231e-01
-1.675012604157984919e-01
-7.233873662007192507e-02
-4.099550383856533919e-01
-2.984780521278197796e+01
1.029534216913934941e+01
-1.467228921411426157e+01
-2.992011977612093077e+01
-4.920426900393196945e+01
-2.404021732913964016e+01
8.163338575981355927e-01
-4.910548981328970086e+01
-2.366525942232075685e+00
8.320786082971570741e-01
-2.435196442501584624e+00
-2.361927546239327214e+00
4.137391555676117605e-01
-7.287861005064113495e-01
2.297471264824911596e+00
4.279167132600302792e-01
9.955376828362073605e-01
3.254857925613096725e+00
3.088822165153408683e+00
1.091257170842161672e+00
-2.321043734822105797e+00
-8.155478818928393880e-02
-2.987557275052439218e-02
-2.307223381321455324e+00
-2.472535041808797407e-01
-7.569138981303161762e-01
-6.474261076407995530e-01
-2.872056101655073856e-01
-1.126202213099098337e+01
-1.555182978747174971e+01
-1.555139866653697212e+01
5.413928856647361343e+00
6.855192966255211573e+00
-1.327878997301652042e+01
-1.334881387269958886e+01
-9.134490983012621967e+00
-2.809077706043892064e-01
-3.606018457711655523e-01
-3.110823029205529444e-01
7.793366806595521112e-02
-2.712027525727592203e-01
-1.774391849194817128e-01
-1.758788715100910172e-01
-4.024622742935138331e-01
5.579156335894608354e-01
1.127055076066192374e+00
9.217796774293981477e-01
3.566312100295644938e-01
8.768409827352158584e-03
-1.416466282374243164e-02
1.453562042009928432e-02
2.207932901080647201e-02
1.188312952244680726e-02
2.824590221783603028e-02
8.169087212940276746e-03
1.249899361360667059e-02
1.503234353495523923e+00
7.370852554998335027e-01
-3.141395799133828159e-02
1.500174400197200386e+00
9.192548886718003853e-01
-3.171198240754132813e-01
4.554645264792457349e-01
9.214551921675742108e-01
-1.176928033009765961e+01
-5.770676263563758290e+00
2.454775266717695303e-01
-1.174532609644230696e+01
-7.196592811284967084e+00
2.482640265103846389e+00
-3.565448715605807894e+00
-7.213820658493151683e+00
1.471606539615721632e+00
5.965048511962357525e-01
9.695705312731607295e-01
1.872816394585726352e+00
5.281514617254474964e-02
2.503033305388856489e-01
1.887141134346387306e-01
2.010125498247639433e-02
8.217041991454286654e-02
4.565538847989157600e-02
7.750190280195318193e-02
9.525807564004916406e-02
-2.123544126219764294e+01
7.325603193851514483e+00
-1.051455383161128943e+01
-2.128633181311080591e+01
-3.474954150042675138e+01
-1.703370072768099419e+01
7.133439833596125768e-01
-3.467888966239597437e+01
2.578667096103714584e+00
-8.890699872080911614e-01
1.238405201112401821e+00
2.585186817838923456e+00
4.350046399831377641e+00
2.104136733881606158e+00
-1.892823130831645245e-02
4.341660394943213319e+00
7.525065585732088058e-01
2.094393638381646383e+00
2.100006451076988689e+00
6.286400100355393761e-01
-2.113445635382315418e-02
-1.435159405752039152e+00
-1.481800792441338555e+00
-7.018103745808482175e-02
-4.815522297518834427e-01
-1.506714099313196942e-01
-2.023427636378599126e-01
-3.808184996932700850e-01
-1.955612657599628790e+01
-1.372490369037639724e+01
1.074242676925025819e+01
-1.944900308857308247e+01
-2.365017747860824926e+01
8.231511946119168144e+00
-1.735071737515469792e+01
-2.365647146929870459e+01
4.394949570683311935e-01
3.004443899525406914e-01
-2.484169394192856373e-01
4.370386998436907033e-01
5.263784275699961990e-01
-1.839681749478211392e-01
3.841960960699808969e-01
5.252712829393406668e-01
7.955452191491326763e-01
1.596906480139909990e+00
1.298920297461318984e+00
5.057673706084095944e-01
5.125162441037374103e-03
1.308035156626609873e-02
3.319807060994556247e-02
4.743989961853118525e-02
4.364943876000879769e-02
2.580050818390551559e-02
2.499809643722343891e-02
1.538274453871027805e-02
-3.029471050340562144e+01
-6.179216818234525022e+01
-6.166645070641015991e+01
1.281265926150666701e+00
1.303158236005759463e+01
-3.777565980692315151e+01
-3.786612707383088150e+01
-1.871128443099982519e+01
1.226604645853686948e-01
2.516725574825192102e-01
2.511723374733217384e-01
-3.404957844185650326e-03
-5.235536603682541812e-02
1.518034834451179038e-01
1.521757888251264457e-01
7.420305116187389527e-02
-5.240224280415672897e-01
-1.073453928364278331e+00
-8.883524084465770354e-01
-3.389957857742995073e-01
-7.393361112226528621e-03
5.025633496953930274e-02
2.532839279110771918e-02
-1.823596271606632221e-02
1.761896124747049271e-03
-2.160805512018671576e-02
-2.223654588974243330e-03
-1.268933756643212145e-03
7.958493228192146107e-01
3.902284278957662278e-01
-1.662464332491156091e-02
7.942293516289894439e-01
4.866686375481212856e-01
-1.678883969071174320e-01
2.411267587121455891e-01
4.878335466123988606e-01
-4.156175198386607428e-01
-2.037885340064695960e-01
8.679387394234516773e-03
-4.147715364264865645e-01
-2.541507960578869851e-01
8.767559240131196641e-02
-1.259211775446699433e-01
-2.547591535166948140e-01
1.540864326678910989e-01
3.935692252489974563e-01
4.861329549323467059e-01
2.434891365209958525e-01
1.060263426835143449e-02
2.140344967871963405e-02
8.094087509929568866e-03
4.152203216296069740e-03
1.017877043662090281e-02
1.422876805441495619e-02
5.670408676688012094e-03
9.500109577538422972e-03
4.219154294458790089e-01
2.084909878339361033e-01
-1.452017603625534448e-01
4.209074554747442298e-01
6.870907459764431513e-01
-1.428396367529701470e-02
3.375484563911880231e-01
6.884915489480145645e-01
-2.675763722353291296e+00
-1.322236603297372470e+00
9.208613058809946850e-01
-2.669371196152702019e+00
-4.357495310253282739e+00
9.058560192184597626e-02
-2.140714465006496869e+00
-4.366379116102359959e+00
3.061500318225754746e+00
9.163558777424025692e-01
1.079310953175036891e+00
3.025655057033693307e+00
-1.006618781343980029e-01
-2.186858188354895205e+00
-2.124683029726765149e+00
-3.107528847501648747e-02
-5.689064274670998511e-01
-2.949949411529467214e-01
-2.247604712508289027e-01
-7.112721962346000293e-01
4.689122446509011155e+01
-1.632078117985789234e+01
3.442648525832474604e+01
4.690375098515608698e+01
3.868892903232926272e+01
2.719041548342231351e+01
-2.134071032231441478e+01
3.847642580626976638e+01
7.391199665998353652e+00
-2.572559490927087467e+00
5.425348661783211845e+00
7.393150343938299507e+00
6.102000617081644762e+00
4.286716350069919912e+00
-3.362209293468429117e+00
6.068508315376649698e+00
1.302824215682645725e+00
2.604445761713263696e+00
2.110890439704467880e+00
8.253619746325924211e-01
3.505592682789362285e-02
2.202884037453156293e-02
5.617215108063115803e-02
1.058165130854598623e-01
7.503387247822562722e-02
5.157682656392100634e-02
4.849325181649052907e-02
2.912336777535481924e-02
5.931537142623672310e+01
1.209853626980655292e+02
1.207392130793578389e+02
-2.509000190524936613e+00
-2.551519981007562166e+01
7.396288388103052114e+01
7.414001260969914142e+01
3.663597002567060912e+01
8.994832453986527199e+00
1.834676573345341311e+01
1.830943878568617933e+01
-3.804315913986183739e-01
-3.869222217422990884e+00
1.121601472161754920e+01
1.124287541472867957e+01
5.555594400174000747e+00
-1.831748146058681748e+00
-5.155649540028088396e+00
-5.225635214748157509e+00
-1.559961106987893142e+00
5.395451981192809360e-02
3.656113596412785771e+00
3.765178695621437921e+00
1.746605995181886584e-01
1.224938015511370715e+00
3.881560351744904325e-01
5.085251021576043806e-01
9.793761977272175123e-01
-1.273186564061426651e+01
-8.944382990706230885e+00
7.014142806992352597e+00
-1.266199125648638635e+01
-1.542120107999144274e+01
5.367415457626053765e+00
-1.131949155197556678e+01
-1.542533898137283366e+01
-2.305024898220888119e+01
-1.619669475593490304e+01
1.270721478593772247e+01
-2.292369010071785596e+01
-2.792882424064550761e+01
9.720776202849249259e+00
-2.050271604850188112e+01
-2.793630019845192436e+01
-8.523211135051388387e-01
-4.261670035356524555e-01
-2.700874058734056282e-01
-6.910713300727177044e-01
-7.184297114538207990e-03
-1.052138723384986145e-02
-3.361596634401128186e-02
-1.831044176398793563e-02
-1.559464350665439210e-02
-9.387081698748953040e-03
-2.441836748016690262e-02
-1.654054533934919829e-02
7.033618656768804378e+00
-1.461620999310419555e-01
3.455395737273858181e+00
7.047958020606452045e+00
4.319000667056783982e+00
2.134216365051034181e+00
-1.486379107600595884e+00
4.308682100369336077e+00
-1.289868773642218969e+00
2.681962440277260371e-02
-6.336782417438990844e-01
-1.292498516661697572e+00
-7.920628078322720089e-01
-3.914030650140539191e-01
2.725876381748513766e-01
-7.901705575464909037e-01
-4.847298254309802878e+00
-1.894893473484922763e+00
-2.990524760479639443e+00
-5.979556618111840471e+00
-1.287251551945348127e-01
-2.395690884101231155e-01
-7.731703820567005503e-02
-5.049354378490848033e-02
-1.104193852175845703e-01
-6.638561862890401954e-02
-1.718143268724745820e-01
-1.172883593085704279e-01
-2.610627151066800522e+01
9.005959444912182477e+00
-1.293119514631284162e+01
-2.616879167329240374e+01
-4.270354109787127328e+01
-2.093622096283345613e+01
8.855856939223575308e-01
-4.261665903000007205e+01
-4.236891135362900229e+01
1.461613150466204480e+01
-2.098655374759662706e+01
-4.247037782095340930e+01
-6.930528224849552998e+01
-3.397822936888498191e+01
1.437253046350589480e+00
-6.916427786656181809e+01
1.196330136569275338e+00
3.365227519328864769e+00
3.409812822219280282e+00
1.018235292145976523e+00
-3.512936785377549637e-02
-2.382864743480604730e+00
-2.453874427362740640e+00
-1.137631134634463775e-01
-7.982937409340326029e-01
-2.528465227367745483e-01
-3.314192748841374714e-01
-6.382052791237545764e-01
-1.771017373964278718e+01
-1.244417875671150853e+01
9.762810323050675976e+00
-1.761293821150394834e+01
-2.145793880527898168e+01
7.468548640159252905e+00
-1.575225773345979263e+01
-2.146368317302059125e+01
1.551967582900570353e+00
1.090492872708994199e+00
-8.555146543324830821e-01
1.543446787945747412e+00
1.880370514814216021e+00
-6.544729778438452827e-01
1.380373878741889104e+00
1.880873655786008181e+00
2.168519549164912519e+00
1.084529445696992722e+00
6.871935892170513149e-01
1.757901202414259068e+00
1.831163064468291357e-02
2.803429127452677569e-02
8.687556386547999610e-02
4.668250297022600442e-02
4.004271195036782083e-02
2.407433427942274815e-02
6.230868004323721066e-02
4.253344040633690037e-02
2.335591498987464210e+00
-4.853427802843668371e-02
1.147402489247040691e+00
2.340353041519469990e+00
1.434171787203132986e+00
7.086898118537795499e-01
-4.935685654280046464e-01
1.430745391077932416e+00
-2.555123433871261440e+01
5.309616689942339152e-01
-1.255251589654447386e+01
-2.560332533218637963e+01
-1.568975487708656225e+01
-7.753024528812302307e+00
5.399611029558202269e+00
-1.565227030292446031e+01
1.697656921161033949e+00
3.394468268641650965e+00
2.751710413781252473e+00
1.075691000855490964e+00
4.388646777729272863e-02
2.866399592252290990e-02
7.307419405775317234e-02
1.359932237578928005e-01
9.753468313194685324e-02
6.658042719189333214e-02
6.268137350855214340e-02
3.768499329325679381e-02
-2.653619034263088849e+01
-5.412578005647326052e+01
-5.401565898365888074e+01
1.122460217987550690e+00
1.141485158795392607e+01
-3.308911355762458584e+01
-3.316835646029896623e+01
-1.638999991419768065e+01
2.731503753576182358e+00
5.571439234605553459e+00
5.560103917961945363e+00
-1.155404566470693700e-01
-1.174988172187789726e+00
3.406029133667026532e+00
3.414186004937233232e+00
1.687105234573148316e+00
9.308621712669654658e-01
2.618373826079566147e+00
2.653040852945446559e+00
7.922742766225775446e-01
-2.732743424564959903e-02
-1.853867358771248641e+00
-1.909092421731413802e+00
-8.849514817903980646e-02
-6.210641115756349029e-01
-1.967077810547229189e-01
-2.578333529485421494e-01
-4.965265081613423614e-01
-1.302596756889506580e+01
-9.152798039709399092e+00
7.180645356424189885e+00
-1.295444994125000804e+01
-1.578250479556548136e+01
5.493184005496673628e+00
-1.158593233410867285e+01
-1.578672979562127310e+01
1.514675921003098225e+00
1.064298682277270647e+00
-8.349741283424840788e-01
1.506359763484886205e+00
1.835209060326678188e+00
-6.387541922671766681e-01
1.347226333864060654e+00
1.835700342426425991e+00
6.819148476641865297e-01
1.363492166678891282e+00
1.105310284853102232e+00
4.320841461065854650e-01
1.151363394738656558e-02
1.762304405637853469e-02
5.462019715194017105e-02
2.935208592043594619e-02
2.674218259787866994e-02
3.917703010426984434e-02
1.513653090795862195e-02
2.517636060986445934e-02
1.792357399348496472e+00
8.787372133822074494e-01
-3.716990211633822150e-02
1.788710776243286116e+00
1.095735110693210501e+00
-3.779990553929931663e-01
5.427494563171626485e-01
1.098359213341898677e+00
-1.417799562639911137e+01
-6.951031287702876149e+00
2.940232197418842230e-01
-1.414914992500619562e+01
-8.667538959843209767e+00
2.990067131516773724e+00
-4.293284030753804714e+00
-8.688296268582643478e+00
1.309531185029013001e+00
2.618414245001347229e+00
2.122608636678390948e+00
8.297629479310618672e-01
3.384268713031894638e-02
2.211047404850019840e-02
5.636695778396470791e-02
1.048910309081657749e-01
7.523451086330117110e-02
5.135492941507328185e-02
4.834797564230166461e-02
2.906777191679563513e-02
-1.859272147154149835e+01
-3.792351275634202779e+01
-3.784635584689572596e+01
7.864576638303115708e-01
7.997875862700674077e+00
-2.318406162366233758e+01
-2.323958358061091545e+01
-1.148373973233846002e+01
2.310587181769608645e+00
4.712897066072159191e+00
4.703308487758770084e+00
-9.773604076964295673e-02
-9.939260088945439664e-01
2.881170230105062569e+00
2.888070151790995688e+00
1.427127376340619369e+00
-1.355834298448702180e+00
-8.033144832897372023e-01
-4.469403558841373858e-01
-7.037126043742734094e-01
1.239141900304387534e+00
-6.264649649898495376e+00
-1.313160542251857077e+00
2.786294463287599665e+00
2.958690004717872690e-01
-1.197710859186597865e-01
-1.013937895948719831e-01
1.692960142667084555e-01
3.276770916099537079e+00
-9.708469084979205466e-01
1.456741466046969524e+00
2.805006686342818245e+00
-6.596779336731437016e-02
4.315016270932162668e-01
-9.542564020793236068e-01
-1.694062540883244150e+00
4.890426723572656731e-01
6.596421621537479352e-01
-3.771084756034716046e-01
-3.760327748887782651e+00
8.370200009874574354e-01
1.400920975294826509e-01
9.839263144781022763e-02
1.698421039343900985e+00
3.562767990116799122e-01
-2.369953222087072042e+00
1.707605292475657510e+00
5.097022212943423947e-01
7.913708026526138362e-01
3.957834211710500871e-01
2.507816286020205232e-01
6.415219504129104910e-01
6.682521700165217765e-03
1.022875899365181460e-02
3.170192785232192612e-02
1.703597577546375752e-02
1.461245852676015984e-02
8.785294101459433652e-03
2.273839647621957519e-02
1.552128447888308227e-02
8.446164130584782326e-01
-1.755136095341986238e-02
4.149334161076287941e-01
8.463383223588648585e-01
5.186373505970381936e-01
2.562824040916731327e-01
-1.784884455203205045e-01
5.173982681260370642e-01
-6.895759050332952000e+00
1.432957660653837728e-01
-3.387669023582830174e+00
-6.909817351184009304e+00
-4.234346087405923775e+00
-2.092383808686313351e+00
1.457245318071972440e+00
-4.224229762371534136e+00
1.005710021001204435e+00
2.010921898814335140e+00
1.630146749834964659e+00
6.372515474134406999e-01
2.599189163495804755e-02
1.698069841111308695e-02
4.328946150173051954e-02
8.055653391071665448e-02
5.777966237245484721e-02
3.944053372569978483e-02
3.713115201639178437e-02
2.232397066833017793e-02
-2.920078668451514758e+01
-5.956074843686194953e+01
-5.943956970262249939e+01
1.235170575530418757e+00
1.256105876453109893e+01
-3.641171299162547115e+01
-3.649891296520839035e+01
-1.803578001102223638e+01
4.253395295319875036e-01
8.675636376807296379e-01
8.657985446246456718e-01
-1.799153141408654441e-02
-1.829647564953638117e-01
5.303740971188696252e-01
5.316442545343704751e-01
2.627097094005662048e-01
1.914133833049649347e+00
5.716129291101271770e-01
6.716001522500594234e-01
1.889119428030804793e+00
-6.384992969674385677e-02
-1.377401704693482998e+00
-1.337555244479000871e+00
-1.971690064971756001e-02
-3.582409456314040175e-01
-1.860263305089121244e-01
-1.419242629073637074e-01
-4.480951320338774635e-01
-2.250214260329123661e+01
7.831989383169388752e+00
-1.651881743597100893e+01
-2.250816645439210717e+01
-1.857196539496007759e+01
-1.304973809123065820e+01
1.023791419558620852e+01
-1.846999806185160864e+01
7.058847618933297152e-01
-2.456869131144059082e-01
5.181898012153844935e-01
7.060737281784142949e-01
5.825965110306369210e-01
4.093659907087299765e-01
-3.211599245219157739e-01
5.793978297028797853e-01
2.444728718435382753e+00
7.300615050296717090e-01
8.577614669485447152e-01
2.412775228839338926e+00
-8.155003768034028988e-02
-1.759229588222359641e+00
-1.708336961708512902e+00
-2.518276681248023813e-02
-4.575488594480922599e-01
-2.375944892455028323e-01
-1.812675202597089918e-01
-5.723112086278558941e-01
3.661688926498770513e+01
-1.274470138996941238e+01
2.688045006753675281e+01
3.662669164687063272e+01
3.022145811612371347e+01
2.123534687876435001e+01
-1.665977314862148972e+01
3.005553051226305783e+01
6.542932915792773585e+00
-2.277302301954255981e+00
4.803165534285621874e+00
6.544684466417598934e+00
5.400157703037395507e+00
3.794463533864576021e+00
-2.976871559968579106e+00
5.370508729639415613e+00
2.170857091668063621e-01
4.340639034671434637e-01
3.518723812296591924e-01
1.375527778162420056e-01
3.665337182007983186e-03
5.610405383519646329e-03
1.738835560486855919e-02
9.344166215038741258e-03
8.513355244940163866e-03
1.247192041609745429e-02
4.818696120376204581e-03
8.014869654696431603e-03
7.222365146871504438e-01
3.540901508907935424e-01
-1.497773810730629318e-02
7.207670954979430444e-01
4.415301918645529455e-01
-1.523160057753941421e-01
2.187027402565863698e-01
4.425875829592049726e-01
1.259623827127174467e+00
6.175544741129296300e-01
-2.612207415687991738e-02
1.257061071873627922e+00
7.700551533431180262e-01
-2.656482554199394164e-01
3.814307045988454825e-01
7.718993068726587303e-01
5.535940145023938719e-01
1.853088969800464225e+00
1.829450602547652460e+00
6.507989201836265059e-01
-6.167777511431320886e-02
-1.331703837306653426e+00
-1.293248895843241764e+00
-1.904065316265014796e-02
-4.332098873357128621e-01
-1.371450695420081967e-01
-1.798404994479932684e-01
-3.463292402856685825e-01
4.669413056414394858e-01
3.431304274917884589e-01
-1.624845367509951399e-01
4.668198643209591769e-01
3.816823728440855157e-01
-2.131601162232573399e-01
2.703189867060378782e-01
3.837999273104829578e-01
-1.111256586446775607e+01
-8.155592571595008167e+00
3.866752666891492662e+00
-1.110959215905160491e+01
-9.118723131862891407e+00
5.054664165522432029e+00
-6.442780239441890267e+00
-9.169065910020504973e+00
1.113274868250097249e+00
2.225998365929553913e+00
1.804497766019163674e+00
7.054082504921095342e-01
2.877170498051671854e-02
1.879685145834378637e-02
4.791943989418289557e-02
8.917225450292247391e-02
6.395941937627494522e-02
4.365881755693758887e-02
4.110244634768295963e-02
2.471159295635651232e-02
4.707764306521021069e+01
9.602411352479525419e+01
9.582874861017080548e+01
-1.991347702643395889e+00
-2.025099691411163505e+01
5.870313173862768252e+01
5.884371593849867565e+01
2.907736777557108709e+01
8.011256191927429882e+00
1.634053287213900063e+01
1.630728740188889248e+01
-3.388699088220040179e-01
-3.446135232304503582e+00
9.989578853282546689e+00
1.001350222684954971e+01
4.948128824425418237e+00
-4.620604761469915278e-01
-2.310874644176957871e-01
-1.464247581291152067e-01
-3.745677023997958655e-01
-3.901747005077033092e-03
-5.972277549200647427e-03
-1.850989119205548317e-02
-9.946853731985132521e-03
-8.531820956167567721e-03
-5.129497151123442109e-03
-1.327634467455500802e-02
-9.062458775763972824e-03
6.154948904980455104e+00
-1.279015278774005282e-01
3.023732354181245530e+00
6.167496925118122419e+00
3.779451054442791058e+00
1.867599395229641024e+00
-1.300693717584946896e+00
3.770421524373889888e+00
-1.060321860225667212e+00
2.203377933095296975e-02
-5.209027018916746465e-01
-1.062483525620544711e+00
-6.510914443882964697e-01
-3.217340217568212535e-01
2.240723690001741319e-01
-6.495359143152561465e-01
-1.330965966846471726e+00
-3.743846383247113163e+00
-3.793431033986114365e+00
-1.132818990444571128e+00
3.907579962655342160e-02
2.650797417944776413e+00
2.729767054062691933e+00
1.265401309386459672e-01
8.880458091037025659e-01
2.812701567442654205e-01
3.686714716219506305e-01
7.099710227710864796e-01
-1.026002384407069634e+01
-7.209286915649404826e+00
5.655903903306624514e+00
-1.020369230900565150e+01
-1.243123835313318715e+01
4.326758058106999982e+00
-9.125769180747647980e+00
-1.243456620992983019e+01
-1.747144215766904196e+01
-1.227644712471075827e+01
9.631244680522861756e+00
-1.737551712029505779e+01
-2.116872900119066259e+01
7.367887751236525062e+00
-1.553995908966613726e+01
-2.117439589381078591e+01
-1.478152355023258258e+00
-2.955572622081711565e+00
-2.395924573803829727e+00
-9.366068479441453931e-01
-3.820168601107189199e-02
-2.495754763663051226e-02
-6.362510810583384135e-02
-1.183986057545406839e-01
-8.492221541118633032e-02
-5.796806390390629726e-02
-5.457383744122451530e-02
-3.281085593060834721e-02
-1.423725518312632055e+01
-2.903968251113024124e+01
-2.898060011103003575e+01
6.022248259453590880e-01
6.124321270279843077e+00
-1.775304395451239614e+01
-1.779555953086582321e+01
-8.793598789578114250e+00
-2.594419836977379745e+01
-5.291829597582356826e+01
-5.281063157783086126e+01
1.097419421550205998e+00
1.116019934128032709e+01
-3.235093338560525922e+01
-3.242840846998988269e+01
-1.602435781662492786e+01
1.161152625313995213e+00
3.266181024263170141e+00
3.309438841612976745e+00
9.882862745996656706e-01
-3.409019956297035248e-02
-2.312588970969163604e+00
-2.381483016094187555e+00
-1.103951536842429221e-01
-7.747422865834935335e-01
-2.453835541281972343e-01
-3.216336050280644843e-01
-6.193876021162232348e-01
-1.807678020790689288e+01
-1.270179269080844442e+01
9.964941152021070891e+00
-1.797753162844770713e+01
-2.190216798754364902e+01
7.623165057795061372e+00
-1.607837647644833368e+01
-2.190803122264211211e+01
3.602484845261440527e-01
2.531314487962939563e-01
-1.985892895263708102e-01
3.582705797298015304e-01
4.364838606908388319e-01
-1.519205092829894466e-01
3.204227014753578406e-01
4.366007079143452430e-01
4.496998963832944951e-01
8.991770688314287829e-01
7.289147352634409716e-01
2.849449185894367687e-01
7.592861824957533069e-03
1.162214047059842957e-02
3.602053646810917525e-02
1.935673574499331348e-02
1.763568705611520682e-02
2.583597783416735280e-02
9.982082342061262756e-03
1.660305784991561798e-02
9.389691734707164006e-01
4.603474478989002527e-01
-1.947233916367460682e-02
9.370588029846390610e-01
5.740269716159929203e-01
-1.980238206468274975e-01
2.843322472317635352e-01
5.754016703776961839e-01
-1.973527173033095394e+01
-9.675591309421983865e+00
4.092699904080474016e-01
-1.969511952756507966e+01
-1.206490967483994936e+01
4.162068383030535834e+00
-5.976100514642896933e+00
-1.209380311924258500e+01
8.042733784389793916e-01
2.057403654104567714e+00
2.537978857611915107e+00
1.269303754346711832e+00
5.463549702950260684e-02
1.016700304792133719e-01
3.280415817481042995e-02
2.143128806084744487e-02
4.977773837713964783e-02
7.292352950438654724e-02
2.817500002726963312e-02
4.686308320654723053e-02
-3.406473021218989317e+01
-1.683293912965480743e+01
1.172333757997368942e+01
-3.398334577267375067e+01
-5.547543039921296781e+01
1.152794672588443259e+00
-2.725333001944118649e+01
-5.558852749043971642e+01
1.121280310681445291e+00
5.540758168174192422e-01
-3.858873245734970037e-01
1.118601446969606394e+00
1.826038469870554293e+00
-3.794558068061690964e-02
8.970751319901137943e-01
1.829761192487234567e+00
