1.153817524780703874e+00
4.373051941729503428e-02
1.512117593097688992e-02
-3.195964689775725454e-01
3.304909587869990228e-01
4.278347024414004829e-01
1.118944185227109117e-01
-1.828673310213909387e-01
3.170324504002594579e-01
-1.446332400139802021e-01
3.196332176169112277e-02
-4.306355774336401709e-01
2.574283630202082174e-01
-1.295775399038492925e-01
6.278558438606209047e-02
-3.308013456146782771e-01
2.355864444305042216e-01
1.464136033754780131e-01
-1.911703754472831793e-02
-9.678827316402493488e-04
1.878281705982633443e-01
-7.093637560212080750e-02
-2.145347343643109472e-01
-2.450338099711567852e-01
-7.601758983296857952e-02
1.192314759604110874e-01
-3.675065535352553536e-02
-2.782780374350356245e-02
9.992744991618433825e-02
-3.373328512931573764e-01
2.406873104314906364e-02
3.790801554624591285e-02
-1.093043875861971076e-01
-8.447004354103211307e-03
9.016431634877031254e-04
-1.182116423620238957e-02
9.110478688020702542e-02
-5.606851647371080549e-01
2.371193365361817795e-02
6.039949531727613515e-03
-3.657377132382583218e-02
-5.566294704648587499e-02
-2.016614098369298724e-02
-9.584124312524373857e-02
-3.295072184709626345e-02
-2.894910653825006897e-01
-5.432604862133131110e-03
-1.770510512499932909e-02
-7.567401442927916555e-02
5.552808721783653728e-02
-9.041864024670286798e-03
-4.075189037263534167e-03
1.155670791955311881e-02
1.507867965446540448e-01
8.361015630883418537e-02
6.378482329707869936e-02
9.837980599142645555e-02
1.128710822858435547e-01
4.837268431743674268e-03
5.312840345368883763e-03
-8.297426438476428016e-04
-3.854461600350893302e-02
-6.823953318030515341e-04
-1.418365833551763933e+00
3.357639680380949398e-01
2.149259217344246797e-01
-3.466386033760343599e-01
1.980966467820611809e-01
3.596101149043635092e-01
4.608184153254412108e-01
2.051259948485566476e-01
2.188399927405930978e-01
8.804297085024008485e-02
6.088153716209639132e-02
-7.070496171194162738e-02
7.362384805867558946e-01
1.223809309029692469e-02
4.623852575865187477e-03
-1.131059557587237863e-01
-4.251760414408849859e-02
-5.845541396856291858e-03
5.901590387893265038e-02
-9.051634401885272699e-03
8.102501004055550834e-03
2.177180614619714238e-02
4.184100328963254178e-02
4.627904091355496130e-02
-1.846282103816166906e-02
-1.809572740415991629e-02
-3.581782129250395824e-02
-3.160914780070828156e-02
3.991480379500488840e-01
4.723744439456706301e-02
-1.740551457998372464e-01
-1.267564285461676432e-01
-3.449971712279560621e-02
8.823818426796668085e-03
1.672123697408266774e-01
-6.829094620356736429e-03
7.904580869068363741e-03
-2.858754760212273149e-02
-3.463977327962140113e-02
-2.563837118375841048e-03
-2.106085179402426011e-01
4.630323506413445978e-02
-9.278320562929681659e-03
-2.318980906564222649e-02
-1.280067201281303579e-01
-7.518749292440884968e-02
1.000157121566601359e-02
1.409857807959965723e-02
-5.493891422344771014e-02
-6.366049747317077678e-02
-1.389436986557534594e-02
6.668286721696925143e-03
1.631285962267242998e-02
6.259379017422744482e-03
-6.067456696860499578e-03
2.761882833595031422e-02
-2.676776292261238716e-03
-2.280648858894892791e-04
-2.161842379474160185e-03
-7.508639219497240808e-04
-2.060592318883120464e-04
-1.745987578633127410e-02
-6.983867624768461298e-03
8.311962951076187420e-03
6.964957792424036030e-03
7.379824866263109961e-03
1.985226158365990118e-03
9.561226187362727256e-04
-5.637651423312403610e-04
-4.349466190100259935e-03
-1.157299829796164595e-02
2.025159514970207002e-03
-1.101821597671721387e+00
1.521468320315576828e-01
-3.599297584391567689e-02
-2.704116783778232613e-01
9.407269382940545988e-02
-4.917303720160800390e-02
-1.654664436245572787e-03
8.425404625010092519e-02
3.399549383847191297e-01
-4.635031258372285939e-02
6.928066470042473779e-02
7.649480289955609170e-03
5.119787371405190024e-01
-6.011720805713465648e-02
6.442863336882929601e-03
-8.596186921782698886e-02
-7.174057928508741078e-02
2.029870056968925002e-02
1.835602863886048319e-01
1.823398962358341591e-01
1.846869764759151086e-02
1.786639634393253837e-02
-1.328891756399098456e-01
-7.215824054200166426e-02
-1.095480908839679274e-01
4.435356325136451290e-03
2.691797291002001255e-02
2.801214550654953020e-02
-5.045062798370254786e-03
-2.919296914674881886e-03
-5.171327822132341240e-03
-2.238997268391916193e-02
6.276622207596633390e-03
6.958517932609975358e-03
-1.629150725925544718e-02
1.449782211306270552e-02
1.207380164162416385e-03
2.861503293741886767e-03
7.082282052079192161e-03
-8.968490516652329557e-05
-4.964640686922268398e-03
-1.257330212810527960e-03
5.302354916676701134e-04
-1.700880178663005280e-03
5.277053727431700245e-03
-1.535234603393018267e-02
-4.260582972843649126e-03
6.454859901213145200e-03
7.996455703043917757e-03
3.385035786736781296e-04
-1.420766993972659995e-04
4.397357057184403221e-03
-2.915317270109767621e-03
-2.571509329852845051e-04
-1.129776993332388457e+00
5.097505216823411400e-02
1.005502962620120032e-02
-1.488289683352884800e-02
3.654539185626049652e-02
5.351707018749561184e-04
3.017609667600283305e-03
3.611922141966454614e-02
4.407395233610069130e-01
2.796739377935608499e-03
-3.069527938690705740e-03
-3.626311156372118063e-03
3.827264569371531255e-01
3.464319097833058747e-02
-1.506296355158847535e-05
-7.221507668423399195e-02
-7.239700846354310548e-02
-1.660093890244103768e-02
2.230048021931002877e-01
-9.989126130789737629e-03
-1.065575898821819432e-02
4.600793366902658499e-02
-2.047799762838379556e-01
7.160588611028209649e-03
-9.338799362180372210e-02
5.631820528228491385e-03
4.122309956557549532e-02
-8.283630085442913460e-01
-4.777211396846705455e-02
-3.296051548236503433e-03
-1.216937179171248551e-02
1.969485266086632921e-02
3.302307158905744560e-04
-5.426055584640637752e-02
1.476798009928530220e-01
1.030558683654416857e-01
1.307933555037578410e-01
7.702908401479014431e-05
-1.135738102107435379e-02
2.217432416490062730e-01
-5.051712405092606897e-03
1.372124133202435800e-02
-8.738428306224214903e-02
-2.524725875259405117e-02
-3.336875616504513670e-02
3.434934632169936997e-01
2.574446966698783895e-02
-5.942025654736332943e-03
3.776168320496815084e-02
-1.569157697112639471e-01
-2.316440560664928885e-03
-7.885658305390164102e-02
2.137801908029963224e-03
3.996233468893899826e-02
-1.062914661890928869e+00
2.463526295338426889e-02
-4.395955477476824053e-02
1.814332782829542468e-01
1.291365241421479348e-01
-6.312620372213008368e-02
-2.408853092504649202e-03
-6.411380980585156264e-01
6.665376638250420926e-01
2.516742213840239984e-03
-3.150854060647193238e-03
5.158436719632009809e-02
4.498621412670633091e-01
-4.166845134807456441e-02
-6.889413306193879760e-02
2.082965691565385746e-01
-2.070666452718097905e-01
-3.325749769984354186e-04
-1.864450187911129717e-03
1.415845323312580895e-01
1.181225414678434560e-01
1.942558636136456629e-01
-9.315097721214701809e-02
-1.838470614239292450e-02
-3.242781638887942686e-02
-4.940451582768450034e-02
3.206053503602832727e-02
3.576080753173546678e-02
4.822302816547019769e-03
-9.380809184565035500e-03
4.587041508234242226e-02
2.570843713618556001e-02
-4.506334441598630028e-04
2.718735731240085052e-02
-1.422555562015625184e-02
1.190135864214914192e-02
3.630717752920924711e-03
6.325706849940060123e-04
2.714935954560649192e-03
9.864371636978961147e-03
6.000283709529071266e-03
6.757837472106406097e-03
-1.635081403975927397e-02
-4.864367833010833572e-03
-5.517131932467272439e-03
-1.603586166279015110e-02
-4.500569893842401581e-02
-2.481146325453623819e-02
4.547393044656088124e-03
-2.815740427530279144e-03
-2.724309644713690266e-03
-3.160394350039602302e-03
-3.054728299948223855e-03
4.246759471364726889e-03
6.172332864678267000e-02
-4.138762021124655077e-01
-5.519006339702323682e-01
1.148542006687799932e-01
1.730384919050572123e-01
5.020229480615452135e-03
6.716911133627576080e-02
1.229656147485013590e-01
2.571863909373407059e-02
1.101444588683134218e-01
2.697551520400723324e-01
2.946618264531744580e-02
1.233090307707710061e-02
8.824937299480443975e-02
6.026173318230512721e-02
-2.793625791501064878e-03
-1.008828637319958248e-02
-2.911593492698575855e-02
-2.094576805061394362e-02
-1.182559946908031713e-02
-3.060819322995420554e-03
4.864992827583568269e-02
3.203771757663775865e-02
-5.091395433398184824e-04
-9.930397985894012791e-02
7.626205949429901709e-01
1.491269832982479837e+00
-1.258360420720434358e-01
-3.714239924362087303e-02
9.185035017383427411e-03
-2.170291388822210427e-02
-4.822422601882082188e-02
-1.077914034918621942e-03
2.195059420393073724e-01
-5.256633454451687948e-01
7.567542714659788831e-03
-3.614212250235895180e-02
-4.522338236180346860e-02
1.456798233011954158e-01
2.390450673515859530e-03
-2.025447113174490624e-02
-1.331295869974281204e-02
-3.846408988850029409e-02
-1.189538370754388528e-02
-4.778996718317185532e-02
1.210336289020331885e-01
-2.521203419178439167e-02
-9.932871378210923752e-03
3.708355124807658637e-02
-9.753709506308102378e-03
1.865655747600564532e-02
6.739382353077617849e-02
2.193991183244696844e-02
2.135952273195887707e-01
2.914079917103433726e-01
1.147113718683123902e-02
7.843243639806882564e-03
6.928678093302140240e-02
3.905057376060043495e-02
3.889075969858843060e-04
-7.284882071439851767e-03
9.908154253861113647e-02
-4.610551483969324571e-02
2.943969571474728490e-03
-3.064022506834397641e-02
1.492483976253044520e-01
9.298503540540589349e-03
7.358768189044614938e-04
1.127652665534110005e-01
-1.106349227740537483e-01
1.679707091797806584e-01
6.370325459459701134e-02
1.551203510589373689e-02
7.105566353301759341e-02
4.018153848595046318e-02
2.680969356842131598e-02
-5.910748950344189151e-03
-1.673556725830798331e-03
-6.937051226766185108e-04
-1.664669891745101937e-02
-8.869506664163896714e-03
-8.361653774993756810e-03
2.190920123574913170e-02
2.693688506399123227e-03
3.409106861823902462e-04
2.971506129985624755e-03
-5.240766728356025667e-03
3.049863097422218176e-04
2.517087837858289576e-03
3.857516917286842473e-04
-1.470304514308657480e-03
2.093395207431153048e-03
7.805644074385713555e-04
1.719387313164768920e-04
-1.071517247259622032e-04
1.754593686637971779e-03
-9.682050188589386933e-04
-3.562681573488587182e-03
8.493568502519135630e-03
-1.132786596938198300e-03
-4.769451252524691334e-03
2.000701453196327383e-03
1.329974089929046675e-03
-1.107408468836548624e-03
-5.078381682173236170e-03
-1.507687256698850503e-03
8.758105493304705214e-04
-3.687007499542279028e-03
-2.174444954254499841e-03
-2.137835472061062805e-03
-9.721249804873194735e-04
-2.375185918326918992e-03
8.550266776524121856e-03
1.464658418257346268e-03
1.841468022204453738e-03
2.304551708213245596e-03
1.463218467704640105e-02
2.748124260743102856e-02
5.058733566441987219e-03
-3.985014040638670124e-02
3.201022041571111726e-02
-8.772939593117813975e-03
2.395678754005475287e-03
5.410507086521247622e-02
6.535100259346508095e-03
-3.354992010821563047e-03
-1.361997266022409387e-03
9.399259131147677873e-03
3.342805451452474652e-01
-7.984417739389897128e-02
-5.051978054290627573e-02
3.754159740002253054e-01
-1.017744568865407290e-01
-1.461288056441107167e-02
-2.662774498545592353e-02
-1.559730171237071750e-01
-5.534865714706507234e-01
-1.829243467345649243e-01
-9.170399442157870507e-01
-1.337453650843742521e-02
4.528945823829226280e-01
-2.240148266105930763e-01
-1.921018119015036607e-01
-1.825215692731963490e-01
4.760681828535751059e-02
-4.871724125388179026e-03
1.164966009778018938e-02
-2.392849124137465255e-01
7.448344521963670695e-02
-3.579002988531879148e-02
1.367273952005900080e-02
9.680818380405842305e-02
6.631930099717969762e-02
1.897329481668577622e-02
2.817364478292244331e-02
4.762110670723351119e-02
-6.304237735009116800e-03
1.391416839678773221e-02
-1.691904316521578022e-02
-6.912936020516949852e-03
-1.460218742459666076e-02
8.916579081774593518e-02
3.321513933261041607e-02
-3.426115715523996366e-03
-1.105052767653056517e-02
-1.168904214116213945e-02
1.393912702976266849e-01
1.787115837066483304e-01
6.678049023896821292e-03
-3.368701349334531775e-02
1.784739345898802287e-01
4.189592822282605517e-02
-2.990045950904930694e-02
-4.448528424905007911e-02
3.652181339438316000e-03
-9.548307295814209561e-02
-4.523790280503231509e-02
3.021875463250441388e-02
-1.036383218356939223e-02
-3.400072204404960829e-02
-7.988523565482807259e-03
2.104572767794144275e-02
-9.647438086941656716e-04
-5.263786814180348257e-04
-7.540250505966464983e-03
1.409435358271932288e-02
-3.942350079584404365e-02
-3.175449463454754068e-02
5.885259114119379201e-03
-9.647907815334968648e-03
-9.427354287393610631e-04
1.669511871291237551e-03
3.002897719466023074e-02
-1.159424235841896231e-02
-4.279480702817969732e-04
-1.675948494508299955e-02
-3.060864913346311939e-04
-3.578840998196630187e-03
-3.030226283039577900e-03
1.152960667271391102e-03
-4.490513984082871411e-03
1.146216928351271973e-03
-4.959631573310340109e-03
-1.497279338553693070e-04
3.420307686832516568e-05
1.196094305531642931e-03
5.323385535267505155e-04
-1.663138126807473145e-04
-5.239310084927087559e-04
-1.755445023079138436e-03
6.931963080514029658e-03
-1.527085172156442605e-03
-6.885285746509430330e-03
1.797451235252270395e-03
9.342152978199154975e-05
-1.477472408387807759e-02
1.156558702285444447e-02
4.965356262751000407e-03
5.512421023381225763e-03
-6.911576072399808375e-03
-2.912116559318856605e-03
-6.150081076984345932e-04
-2.873800894951043534e-03
-1.806654938410495563e-03
9.671366932956761142e-03
2.516487624269226481e-02
-1.914159936076932633e-02
7.893883508608890223e-03
-1.946299222760949086e-03
1.660479363171273384e-02
-2.372693037591085824e-02
3.812882426296694202e-04
3.511992345642912100e-02
-8.380076336026522120e-04
6.781573688488236416e-04
4.479482595105315629e-02
2.155761401343828099e-02
4.760393718698679479e-03
-5.187735263921284742e-03
1.579077936807239679e-02
-1.601501798976656720e-03
-3.664078624356575747e-04
-5.749200761733645228e-04
-2.794620578591733382e-03
-2.223298570382212236e-03
-1.011373949022258004e-03
3.033851898584182059e-03
-6.428414383562505025e-04
-2.655021904881840408e-02
-3.957865826738694859e-02
3.157409115977699576e-02
-4.615532048892126427e-02
-2.949566818183851219e-03
-4.328016816865767370e-03
1.918641800184059040e-02
2.016871064538017233e-03
8.018609588854883150e-04
1.061536306448133959e-02
1.403242029122316395e-02
9.620706974960037752e-03
-6.735221993478647529e-02
-4.615659761179942422e-02
-1.520442916945109191e-01
-2.409296885847206082e-01
-1.312105964347785002e-02
-7.959712502133219417e-03
1.732047277323797707e-02
1.527209119102144151e-02
-1.107751391992066632e-02
-1.789558232990320907e-02
3.495308455074836590e-02
2.787156755934028229e-02
8.546420689310675334e-01
-1.588354133628700204e-01
1.332175380368302853e-02
3.954081294822829884e-01
8.106304994075699821e-02
-1.022760642094226874e-01
1.333317704654590097e+00
2.877720010820579710e-01
-9.758517864672303088e-02
-1.436623718639544467e-01
-2.931372206228450294e-01
1.174940906924339251e-01
-1.235861811928387510e+00
-6.851704133672622543e-01
-5.582660533160093558e-02
1.179677246218880857e-02
5.484757591845432732e-03
7.746118340259336085e-03
2.312526527352818176e-02
6.325205081458647530e-03
-3.551060582228996593e-02
1.614063310452702044e-02
3.042498879865823333e-02
1.954178311268565255e-02
-2.414639088080299326e-02
-1.197837613590847089e-02
7.433442401165649138e-02
-2.492132387230167057e-02
2.866331014986977510e-01
-1.409764308260459953e-01
1.272233087744139846e-01
2.151521644988339116e-02
2.869127698384179876e-03
2.173808942536869376e-02
-6.476116848326492204e-02
-2.048316593544015005e-02
-2.638158080784347437e-02
-2.007177904551292989e-03
1.234448952651094056e-01
-5.633124818182370583e-04
2.980894143303606039e-02
1.004551420577829909e-02
-1.409392329153779082e-03
-1.104824988561460379e-02
-5.822760556622968292e-02
2.665841954739519171e-03
-6.066125145267371038e-02
-9.855628382020467301e-03
-4.161254494358506036e-03
-3.498957909669430950e-03
-5.393737330905163524e-03
6.629930548812996982e-02
-2.931849702473384930e-02
-7.288631037248709255e-02
-1.464777836010549769e-02
-9.380203313435217169e-03
1.900130815082940183e-01
2.665010961760733155e-01
9.276310171800189810e-03
-2.841071482193907247e-02
8.750594486184874732e-02
-2.656637904045095269e-02
-1.323465204415821828e-02
-7.232530607099879084e-03
1.197715382312469247e-03
7.136204895010915365e-03
4.606592511264672590e-04
-1.012184000886102997e-02
-7.443029676273605136e-03
-6.826956186160861029e-02
2.512463976033731394e-01
4.444896064587869344e-01
-9.944591555032697427e-02
9.193856694881388791e-03
1.545290020572532771e-02
-5.869882534461296278e-03
1.873541179895988826e-02
-1.384435259111462153e-02
-1.290549629550926114e-01
-1.247816382838060900e-01
-5.865018620569399654e-02
2.022187244599176759e-01
-2.545619134175168274e-01
1.004544523779900451e-02
-3.877250051263834985e-02
2.032053915167305030e-03
-8.217076301318756645e-03
-6.211592039860359266e-02
-2.964028068683648154e-02
-3.364137814473660421e-02
-6.512283913769977006e-02
1.678845723870711973e-02
-1.445926761050203291e-01
-5.125233579002127365e-02
-1.433723571710159277e-03
-5.836773742947898302e-02
-1.483125294895880353e-01
1.355806706651274153e-02
-3.741643339954504877e-03
2.551155994736547042e-02
1.627060553639583101e-02
-2.306625883073360611e-03
1.226058480384650817e-03
9.274688505743107231e-04
4.086422988711467010e-03
-2.725642081814273060e-02
8.188340567705469988e-03
-9.152431763731556230e-03
-3.668535956539630688e-02
-1.772857257850156453e-03
3.989216208842357868e-05
2.816882168027165577e-04
-1.713576126044110554e-03
1.074012081482679818e-03
-4.544323446024166671e-03
9.002212576756208435e-04
3.626900206002842131e-03
6.567501114484913631e-03
-7.576356927731597943e-04
6.738885470822432444e-02
-5.434699502633667106e-02
-1.102144451729255778e-03
5.505205795302931145e-03
-4.201657927781463769e-03
-4.483088383191474735e-02
-1.145644264973662979e-02
5.561299082104514610e-03
-4.249512883476895368e-03
-4.814428700325580623e-02
4.513922238040109398e-03
-3.217219514914326458e-04
4.930481989919273736e-03
3.194068457794711855e-03
-4.500708075758718674e-01
-8.692453987620533257e-03
-2.498362018677939209e-02
-2.113561927857374179e-01
8.549745446466520959e-02
-2.118901297295643082e-02
-4.483576885507082992e-03
3.098113041954823899e-02
7.268307335602428032e-02
9.382704433610208894e-03
2.602070721443640322e-02
5.090472825130055307e-02
4.449045247244272083e-01
-6.840695825192154994e-03
-4.113044196468226832e-03
3.346249308883947893e-01
3.295649076045412823e-02
3.307294290830614051e-03
1.029626754066797004e-02
3.886042525382998186e-02
6.773709163836948502e-03
-7.034227902469621270e-03
-1.547050616649204039e-03
-8.649746471596636566e-03
8.620772055684093257e-03
-4.192389552249230211e-03
-4.521728832741689005e-03
1.336864551062206911e-02
-4.234925014778027214e-02
9.139233164380720052e-04
-6.476567675811050265e-03
-9.628405242914786499e-02
-5.782209804423383837e-01
4.089154401524668081e-02
6.066294846502037208e-01
-6.688390075557334481e-03
3.371533582850736593e-02
1.078676323599917497e-01
1.212678710135379687e-02
1.691727387343964009e-02
2.939569148240427088e-02
-5.910324568468039441e-02
-4.729425706520443140e-02
-9.913555038917437959e-03
-2.479926790180093932e-02
-9.997146199324688509e-02
1.783789804926526334e-02
-1.001519670289003803e-04
-2.657686116415534797e-04
1.514964936229628439e-02
2.315429424039898171e-03
-1.209047700317968370e-04
-8.216580077573051193e-05
4.072230549700547701e-03
-8.423928620325725480e-02
9.304742322290364930e-04
-5.781482135971643781e-04
-1.813111644678248591e-01
-1.473970865444741984e-01
-1.956809027972319069e-04
2.349383239748060841e-03
-6.700746554492878308e-03
-3.519366965594718233e-02
5.267449722940274054e-04
-1.894884601901269982e-04
-6.758202969717144737e-02
-5.729266931167961707e-02
-4.542246856461745817e-05
1.119612345682907293e-03
-1.230248998428343926e-02
6.875950433920729674e-03
5.658150005717824246e-04
1.548650316887450410e-04
6.132810406014162219e-03
-3.673035012624779883e-02
-2.345136302317766749e-02
-3.313741300979874960e-03
-1.197023861734056033e-01
4.885344398672601673e-03
-9.082698612051067974e-03
-1.462258315256427695e-02
-2.426061898364311256e-02
4.023126181369253949e-03
1.538355056758388285e-03
-4.725138979687193604e-03
6.529432388496989731e-03
6.146562965138662182e-01
2.847431794995008980e-01
-1.300453309602980501e-01
2.362189020978450876e-02
-2.692688913987210109e-01
-1.130441146085526816e-01
-3.472507025764405841e-01
-1.340960632242188255e-01
-1.126603893120855099e-01
-1.504329557599152767e-01
-2.936909953627346061e-03
5.637862263963764470e-03
-1.609454855014974886e-02
-4.769726300907325273e-02
1.493714291023396090e-01
2.463154054055414210e-01
1.093117504258199063e-01
1.839400190056774687e-01
1.169995498801406839e-02
3.585723120068701805e-03
-6.337543178449525638e-02
-6.669872900804091342e-02
-5.809341639084102116e-02
-1.787339291014633513e-01
4.941608852990836964e-01
7.724778080749115927e-02
-1.980722914842361904e-01
-6.144246920153154795e-02
-1.597086956559959706e-02
-1.321377129089414126e-02
-4.611974177455031021e-01
-2.037189949918156162e-01
8.205136521200849867e-03
1.502178862324412461e-03
1.233912950452898359e-02
2.822460302126625527e-04
-1.090049996370932427e-03
-4.341273755005706919e-03
-2.077665303545082106e-03
9.906306241073276064e-03
-5.575963342940218337e-02
-4.316764208325615804e-02
-2.018360691733423612e-02
2.242873695500516990e-02
-1.099787473188067015e-02
-2.642919145261273320e-02
4.529218745248653200e-02
9.531506302048869950e-02
8.928158379714165593e-02
-6.090156539446974771e-01
9.436514174531417110e-02
8.182541767759234086e-02
7.164061904089015220e-01
-3.225428273260091405e-01
-1.993719853279310450e-01
-4.500964500737679175e-01
1.111567940740647437e-01
-2.922421617361755514e-02
-5.224054931985789435e-02
-3.177338856924318000e-02
1.122665093258533586e-01
-3.673382619519568559e-04
-1.910253556130583853e-03
-1.538303645500796023e-03
2.694927906582874049e-03
1.002543071427971534e-02
-2.828543037992731560e-03
1.659993795916307399e-02
1.000510169290404761e-01
-2.158550546149952051e-03
4.563207012058492665e-04
8.762760261296520525e-03
-1.095720201754279699e-01
4.653425258129719605e-02
-1.387256560781080506e-02
1.625946568652177418e-02
2.087582995777056971e-02
7.562497921321462320e-03
9.623159695484847283e-04
3.718144705158347779e-04
2.912640365029170279e-03
1.740542837494085671e-02
-5.959775679995496598e-04
1.226502295483779433e-02
2.245721675898543213e-02
4.275774223603950007e-03
3.315885878675717963e-02
5.029911646575051243e-02
1.008621115414883897e-02
-8.118220760356483282e-03
-4.212780869296857270e-05
-7.679076347021525893e-05
-7.626550534268871501e-03
-9.697685073717516842e-04
2.245136854936781817e-05
-6.457810027569044708e-08
-4.826464516256708751e-04
-6.856449251410129397e-02
-2.104425662588041445e-04
4.085151404960714566e-04
-3.305049155670215788e-02
-5.621009880183260206e-03
9.652335773905941236e-04
-6.533519894561185329e-05
-5.648003339199561545e-02
1.724425515867017151e-04
5.238206497112797946e-06
3.154471317381991430e-05
-6.037810655362725468e-04
-1.760907122782609090e-03
4.172774813025634878e-05
5.145698942767309677e-06
-2.837127609859641138e-04
2.485770749836776206e-01
1.090800989854074504e-02
1.032864566886214537e-02
-4.649169180355337827e-02
-2.285084882198809564e-02
-5.763799887043352839e-03
-2.754498680454024462e-01
-2.326444604087549856e-02
4.264150109440522501e-02
-2.104957275558879716e-03
-7.049527022932908053e-04
-2.990208678209376955e-03
-1.910517953327576374e-02
3.224044807748966367e-03
-2.263607917612477094e-02
1.062291815941391828e-04
8.881512893719188950e-01
-6.538324941943232660e-02
-7.347540621992494463e-03
-1.864908775041329700e-03
-4.456109068910649729e-01
-2.885907103381354574e-02
8.793447490597926519e-01
-1.377219530025552419e-01
-7.021176712746818663e-03
-1.510296496121383593e-02
-4.233302948818635780e-01
1.980561158275407144e-02
-4.313247849658765065e-01
1.530963645804931106e-01
1.197375726910926863e+00
-7.989693724893244531e-02
5.884848806493115161e-03
1.257861024880858707e-02
-3.650607607177157043e-01
4.830343619870237915e-02
7.423118257871260672e-01
1.182951764581750970e-01
5.150403254443310097e-02
-8.547225895602593437e-02
-8.104507918803632860e-02
-1.400637157968843693e-01
-9.994303364288964486e-01
-2.951164526409857936e-02
-5.056372358266205541e-02
1.049053541028421160e-02
-1.360383154531764616e-01
2.410130219805320384e-02
7.882195851667182784e-03
9.887053232109171974e-03
2.660367115106359302e-04
1.820371443081930402e-03
-8.577017929499001353e-03
-2.795831385041828640e-03
-4.821445150234780937e-03
-6.809408797832175626e-03
3.124385805086411783e-02
3.340956901302788440e-03
6.702721388310760309e-03
2.668954282153596438e-02
1.506965965402815577e-01
1.494661820662597680e-02
2.776430179515783706e-02
-1.043899949874417393e-01
-1.825393046054183538e-02
-4.346289399667154982e-03
-4.257047709521698253e-03
3.154105748252788305e-02
2.111728728609066630e-01
-1.230523183987012326e-01
-2.472506237552348288e-02
-5.519239356829214183e-02
-1.947165819476785742e-02
3.114809338948433624e-03
-6.855558433277482563e-04
3.219589972022028211e-04
6.945352916373846285e-05
1.233750052205061232e-02
-5.864045466226653226e-04
-3.831405580222760343e-02
6.827836688769151063e-02
8.892925659532991897e-03
2.404075121224759359e-02
1.113466335218703390e-01
-1.797630804761389187e-02
-3.429557509264618257e-05
-5.025898149942339467e-05
-1.653657656415760333e-02
-1.371551352096926635e-03
2.816040382357174786e-05
5.736180665188615816e-05
-2.592769871566524657e-03
9.621230982349369965e-03
-1.210325295318456752e-04
6.046517091705100441e-05
1.983469741433770833e-02
1.637616174751267348e-02
1.846386655261805215e-05
-2.830982987208055979e-04
1.781667229544705742e-03
-1.526920619545533292e-02
1.906323046790592583e-04
-9.650716707356276464e-05
-3.156412617572623702e-02
-2.603455225116107358e-02
-2.968451968598421361e-05
4.478351843258657119e-04
-2.727702482626712284e-03
-6.968594048032851485e-02
-1.835907143689191742e-03
3.099783123884704630e-02
5.840305159804144025e-02
-2.321380504642794329e-01
4.538435085492978360e-02
4.771025436563122724e-02
2.035280439781103623e-01
-2.548607584997163861e-02
-4.966088982646671077e-03
-4.676290874084739640e-04
2.997434327516797312e-03
-1.211255333953805378e-02
1.076254597537762989e-03
4.091796722833449668e-02
6.227106392250060171e-03
2.216251600762501623e-03
-2.713293114963308706e-03
8.035193009424590818e-03
-1.415504019768694735e-02
3.473042640039197826e-02
9.607299321699038852e-04
6.177243592448783405e-03
-4.736597734198112752e-02
-4.745942457905368700e-02
-5.335226963654099430e-03
3.076762231934775105e-02
3.322522725371999941e-02
-4.183542586251794426e-01
7.698112741593012009e-02
5.863812210100984718e-03
4.734829848905104943e-01
-1.348370690354031010e-02
1.103181192051963478e-03
3.676585005788151218e-03
9.286293279695588890e-03
-6.692272367797665045e-02
-5.401967397156626953e-04
3.190689862842199104e-02
3.263683369040343979e-02
1.038908520883420478e-01
1.512158921734570345e-02
5.535469582452821197e-02
-1.768096282495000837e-01
-5.928868912358409293e-02
2.091531198023915405e-01
-2.210044150997752532e-01
1.254201918065981136e+00
3.568354861580524950e-02
-3.593913217414319849e-02
-1.223307683038547949e-01
-3.196001944047064947e-01
-3.489919007434022762e-03
-1.260608511946304189e+00
-5.158481460662477786e-02
-4.262577877183727493e-01
9.474783063570375863e-02
6.865954659902916146e-02
5.148456180875073951e-01
-1.044721133739746621e+00
1.115946161973631195e-01
2.731857695028943045e-01
9.026462663080965232e-01
-1.932192830060475985e-01
-2.038550563715535099e-02
4.544063189248304796e-02
-3.020019225766290005e-01
-3.996516201661837187e-02
1.395846310690242176e-01
1.408510818825159661e-01
7.269509678642619432e-01
8.721175925966833872e-03
-2.147398836028164074e-02
-2.659796255139100229e-01
4.958724850575584042e-02
1.358612145390250027e-02
-1.371078484221245342e+00
-4.377261514353475436e-02
-1.668076046204852447e-01
1.353781393422823776e-01
-1.190672880809805906e-02
3.678457004041018052e-01
-8.742605152852751527e-01
1.449650249944290370e-01
-9.590229218617989104e-02
1.492634581439725716e+00
2.607375633171667498e-02
9.449437436399403534e-02
3.479308516174670074e-02
9.299296031581838484e-02
-2.266034143129596126e-02
-1.991762078794918726e-03
9.799102157123354764e-03
2.028612136937037527e-02
7.632049152759146603e-03
5.956689303210195921e-04
-3.068250014622508296e-05
-1.560862506448253834e-02
6.265005898441441956e-02
1.571982839149193775e-02
-9.827620745330403751e-03
2.838326298685001775e-02
1.074229816876728048e-02
4.641971570976947958e-03
5.571068457559802747e-03
2.349712126286757584e-04
-5.828401778837324354e-01
-3.078705653262716058e-01
-6.665216748702401141e-03
-1.229253643120362116e-02
1.976992630065379716e-02
-1.378311473103783352e-02
-8.871168048525865379e-02
-1.084717237680178775e-01
-2.596170814469933030e-01
1.894590509470959194e-01
-2.449364900633454849e-03
-1.590197356125722236e-03
2.603219189792874838e-02
-5.025861019902874705e-02
-3.310805537914066066e-02
8.902868970604960533e-03
-3.562718815973338060e-01
9.242913778750727616e-02
-2.542445600110365429e-03
-2.554867030190481679e-04
-3.530007586895685112e-02
2.276578923443403363e-03
3.329023842936512656e-02
-7.352485729573252256e-04
8.505276800168444507e-03
6.498736581880987240e-02
6.628152718299066271e-01
-2.596946204625229238e-02
2.823599459484330671e-04
-2.033959352901470313e-02
-1.125256923992790647e-01
-3.659392115524705974e-02
-2.048314744521567959e-03
5.525748602122720898e-02
2.249839532143307619e-01
-1.472267488988584193e-02
-1.971432081392217144e-03
-1.263962508294205582e-02
-3.928998503465627214e-03
2.045673393899287396e-04
-2.537895173341650577e-03
4.246811486756952095e-03
-1.061082554820942485e-02
6.602290844493696569e-03
1.049385787173925987e-03
-1.001714855523516963e-05
-2.959884913924510919e-01
2.058722547117961856e-03
1.955996907424076628e-03
-1.292262522866814527e-02
-2.766053003388346254e-01
-7.991689974348184511e-02
-5.339911191746839897e-03
-5.548926523633362223e-02
-2.012181818782736789e-02
7.065754841064960778e-04
-2.999456225241939333e-02
1.911845525204190488e-01
1.468616464311133241e-01
3.332657439188640991e-02
5.279401304725355598e-03
-2.030102008514184792e-02
3.059650863327980641e-01
-6.819506013720256186e-03
1.529832976332183569e-02
-2.253538376094899320e-01
2.353396723330773710e-01
1.125270691398356539e-02
1.412070145875695022e-02
-7.209576141946100192e-02
-1.129658876390557121e-01
-1.555106331396103464e-02
9.347196302421952388e-03
-9.465273747158683623e-03
-5.590772054365582971e-02
-2.451011965697031791e-03
4.388467015875838250e-04
-4.476570366844527006e-03
-2.274876859980153876e-01
3.594313327589383766e-02
2.983985728085812757e-03
5.513659952175295823e-03
1.025716982402490041e-01
1.991724283872648923e-02
7.515888407346010304e-03
-3.847047255903344315e-02
1.616619721179581859e-01
8.996465148937475564e-02
2.598284022368090029e-02
-1.892603678768821907e-01
4.198596312567793865e-01
1.376871771425943088e-02
-6.304195040352884513e-03
1.555586679878433361e-02
-1.580796961762231945e-01
-1.247088464251850000e-02
-4.105688189289330992e-01
3.479606883282721635e-02
-5.038425808801209882e-02
-6.223505044679601868e-03
5.501402358518269614e-03
2.464890245399758636e-02
-1.198370938726985718e-02
6.690525214210090756e-03
3.277871332010519334e-02
1.177748705657683057e-03
-4.784352188429183417e-01
-3.721763980805249672e-02
-4.505109383507972863e-04
-5.760694912037454818e-02
-1.434818971484062670e-02
-3.520604403919877566e-04
-1.464166575637216791e-02
6.893309723282271817e-02
4.044051304365862270e-02
9.813096866382056693e-03
8.374465833378912745e-04
1.068185532327597768e-02
5.105170984772647857e-01
3.859740832344368822e-02
1.210457498693619482e-04
8.817927583279853987e-02
1.680371814309633560e-01
9.867125773757036769e-03
8.668416347272347999e-03
-1.042356437890755785e-02
2.143745125873686326e-03
-6.191506967087137200e-03
-2.194189065444922260e-01
-5.564157681807729329e-03
4.910625824010894092e-01
3.583058050486385288e-02
4.207277790193947320e-03
-5.909482510151586182e-02
-1.169069023769469667e-01
-1.263771300518135238e-03
-4.438056903263961628e-01
-3.797154180651518551e-02
-1.521743412647615611e-02
-3.732272608634733951e-02
-8.031456896838795687e-04
-9.009629438760508729e-03
-5.269960915372643752e-03
-1.420699882765225053e-04
-3.426723860009661584e-03
1.985817497288296096e-02
3.983067050481887278e-02
7.982615536316073346e-03
3.866016753870143616e-04
2.556452581012200014e-03
-5.919122960429556296e-02
3.957838013296091639e-02
1.251044027920534358e-03
1.468418021211180882e-02
-2.020574212898412422e-02
5.307389996114812193e-03
1.035742117382821214e-03
-7.245110351170991727e-04
-5.784439872008720167e-03
-2.156307612809916195e-03
3.882762270120972831e-02
-3.680741356678883546e-04
1.299489521843678053e-01
4.633325433860961684e-02
4.520579479690309439e-03
-2.635126022369078946e-02
-7.173942308222353015e-02
-9.186169963725499682e-03
-6.373850874940906186e-02
-5.609828037722458527e-02
6.033424050450119092e-01
3.527198658344017634e-02
-1.518231009854915589e-03
3.980623593680733541e-02
-1.571237803709341074e-01
-1.376759598275260031e-02
-6.316405937822013872e-01
-1.257241629937834795e-02
-1.899700760353579751e-02
1.910624646403429397e-02
-8.289544273481370398e-04
2.320025744590237249e-02
-6.479329044862753954e-03
-2.122458926730138185e-03
2.589668863539596952e-02
-1.554764747024563014e-02
7.722217806491707970e-01
-2.138976701231556921e-02
-6.808699469995170041e-03
7.027833543106222491e-02
-3.890791917323064286e-01
3.189622701002319156e-03
-4.429108143650975493e-01
6.465973363127945628e-02
-1.205262269980625633e-01
-1.562775306522209973e-02
-2.981827423150439863e-03
5.087379237988315372e-02
-4.971591191923201147e-02
1.024622068564955786e-03
2.055107741446793590e-01
3.270130866754394211e-02
4.925148626756180315e-02
4.982984269889335904e-03
4.406522777060014814e-03
2.923199243402836971e-03
-2.428841001735052019e-02
1.339797758736269986e-03
-3.027831106861633703e-02
-2.466608330872535962e-02
6.242375845152342562e-01
3.467171138284910054e-02
9.524309631789813074e-03
-8.055942276170731386e-02
-4.782031092104106762e-02
-6.745539031122394641e-03
-6.216906611041206343e-01
-4.070978558818612314e-02
1.870784348002152084e-02
-8.160468951752987551e-04
1.661228712580359573e-03
-1.160306670277073092e-02
-5.247874145443542221e-04
1.591027293086649688e-04
-3.094486006478661122e-02
-2.881733300784556587e-03
3.823502300675719889e-02
3.347942195485302010e-03
3.240045437956000016e-03
-9.291756443027350890e-03
-6.667515125802277176e-02
-5.982957801916843595e-04
8.351126844210966793e-02
-7.220521187559273378e-03
-3.637992467881182579e-01
-1.258247854791593595e-02
-3.687008213247951471e-01
-1.323724176049561642e-02
-4.964990672074607453e-02
-1.491728186436798963e-02
3.455944916246546372e-02
1.381794117353449432e-03
-1.772068293723110533e-01
-1.638131178907997060e-02
-7.310160135343461985e-01
-6.931443123033273479e-02
3.194913046727725081e-02
-2.501363977352636173e-02
2.017416858468626950e-01
-7.648774307231973914e-03
-1.764397688390174912e-01
5.016110767566455547e-03
-2.617545678194734271e-01
1.650221050866245570e-02
-3.076236861358287635e-03
-7.956042817592807667e-03
9.072383626266911083e-02
-4.074034607102453021e-02
-2.084099784935678976e-02
-1.017408695638560324e-02
-7.269637319247410079e-02
1.464174106489675095e-02
-2.198092007165234341e-01
1.662527437596145879e-02
-5.866701154088234116e-01
5.376758086989411045e-02
-6.085690520700782341e-03
1.870131237935926524e-04
-1.064749310714636736e-02
1.892564120740771946e-02
4.511607075992657423e-02
-1.502808640174501742e-03
-2.550427435061227155e-01
7.373769561793682391e-03
-2.502536413587003739e-01
-9.891185542236752282e-03
-4.360015956469783238e-01
6.344940531854091625e-02
1.503485386762806915e-02
-2.645499504487773199e-02
2.276486133531125666e-01
-1.206644424005188371e-02
-2.794594676541518607e-01
-4.391845671277262199e-03
2.042645229673516749e-01
1.766428896259562842e-01
-1.581004138283297522e-04
-1.831031134859745224e-02
1.588976151023916705e-01
3.235971407282910162e-02
-7.103030799497185230e-03
2.310428579092208869e-03
3.567965575088232616e-02
-3.370595621603932057e-03
1.098183818685247171e-01
5.413848444613932227e-03
2.172798323711793156e-01
7.504948959610849334e-04
-5.385609938182020495e-02
1.063522125374193571e-03
-1.380272751420267563e-01
3.009722165458474097e-02
-8.567192294195415114e-02
6.219739425740526684e-02
-1.184689352251993288e-01
1.798743436578786326e-01
6.507284590578393813e-02
1.662846581238646426e-01
3.750599342254153368e-01
3.259665751709374115e-01
1.432471054909933289e-02
-6.062164199573664980e-02
2.383196170674976161e-02
-2.826257321465799888e-01
7.378920936046771961e-02
1.073118789197577833e-01
1.024557114081425802e-01
2.052745540745658237e-01
-1.564192492104988326e-03
3.275208198672996830e-03
9.466344901160845399e-03
-2.445960682132051339e-02
1.466069629098533042e-02
2.084657281337145424e-02
1.641733447500771589e-02
4.007819572334175157e-02
-2.234779985535086805e-02
2.884773376682529533e-01
1.789212352891524083e-01
4.322192155649164369e-01
4.318096060755689976e-03
9.293681227448336024e-03
-6.843040167787564979e-03
1.866132827189360271e-02
3.984577769006861225e-03
-7.974183324961608976e-02
1.225562955225313194e-01
1.526448711838016559e-01
6.490418295032315821e-02
4.128843413049921307e-01
1.976991499438520705e-01
2.367632469812065710e-01
3.043291053615945069e-02
2.475526257070633646e-02
-4.185928142945165992e-02
1.599902574680010445e-02
-2.114495373071273721e-01
6.392436082575921399e-03
-6.074801785092428519e-01
5.064906721226889591e-02
6.468912968583759304e-02
3.253053494955136515e-01
2.048929300733328684e-01
2.239672740983919552e-01
-7.101972043555167258e-02
5.692862541541430545e-03
1.796420292274645281e-01
5.509006172979576121e-02
2.259197607634046839e-02
-2.905996103099524330e-02
6.495834793796609330e-02
-3.468296439666747610e-01
-9.739855837579157460e-02
-2.517187710976906759e-02
-4.614034885876870384e-01
7.257483099568745599e-02
8.464388369717681937e-02
2.349750395503798217e-01
5.816311068047477773e-02
-3.106493485040282693e-02
-4.995084208453927192e-03
5.518675101302831371e-03
1.865325999145769909e-01
1.486774538063070743e-02
4.412087251898495419e-03
-1.890819887403645885e-02
1.778004156830279361e-02
-2.131752129495896042e-01
-1.377899355049972026e-02
7.830397553094094187e-03
2.400177979096335774e-04
4.509900552811743277e-03
-3.748794438695632891e-01
2.333036734170273671e-02
3.459715007449410806e-03
1.544916475222852734e-02
6.978680496362653363e-03
-1.224409502476133489e-03
9.271765928031611148e-02
2.734683925054568442e-03
2.958773050540051356e-03
-1.031669400150542031e-02
3.742508868423732316e-01
-5.252830219684218732e-02
-6.708971715198964493e-03
-2.051612790327204689e-03
1.540031228474537939e-02
-1.011132787698742520e-02
3.445028176090529463e-03
1.444770547768499218e-02
2.381756101638601679e-03
-6.387403790508673629e-02
3.072787067242827366e-02
-1.911336721663230934e-03
4.776305737929611994e-01
-4.116164455079828377e-04
-1.112347641372257723e-02
-1.805628165543906871e-01
-1.886127197413938958e-02
-3.320726301752073839e-01
-3.392830267660913030e-02
3.347168002477914073e-02
-7.412479584382775273e-04
1.951515795958860822e-02
3.339027900839736107e-01
1.295834946108770647e-01
9.467041729833675090e-03
7.425535967605061127e-02
9.681272456449063757e-03
-1.210942945575811149e-02
-1.305471488100773403e-01
-3.144942839130327600e-02
1.274438843237879655e-02
-2.014627868003596514e-02
-1.834936941385077736e-01
-1.523305961368209283e-01
-1.300053183769741758e-02
-8.764727032597993683e-03
-2.384336212692783064e-01
-5.136522794834318811e-02
1.061374937921031117e-02
9.128166245794479272e-02
2.091056527358248207e-03
2.095008305623151934e-01
4.535199209729381259e-02
-6.575913144160428457e-03
-3.633859521627944567e-01
2.005409476782751138e-02
-1.667263342939900514e-02
8.447831122850935071e-02
-1.858431949894036664e-02
1.548506456589485436e-01
1.324340428823473637e-01
1.136311870149437214e-01
-3.948613685794427771e-04
1.800414752789562464e-02
2.194422584061686207e-02
-3.172854385816180345e-02
-2.592744162733524593e-01
-9.680004100146913371e-02
-3.527307336852463227e-01
-2.655698506213014995e-02
8.480116693909509062e-02
3.528489393406338270e-01
1.831023905872858626e-01
2.464898249890149287e-02
-1.129980780281620717e-01
-6.002807730469248565e-02
-1.145833104224827093e-01
6.548548860162239915e-02
-1.361172731735052228e-03
2.552420918776059436e-02
9.018047127121649187e-02
-2.774199591007377522e-02
7.861948906875295892e-03
-3.104090511672432176e-02
-1.157769693857271659e-01
-1.438397786718456986e-02
3.604452684416082492e-02
9.937048294873587762e-02
2.735143332874727662e-01
-6.991564395673358252e-03
-1.650890326128773844e-01
-8.790215949348900715e-02
-2.383508309712600026e-01
-4.190455493832215272e-02
6.189119313591839172e-02
-1.204762505926582350e-01
3.264750913475524680e-02
-1.389817798542384436e-02
-3.935149357295291209e-03
2.849004211202543768e-02
3.318302980128026020e-02
6.788367989180054719e-03
2.542844072964593749e-02
-2.699415527754127353e-02
3.649951182855501464e-01
6.491052201577089675e-02
-9.670976782157246487e-02
1.969016547239268167e-01
7.326838213143753442e-02
-4.829943224106118815e-03
1.212865501431419427e-03
-1.610108257438228052e-02
1.498892513005277947e-02
-3.474488605260819298e-03
-1.325896618149518258e-01
1.046756925801377476e-02
2.792481051333110531e-01
-5.507558595259558903e-02
2.427358275930787540e-02
-7.923954989488499190e-02
3.795979798119851478e-02
-4.387654044734241865e-02
-4.376548548111817705e-01
8.757642755623157305e-02
-1.272446623304492319e-01
-3.268255749955059717e-03
2.403616427617445706e-02
-3.962883582628035778e-02
-6.521478404558749171e-03
4.785008829525372862e-04
-1.311163810145352885e-03
-1.349921692290341826e-03
1.117246002680756696e-02
-4.755391338463958555e-03
-4.985817825402096524e-03
5.632179568813423624e-03
2.134429819787830862e-01
1.439898884320535248e-02
-2.780040579142128640e-02
6.504904158583696416e-02
3.566141201514460429e-02
-6.002578418981114293e-04
4.069298620869605675e-04
-2.518699599530077170e-03
4.883863511642044276e-03
8.477233088829154353e-04
-6.063956425558249264e-02
-1.288677595543700138e-04
9.249793749003749899e-02
-2.916560029609360782e-02
-1.590313081532612792e-03
3.938889828363616522e-03
-1.393852213931295880e-02
8.164816263334527882e-03
-1.531314143450629439e-01
3.071081684399637815e-02
-1.408489379808967878e-01
-1.200514439310180169e-02
-1.067423632272926576e-03
-4.840654742000645612e-03
1.222819181509094896e-02
5.850048970844683128e-04
2.411548272149503791e-01
1.460168234729074081e-02
2.255889566762455944e-01
4.443133863804198114e-02
1.984731867507168526e-02
-9.632452953748370239e-02
3.313847512732100153e-02
-3.530172143884471175e-02
-2.504050926949053513e-01
-5.757692842525086868e-02
-7.184826094617134673e-02
2.067891122011401503e-02
1.622041009530398870e-01
-8.172227494037263840e-02
9.068631117851937151e-03
1.290142886991737549e-02
6.031813325648276158e-02
-1.605064706037057920e-01
-3.960008565080906651e-03
-1.031804085531079843e-02
2.100336800184784136e-01
-8.814771554035116807e-02
-6.529341306849764104e-01
-3.655340362583996139e-02
4.931042501824339092e-02
5.989840167629183892e-02
1.397324824204342064e-01
8.299256904012294322e-01
2.177939447089171396e-04
1.263482283202036057e-03
1.155060780372798137e-03
-1.171135253036514716e-02
1.036523410016233770e-02
-2.278467656059358915e-03
-5.391749700549848534e-03
-1.277794966362485671e-02
-1.283754231007213364e-01
-6.658347086964033767e-02
4.504131461591550506e-02
1.247134106844401402e-01
1.135132650530901177e-01
2.280857517574947091e-01
-5.250584435397800259e-02
2.502859000401230771e-03
5.928752822424691177e-02
6.214287905197519134e-03
1.378948852073841672e-02
-1.521125131133528596e-02
8.380647878918910665e-02
-8.493965316181990854e-02
1.340107751993555585e-01
8.927602610992446935e-04
1.803766859285986165e-03
-8.949498438614870294e-03
-1.390315271674660326e-02
-1.291119081513331318e-03
-2.364593241650787547e-01
-6.453920373304536731e-03
-4.294139635776136193e-02
2.026194111204787304e-02
5.626748899474636259e-03
7.020295547765927069e-02
-2.360504013503827436e-01
-8.781622921167509671e-03
2.615791336780521822e-02
4.151338882910968198e-01
8.593010444230807232e-02
1.119873527908618605e-02
3.701420503011629824e-04
-4.485610167322131095e-03
-5.232035931385296476e-03
-6.419415990075225294e-03
-1.577720260386349660e-01
-5.860205636673838925e-03
-6.893053125245450843e-03
5.311002054603343979e-03
2.770343252684583958e-03
4.998325008015714471e-03
-1.526173985612214457e-01
3.871385201839661928e-03
6.810784070040734779e-03
2.797429429622864672e-01
1.534544011833429977e-01
-9.010414619872143815e-02
-7.775327690043799291e-03
-5.049875351488666841e-03
-2.346233650449903226e-03
5.551795872616890198e-03
4.963274897131429025e-02
-7.405711646325833716e-03
-1.081080394900787583e-01
4.127105843403171270e-02
-2.264815311386842167e-01
1.436826978076915506e-01
-4.598339382140319981e-02
1.124048706750419360e-02
-9.492915656504685240e-04
1.841233787059902080e-02
-2.091200006959716747e-03
4.987548885388210645e-02
-2.583437757700907111e-01
6.489881660366605227e-04
3.755899455843303685e-03
-8.036851850903056760e-02
1.784918812663081611e-01
3.790089125930516389e-01
-3.655113366608902289e-03
-2.914194696554256274e-03
-1.665006508835649630e-04
-3.822847560641765528e-03
1.454899404379633200e-02
1.225876134863354561e-02
-8.937151369406761423e-04
-9.524437361085954720e-03
1.852365971988224631e-03
2.229967608788195436e-03
2.598396922133833220e-02
-3.022441141288758314e-03
4.459914945884472029e-03
2.242071041919318705e-03
-1.590625595133825579e-02
-2.119707074923909626e-02
4.911073138086739917e-04
-8.612039347460246776e-06
-3.303301119032348021e-02
1.783334813264889377e-03
-8.617885820010936365e-04
1.809109167173662000e-03
-1.071481028429650448e-04
5.033238383869707844e-02
9.213787384783612283e-03
6.782006636785008549e-03
-1.707842443487456868e-02
2.025228318785333298e-02
-3.016414279350736801e-03
-4.465540967057502614e-02
-1.250799951930730951e-02
1.507585864995097079e-02
2.534979668135489000e-02
8.749165723189643307e-03
-1.184991513616828404e-02
3.029737964441656453e-02
6.547544598425722798e-03
7.879265776572110316e-03
4.445547967504230591e-02
2.120598700091776839e-02
-7.963786115205519212e-02
-9.943326498830298843e-02
6.965906798863093219e-02
-3.136191900654918679e-03
-1.615231233089984078e-02
5.947906641145148891e-04
3.563810149504094416e-02
-6.687437768082910017e-02
-5.406287668723692378e-04
7.581867822002317722e-04
-5.044609928848877833e-04
-1.280882104567986762e-03
-3.712130076485008895e-02
-9.197395175716188698e-03
2.052598686448966342e-03
-1.766905022371813988e-02
-1.740597708830415868e-02
-2.769442935322164248e-02
-2.059940901889089574e-03
-2.744331904788903116e-03
1.034190965339327507e-02
4.169477266367413687e-04
3.718640825160256930e-02
5.192986486676071101e-03
-1.486096821821121239e-01
-7.675462278294881147e-02
-1.994267116289349592e-02
2.655664761157075157e-02
-2.421442126319921315e-03
1.458344716208788980e-03
1.012226984041917355e-01
2.400019676090004578e-02
2.494443285600596028e-01
2.891701771131181542e-01
3.630361885261409322e-02
1.680367704672953294e-02
9.361049788867393043e-03
2.798016073272714677e-03
-6.062581136071071297e-01
-4.022268345569540021e-02
-8.161297942085893320e-03
-3.050201841980148404e-02
3.882830578691696976e-04
-1.564455277953455750e-02
-6.563306652477069640e-04
7.880130572602745548e-03
4.317107587665426627e-02
-5.322260802369117860e-03
-7.535096571626931361e-02
1.322259258258717991e-02
3.387923915946076947e-03
5.719143316568327208e-04
-2.010074947511267252e-02
2.678668468968564871e-03
1.707919192052883839e-01
-5.185107546108349945e-03
1.763702703000323835e-01
8.230948416494901498e-02
1.300919674162421755e-02
-1.090490410463209325e-01
-8.540011675409257819e-02
5.705639959899916694e-03
-1.615224992316255104e-01
1.487384997633221795e-01
-1.608048596196472516e-02
8.646246691304659143e-03
-6.605771130054234608e-02
-1.795172163011835367e-02
-3.356913917477946912e-03
-2.623617377219266759e-05
-5.494526466426415297e-03
-4.924590988055177997e-04
-1.483059573827680624e-02
3.456431336621426740e-03
5.152982578823062793e-02
1.565623728629078615e-02
-3.686719425280742240e-03
-5.432403127755150787e-03
1.407482967859153000e-01
-1.574245208270404900e-02
2.186563480679906690e-02
-2.428451137258895096e-02
-2.299234303232427223e-01
-1.154977558076429878e-01
-4.121423959701481232e-01
-1.598658175970944437e-02
-1.625296254652271524e-02
-7.504091786682502837e-04
-6.493028075805974686e-02
-2.030125047574621658e-02
-6.032913925405727212e-02
-1.181318362812456557e-01
-3.918963937336124581e-01
-2.566833157629686557e-01
3.111544732481475936e-02
2.580840426644749955e-02
4.420076980359683577e-02
4.936747741691445424e-02
-2.626486883969923747e-02
-3.593099369227065187e-02
-4.119988901447006746e-02
-4.430003677878894576e-03
-4.857047295530620562e-02
-5.074432979012092476e-02
1.548551153637778288e-02
1.510280271934267941e-02
-2.054228631765112750e-02
-1.006113689021021981e-02
7.591414961992508370e-02
8.503495487614451398e-02
2.067667267622595173e-01
4.113433495909674664e-01
-4.070246988833359919e-02
-5.291422939187538643e-02
4.499097298590862964e-02
-5.639037645411719424e-02
-3.366322545647914555e-01
-6.297238712441660669e-01
-6.413599725158461787e-03
1.316853585156728076e-04
1.211170728082510860e-03
3.065197871507832454e-03
-7.083016577647712787e-03
2.751058593510901252e-03
3.839802888452553513e-03
-8.565135538878658472e-03
6.943527277569046252e-02
2.071649209544428327e-01
6.335661697561821917e-03
1.093864393193538613e-02
-9.243592518018988943e-03
-2.110413008288765380e-02
-1.139812299467790335e-01
-3.466916942378672206e-01
-5.263355817759278465e-02
-3.266540944346138509e-02
2.846158311048236911e-01
1.574315688995617246e-03
6.347619668957148013e-03
-5.913456079040969177e-03
-8.362390500866374865e-02
-8.290641302741165453e-02
7.398583912939417882e-03
-7.556752407305438205e-04
6.447257081592429329e-02
-2.786211114414411869e-02
-1.230224845346518520e-01
2.269036042731326086e-02
-4.776611809340994830e-01
1.319811176898202376e-01
6.720290352165455942e-05
8.139732706207182793e-04
7.017299601126062401e-03
-5.568810985893061193e-03
-5.884919243650865717e-02
2.610927557997368663e-03
-1.591162170635710971e-01
-6.608143926295374955e-03
1.102271085407155026e-03
3.303823148634044311e-03
2.224339648576952044e-01
1.204639421844028169e-02
-5.653758279177978352e-02
-5.447566916873816494e-03
-4.002090461532168963e-01
1.727065673678405966e-01
2.930939059099175320e-02
-1.697468293676110407e-02
-4.343053502144967326e-01
-4.558503046601375397e-02
1.811843016769375814e-01
4.524847198679674554e-01
1.045933206588102980e-02
-1.363104973793670231e-02
-2.354760171157032830e-02
-8.012623223394402250e-02
5.837648885951071676e-02
-2.178803322449146193e-02
2.996628687251652323e-01
8.191835316817192014e-02
1.122555307419802369e-02
-2.132943887270566385e-02
-7.589941026711843897e-02
-1.897004614245149587e-02
-4.299968136629299664e-01
-1.229007995827164079e-01
3.509830642140875003e-03
-1.216527625130246239e-02
8.245472972814317514e-02
-3.046984457515283795e-02
1.966763353121565860e-02
-1.365729464815006178e-01
-2.270730644895867234e-02
2.214582060320540169e-01
-5.157015672073388401e-01
2.781145371269077432e-02
1.265951604555997090e-01
7.410997552564421165e-01
1.787526655164051181e-01
6.848819191033680108e-03
3.163691508232922486e-03
1.214858145644476251e-02
-2.936929634691418448e-02
7.114708914498391046e-03
-2.985757403018794998e-01
-2.475239766841407299e-02
-9.660981612776695831e-04
1.923067917555347766e-03
6.901994764562122218e-04
-5.300137025078804388e-03
-2.522615229354701217e-03
1.302509779608026184e-02
-7.437517775251996539e-03
9.996132876728348882e-02
-2.895505444749285062e-01
-2.445195703324653733e-02
5.191415157628390814e-02
4.825010975852004336e-01
2.934763839483461312e-01
4.144096501235055435e-02
1.816802216624087071e-02
-5.930077935663390087e-02
5.395596706395810321e-02
-1.756527583345617732e-02
-3.804037492196682413e-01
-4.734545758097725293e-02
2.401332091500379268e-03
-2.077543910471056979e-02
2.145654107144804798e-02
-4.313474454891530127e-03
-4.847900515724024584e-01
9.065980903837643490e-02
-9.098555639059797973e-02
6.250706141143986816e-01
-8.871178894348304145e-02
8.132543474602998285e-03
-1.279942529830958462e-03
-1.133099811834605529e-02
4.655207495299207646e-03
2.029105105722745894e-03
1.480759039352548823e-01
-9.712218130169080268e-03
-5.464441590635472391e-03
-6.990745223101793148e-04
6.222621496148282409e-03
1.580080943489805753e-02
1.365779691626141934e-01
1.956536173850649887e-02
-9.733141590220300426e-03
-2.290196075085588201e-01
6.754553984648246912e-02
-2.598985271933874561e-02
1.463525140627690985e-02
5.261994595444715456e-02
2.159287445719577318e-03
-1.380754384834512738e-01
-2.876671331778728104e-03
-8.171592854222442873e-03
-1.464548046540760547e-02
-6.117649130013057268e-02
-2.257697329939251443e-02
-2.528701339902686765e-02
1.329220579748962017e-01
1.366993270021442941e-01
-4.430479263559105284e-03
4.574441332203073307e-02
4.144003946340341776e-02
-2.054228819633864556e-02
4.585880909129406817e-03
3.775289307623132945e-03
2.529073012167904269e-02
4.260595565611122876e-02
-1.504980659352937429e-03
-1.590464227496561286e-02
-5.490736584720504188e-03
-5.574742284114867635e-02
-4.554058063462731315e-02
-1.865752990581136944e-02
2.381248384255544026e-01
1.180344935329766809e-01
5.767376402311593167e-03
1.433130481235162824e-02
2.697236400412514681e-02
-1.470955743330599752e-01
1.026726773507423557e-01
8.291227595085165492e-01
-5.612983742641381758e-03
7.634819108424668703e-03
4.521747394819643912e-02
7.752720884720391836e-02
-1.819383529926819811e-03
3.144584469125243607e-03
-1.310108553852961169e-02
-1.205935342036951741e-01
-1.703326557503948187e-03
3.174910824368468859e-02
1.160897048217976978e-02
-3.054067252355030515e-01
-3.545739614841655028e-03
1.336831642626600536e-01
-6.541226871274450835e-03
1.702013763195763529e-01
5.679141857313742270e-02
5.277462663872173332e-01
-2.659130755540356147e-02
-7.453592696382877782e-03
1.165229180460769856e-02
1.355417908981827995e-03
1.766914402859810079e-02
-1.182449460747834850e-02
2.212722035550349423e-02
7.674560355913292997e-02
-9.910770040769495415e-02
1.657574342492911662e-02
-1.899620329703111468e-02
3.092207802396695557e-03
-4.723245154821250485e-02
4.026447084993031549e-03
1.749782937315837172e-01
-2.897409902720819372e-02
-4.936198214828770026e-02
3.445223352756947299e-02
-7.458147577637243633e-03
8.569852427457660959e-02
2.551822683153714966e-01
-2.528328930852021331e-02
6.877383371524069255e-02
-4.362286312033131774e-01
-1.618208043542112284e-01
9.794214588028890209e-03
1.426939893523250080e-03
2.797298832347558384e-02
-4.599695749978905540e-02
8.261842440674062489e-04
2.639955379546413683e-01
-1.474506143740895309e-02
2.458826531753911804e-02
3.824889143480814623e-03
-5.286346710418026416e-03
-3.390358526502647990e-02
2.712279343288176991e-01
-4.425569068799704853e-02
7.184638874893577165e-02
-4.388536360491854249e-01
5.228037998273902393e-03
1.288398998097329932e-02
1.540767527880915373e-02
-6.492165050098068491e-02
1.476476232588158910e-01
6.570778886393682794e-02
9.349755100754451181e-03
-2.171085443952651059e-02
-2.853864450513645887e-02
-1.837535994480147747e-02
-1.732143100440252659e-01
-9.059160804362914599e-02
-5.805824629203424486e-02
2.996545890717083188e-03
1.851062096215358790e-02
6.966250362495222948e-02
-1.941329673744996431e-01
3.155922396285065074e-02
3.142376495357569743e-02
2.242493117925135615e-01
-1.425506754726072432e-02
9.878206179689340283e-03
3.880516251487414314e-03
-2.206256796228364681e-02
-3.250527047109172049e-03
-4.562593595467044801e-03
2.553587802219869918e-02
-1.085004586368118126e-02
-1.500544690852530227e-02
3.765846622082958707e-03
3.973772209923146122e-03
2.266759598943314871e-02
5.235026376980055768e-02
3.301159639477220520e-02
5.428594423023521721e-03
-8.335831790405076602e-02
1.997796250754807143e-02
-2.450792551477744621e-02
4.229768063646335147e-02
-6.877984215765288456e-02
4.397874618035261390e-02
1.185463592402411503e-01
3.316365107316651684e-02
-1.000618570135707180e-01
-6.457421840942166591e-02
7.480911343628514620e-01
1.038875198809104811e-02
-7.014144057214222010e-04
2.328028748571541254e-02
2.633005884373931793e-01
8.556948805946641007e-03
8.114706874417381560e-03
-2.450463384498925007e-02
-3.821432461993119478e-01
2.815332995175804515e-02
1.030316734552808311e-01
-6.642420313988266212e-02
4.569767266222345969e-01
1.825607368683221654e-01
-2.858529088725100809e-01
8.373704752969435283e-02
-3.788308535970739133e-01
