-3.239805314490674243e-02
2.431159869009817398e-01
9.844149535689341798e-04
-2.637955461170741200e-01
4.138676448742870662e-01
-8.410697879179621431e-03
1.980158316331570578e-01
-1.509770259513417701e-01
3.067461669505599509e-01
-2.451952138939482995e-01
1.462144160088881262e-01
-6.476463652789831160e-01
3.786522077434211764e-01
-1.001233049451065588e-01
1.415998494930277296e-01
-3.583012129660048672e-01
3.334285549966277684e-01
2.407553010054274134e-01
1.027376584908777785e-01
2.814072428992961047e-02
1.294544522176934720e-01
1.928832703389381786e-01
-9.689071369095077907e-03
3.788613683523109343e-02
2.860143896801768393e-01
6.761251105806230510e-02
-1.809989569034156946e-03
-6.482571599883933666e-03
5.826245389349241771e-02
1.770219865310494745e-02
-5.892411332082554340e-03
-3.127530226685978215e-02
1.158144903493163284e-02
1.386927932177736082e-03
-1.409728516575063390e-03
4.680807333719259195e-03
-1.869781009655022835e-02
2.576782920830616302e-03
9.696224848280301720e-03
-6.756115214703026011e-04
1.317190606298448974e-02
-9.751507294454141161e-02
-3.923454302971061264e-03
-3.489195043478968139e-02
2.297624455630735765e-02
1.676721237067958781e-02
-2.165519832927515625e-02
1.376497725035706957e-02
-6.148188575807157774e-02
5.758618162759569781e-03
-7.701543584966247247e-03
3.306522524117045444e-03
1.148779535695496588e-03
-1.152210317245108695e-02
-2.026987864298416750e-02
-1.847032655255370984e-02
-6.857622319729150232e-05
-1.700002693671021168e-03
-1.256435818715522217e-03
7.303818074091511471e-04
-1.300475897193194351e-04
-7.218330337386828126e-04
-3.426978492900318446e-03
4.346447952885808957e-02
2.811247720811760886e-01
1.659616146794192781e-01
2.209091676306228560e-02
8.534100499104496640e-02
4.088396667121432793e-01
6.960162296887834055e-01
2.040555733329790233e-01
-7.264381036726652412e-03
9.947356151423150661e-02
5.925374534712989777e-02
-1.331505125145606740e-02
-1.505464073629516134e-02
-2.725538837926337263e-02
-4.172127455311653264e-03
2.120371729829023319e-02
-3.225740287481200681e-03
3.069619848272637456e-03
5.535721636932292022e-03
2.734149926095159281e-03
-5.920918813032549979e-03
6.234124181501277291e-03
5.226820440661471799e-03
-6.904210155907429796e-04
-2.784188077754551696e-02
-3.178733283265008924e-02
-5.046040965101471730e-03
-2.129322212204247129e-03
-4.930292494725561046e-03
-2.280210066122278709e-02
-5.434759528334014156e-02
-5.317321213696727528e-02
-9.622910883959777048e-03
-4.755797225388190726e-03
-1.397639991337240378e-03
-4.453029012751819407e-03
7.372439366739787789e-04
1.654727002253174794e-03
-2.054728626585357787e-04
-1.332412166027516383e-04
1.917652777777922955e-03
-1.426526472675015023e-03
2.023325653677263657e-03
-1.024487651844480096e-02
1.740920277863305596e-02
3.446229238683141266e-02
-3.621537263594842848e-02
4.654630741994227223e-03
-5.777758169449048048e-02
-9.092194653648698333e-02
9.826664318570481338e-03
8.073086539603108874e-03
-3.705310153475360052e-02
-3.201519821327021564e-02
9.881245141928096318e-03
-1.059630850905733841e-02
-3.522502051887748710e-03
-1.524011125422667452e-04
1.171723070178908857e-03
4.830413221739742434e-03
-1.873334613995088866e-03
3.527294084022972870e-02
2.032452057116251876e-02
8.938487440030647505e-03
1.049710252586001473e-02
-4.027754938452439600e-03
-9.842412683005417884e-04
2.969597222221700712e-03
-3.649385391004610849e-03
-6.618059084672145518e-04
-1.497112396712129171e-03
1.665774486472344903e-03
-9.216666666696566213e-05
6.426111111104373290e-04
3.869444444440345949e-04
8.588888888890975888e-05
2.809059341317269622e-03
-1.320236603102750272e-03
1.824259204162217464e-03
1.716491687827802854e-03
4.347609858438523174e-04
2.500663270933244347e-03
1.151947225592818468e-03
-1.768890019436344854e-03
-2.470833333328491623e-04
-6.136666666654442192e-04
-2.297527918338449718e-03
-3.208941000066227716e-03
5.589209824526713763e-04
3.034995015994184676e-03
6.501111111119353908e-04
-8.054166666666978539e-04
4.894261436065727592e-04
-3.989761714372160907e-03
-2.171556226123931479e-03
-3.650018214479429216e-04
8.203749999988835208e-04
1.960472961342835628e-03
4.304948646747269085e-04
-1.488333333333400591e-04
1.303888888886149753e-04
-5.719444444450493513e-04
4.811111111170033298e-05
3.669159167496496561e-04
-4.377963264121823386e-04
1.106029592889783402e-03
-9.693526367278158026e-04
1.440744790144316608e-03
2.095925691309332480e-03
7.127555548445423019e-04
-1.153380051111131026e-03
-5.541666666673392865e-05
5.196666666672592741e-04
-1.316831902682910648e-04
-1.129377095322555390e-03
-7.411766462776046404e-04
-3.267859207037796242e-05
-5.921111111101154487e-04
6.129166666662517419e-04
4.953768064961589678e-05
8.885958620029603839e-04
-5.270938475015623809e-04
-4.720413228268894906e-04
1.378749999993114270e-04
-3.274397885114663058e-03
2.535779078263401994e-03
-1.391666666666277203e-04
-1.158555555555488680e-03
-2.967777777780682092e-04
-1.411111111108429127e-05
-1.103890015657515381e-03
-4.109686241136072029e-04
3.759273781829281479e-03
1.234032933962728694e-03
-1.079244263303220843e-03
8.803287267353588404e-04
-1.997781715231871031e-04
5.021514587688377489e-04
4.502777777776984327e-05
1.349999999999827683e-03
-2.187686068598457094e-03
1.011676535729594999e-03
6.293228149521690651e-05
1.663352241063717919e-03
1.758694444443966538e-03
-8.905555555521521473e-05
-8.356293745233903331e-04
-4.189512150626856744e-03
-4.507041034436116977e-03
2.311647283143924221e-04
-7.084027777777065094e-04
2.814407930934686650e-03
5.731440464413064617e-04
-1.583333333281292281e-05
-1.187444444443646122e-03
-3.812222222235739778e-04
-3.188888888870903442e-05
4.639444694507183047e-04
-3.707899258811726243e-04
1.132122519951609275e-03
1.366221500914019393e-03
-1.283147587873379424e-03
3.310568949458185962e-03
1.982174879057358222e-04
-8.583142709169008875e-04
4.447222222173723128e-05
1.019999999999973402e-03
-1.063468768200009603e-03
1.203899755131632599e-03
-4.889082187913175578e-04
5.482178674384188778e-04
1.054805555554762372e-03
-2.794444444408102074e-05
-1.441517392928033658e-03
4.108699863561441810e-04
-3.926256465515548348e-03
9.628430048911937973e-04
-3.534722222218372788e-05
7.037083912760823271e-04
9.569372970578266229e-04
3.585973287657928665e-02
-3.456584507538344037e-02
-6.123843586122084542e-02
1.696094477025694436e-01
9.131741200498769140e-02
2.626458331136900456e-02
-1.765469454688704462e-02
1.948476386534878091e-02
8.807518934968866509e-03
-5.623652929153780643e-03
-7.884040711994890274e-03
-8.172927082760387055e-03
-1.819745789281477198e-03
2.421464817413767137e-02
1.155134713586424694e-02
-7.039078001131182649e-03
3.327055411171358341e-04
4.277284465698167649e-03
-2.540422096447616379e-02
-1.914574980933355652e-01
-1.393786320610357343e-01
1.525921518546235860e-03
-4.106153264072842125e-03
1.462362237332799717e-03
-6.389648536796393302e-03
-8.011104730570687074e-03
1.052433937764263566e-03
1.283099895702009829e-01
3.479270496718224470e-02
2.207438851310884048e-02
8.653640997421127579e-02
3.757802529889162774e-02
1.565120594236737300e-02
1.115232912352112811e-02
8.308016215416570704e-02
2.177718462351536932e-02
-2.643962287495009705e-03
-3.327177726308177294e-04
-6.963052917732070850e-04
-7.288184792652253365e-03
-1.771402728076014671e-03
-8.584693873315365781e-04
-1.163922548020997465e-03
-1.036968477812940130e-03
1.275072004889435135e-03
-4.594331548359689016e-02
-1.376381173858056903e-02
3.353928774802289112e-03
-2.361153447707751291e-02
-3.018547955440024737e-03
7.258283552327577911e-04
8.031967294039609601e-03
5.886961227272536311e-03
2.787761421176253957e-04
-3.319007252129404714e-04
1.769885860064930204e-03
2.914206052253286248e-03
1.287616318495295566e-03
-7.531405585762098245e-03
-2.461879786002065321e-02
-1.880253946757203323e-02
-2.500613434072933641e-02
9.496843027623555825e-03
1.475063901581270473e-02
1.582359228218358795e-04
-7.199043348242249729e-03
5.940538050117945279e-02
-5.808726817508012841e-02
-1.129581027408174398e-01
-1.396510785975593055e-02
-1.710686801817236022e-02
-5.572425113873560876e-02
7.180234594675249804e-06
-5.614596628766723926e-03
-3.054215169322807566e-02
-4.055888607154970599e-02
-7.476490059160609269e-02
-1.899884129438302646e-03
3.050963275878366271e-02
-5.066434239296558478e-02
2.091822965113597152e-02
2.175037102974691494e-01
1.249905590871682043e-01
2.899829381687468038e-02
-7.830471604434389998e-02
-1.566709740369946063e-02
-1.730714095269814774e-03
-9.036776611954576433e-02
-5.447922203296391014e-02
1.313813784171227565e-02
-2.407083139089525453e-02
4.912071504989730213e-03
4.876769914471996807e-03
-6.027642155259587027e-03
7.474968728053289768e-03
-3.531631291841771155e-03
4.321751877627941218e-03
-1.291003443469340706e-02
9.534018820363180172e-03
5.854267523146095692e-03
1.430331958805683467e-03
5.623449823421273856e-03
8.858901701195488754e-02
2.542146049955052445e-01
1.510355473539733429e-01
3.823319476241817533e-02
-7.075776362231189255e-03
8.221785801445710695e-02
1.394239544447415102e-01
2.242746549226376507e-02
1.781685280107487418e-02
-1.735270000653752961e-02
-1.286428574678242370e-02
1.189551927347612739e-02
4.062443238113658782e-03
-2.533545352032202328e-03
-7.034101003989094714e-03
3.881546735033423491e-03
3.449215521504524901e-02
4.876827164896018092e-03
3.154363133109064875e-03
4.659427854828039617e-02
5.146066308438953770e-04
1.733270707116874899e-03
2.342207971981748790e-03
7.558171682339455367e-04
-5.049818884867934149e-02
-5.660526151295642433e-02
-8.280659420510655400e-02
-8.682517633899732024e-02
-2.075164682983082209e-01
1.276146401276911143e-03
-7.474567872579718220e-02
-3.207816324823636878e-01
-6.322138837634999620e-02
1.403813934918168582e-01
5.602042229687301950e-03
-1.511592510480747886e-01
-2.055631211562545038e-02
-1.992645048319262660e-02
1.670608407847190557e-02
-2.151838728003336101e-02
6.772346799855232663e-03
-3.988967392463532539e-03
-1.958240762581088101e-03
1.085948190921407278e-02
-9.244654447739404299e-03
-2.019433297584775130e-03
-3.052253106018206798e-03
3.289605645182023825e-03
5.478462759010342686e-02
-7.632680848700626464e-02
-8.211521178715344704e-02
2.002201724610024741e-02
-6.380626294862893136e-03
-3.170882691251328961e-02
-3.704518567644266708e-02
8.436462442334181910e-02
-3.923829259377727141e-02
4.064318396736459754e-02
-1.704144631684756730e-02
-1.005037064955767445e-01
-1.700387598690422317e-02
-1.049781287100152484e-02
-1.672788948408616277e-02
-1.660357543066032573e-02
-5.048544798433115405e-02
-1.004232839454694860e-02
-1.465834309247550718e-02
-3.640791358049241810e-02
-5.079000456470165667e-03
1.356578618357852980e-03
-1.221701252241154780e-03
-3.594609769081853236e-03
4.496363933435874871e-02
4.538135398811534577e-02
1.073055692220732105e-01
1.314201225873848078e-01
4.037871892641978211e-02
-7.723746770564266124e-03
5.465880733870092300e-04
1.594639228240097781e-02
-2.892060467594100709e-02
4.314235048148581941e-03
3.437108400712621248e-02
-2.284352984701592398e-02
-2.120594139679084569e-02
-1.591574568495114986e-02
-1.313111616950877331e-02
-1.831989760946775916e-02
-3.147146754920627371e-02
-5.542419443859937511e-02
-1.682410914715293249e-02
-8.048402931852305028e-03
4.427432692773910529e-03
1.649562361222486548e-02
1.157566370314105225e-02
5.524995615660019919e-03
-2.798733097388304489e-02
-1.372810297167324500e-01
-1.808902105568354068e-01
-6.129414340431205838e-02
-3.129068056257872793e-02
-2.437703637207425458e-02
-2.222612392089059336e-02
-3.098882250951932524e-02
-1.667333001976160781e-04
-1.950988927950672233e-02
3.789011198385726798e-03
2.304628539049171504e-02
-3.582289131043395972e-03
-1.739739789887331106e-02
-1.152576486377291515e-02
3.958678776736512112e-03
3.193020797633595864e-03
1.314604892129527490e-02
8.272775696372339574e-03
6.776498020240114863e-03
2.502384907313762608e-03
5.510365918638513057e-04
4.237226157949350834e-03
2.394362865535014026e-02
-2.262482196113482780e-02
1.776362374618653192e-02
3.684136373282920901e-02
3.534729345270510876e-03
-4.898975248934137050e-02
4.690218120261217122e-02
1.058657718077515575e-01
1.601248723280202998e-02
-3.017987491749362511e-02
-2.115863109682793175e-02
1.062595897908828746e-02
8.047368462173036877e-03
-3.552133822911289311e-03
-7.034481141306968277e-03
-1.119153629961850381e-02
6.412493763528128755e-03
1.139191237832748796e-02
-3.267049637093046022e-02
-1.694224867338629467e-02
8.976357410592951044e-03
-3.552242799272353323e-03
-1.642007483078916294e-02
-4.850801895356261426e-03
1.877400998381952403e-03
4.122381318911236660e-04
-5.734028360953171387e-03
-4.644811198333445579e-03
-7.345972827509994647e-03
-8.115456185569895620e-02
-1.163526935246867178e-01
-7.245137953200583847e-02
-4.813547626546272468e-02
-2.506731327297443204e-02
-1.805727800550453225e-05
1.377334642920881660e-02
-6.570480957298621694e-02
2.960997174815222302e-02
2.116036025135182436e-02
2.655533505127849470e-02
3.442556468638872935e-02
1.416308581596914702e-02
2.635735135512558627e-02
-9.970593263232583117e-03
-1.908548522417778323e-02
-3.427338392576571337e-03
2.560798770365367572e-02
2.470113301583529847e-02
-4.716067950818572663e-02
4.449956316491783873e-03
2.568059426186483987e-02
3.827055541917001591e-02
2.308169071409757120e-02
5.849393099868371165e-02
1.113556597988370200e-02
-1.888809141970573509e-03
2.353288780217766690e-02
-5.168949603382701164e-04
-2.470934587461406169e-04
1.931671576982434634e-04
-6.459283645353665598e-04
-6.984699341273060622e-03
-1.970463848794706168e-04
-1.164605124857487394e-03
-6.914884340022265166e-03
-6.394535695446200789e-06
-3.201588712832850422e-05
1.411495580716434219e-04
-2.706447191824780352e-05
-1.419553578167741421e-02
-1.746483000387770088e-02
-2.721444469597748437e-04
4.901024721295590449e-04
-8.059555727291016838e-04
-3.423458471197043072e-03
-1.669065691548313147e-04
-2.890547214552856097e-04
-7.505970397157156818e-03
-4.416862931286159866e-02
-3.417303910400305844e-02
-1.716926620684423865e-02
-6.067634573872979220e-03
-6.182585841976740923e-03
1.273436750716688305e-02
9.289221969570223003e-03
-6.435377614945093049e-03
-5.560240738646085590e-02
4.039394994982780512e-02
4.927535147888399691e-02
1.692105556148164672e-02
-8.927011225032152955e-03
-6.618879101129208561e-03
8.921748364326721747e-03
1.259394983630165166e-01
-7.528084254366418544e-04
5.149816413351948619e-02
1.701960610770971716e-01
3.348396116976770642e-02
8.548437831890633512e-03
4.461654520836994681e-02
5.886220338288484372e-02
-2.116676645778428623e-03
-1.441810274316299460e-03
-4.576925612339259727e-04
-2.917155329555511795e-02
-1.830730731392759061e-02
1.168575547874215435e-03
-5.142451490501331098e-04
7.204237035725771787e-03
-4.966876364649794144e-03
6.602494237434512574e-04
1.227679797546887223e-03
8.234581946684156606e-02
3.305307236665579185e-02
1.403819293724612718e-03
-1.671904346231514260e-03
-2.778436218911787409e-02
4.636577189138602062e-02
3.048012469132033858e-02
3.883646401629040762e-02
4.383124684690507117e-02
3.598901334510244687e-02
3.442001345050246103e-02
4.087737534750532191e-03
3.180360234351197867e-03
-1.348915954940055895e-01
1.137392902597058122e-02
-4.535781978415576177e-02
-9.374877218962381076e-02
6.002338695000524610e-02
8.446700300190033983e-02
2.730258709904528902e-02
2.719513505433792527e-02
-1.195360071769815480e-03
-2.620460248343441795e-02
-2.255377360448666130e-02
-3.375923508680934472e-03
-7.838389122437814521e-03
-1.026222315526687835e-02
1.548186934477114403e-03
-2.373926401914690232e-02
-1.609184382711438164e-04
9.614838419189539534e-03
6.197699232576805127e-03
-3.792665425512585856e-03
-4.864635103305379408e-04
1.989105795706772387e-02
8.806007796641352955e-03
-6.153177107776741650e-03
2.049944822223336884e-03
-3.191847138430579239e-02
-1.264592784040831364e-02
9.137040967297215335e-03
3.099210055525499375e-03
-6.916576379807733155e-02
-3.378504209043914353e-02
1.923785575378849158e-02
1.836962201652663981e-02
-1.398421778001352096e-02
-1.176383683218278423e-02
3.172942038224019212e-02
3.221298100117847563e-02
-5.741304879193860969e-03
9.093199006229426423e-03
2.999451554210541201e-02
2.499868985745011887e-02
1.387131608705538706e-02
-4.975666389221307211e-03
-1.287659677552840595e-02
4.831547583818096570e-03
3.016733770577729318e-02
2.199255570845475016e-02
-7.141304556076845389e-03
2.798016368367568438e-02
6.803697381896622876e-02
2.931192938343829893e-02
6.309787833703571318e-03
3.691332452737077722e-03
1.313006744705115525e-02
1.794518454347766856e-02
-2.281671188526536703e-03
-1.110702721525937305e-02
-1.931540352104416190e-03
-1.705035510301782366e-04
-1.043279605792441292e-02
-2.208513339325039737e-02
-1.237926144816441781e-01
-4.790505755686456923e-02
-6.983395433029822817e-03
-9.142722324583444152e-03
9.992317869833468313e-02
2.514531751995807609e-04
-1.290261748573229110e-02
-4.687470061195585930e-03
-3.813994714332979985e-02
-1.150403208348710349e-02
-7.381123251668094635e-05
8.965139473112509680e-03
6.922650615304828947e-02
8.484538915926926120e-03
8.956321979247628892e-03
-1.356347386036159397e-01
-2.106942076742706130e-02
2.136824990145228323e-02
-5.103614895083746078e-02
-4.633956668818162150e-02
-1.185977337278409406e-02
2.476294402784514487e-03
-1.592686400072918992e-02
-3.026472786496540654e-02
-1.802421519907379749e-03
-5.908538690109218323e-04
-1.350913963125957226e-02
1.080575296606168384e-02
7.413789925806675736e-03
1.768795810149234593e-02
1.269665213098862891e-02
2.940043872948017861e-02
8.198825415004480296e-03
2.507626159484667439e-02
-1.560023658212286550e-03
3.252699584211925671e-05
9.370594582490249930e-03
-5.821973141844913671e-03
-2.088882937494112094e-03
-2.110165600870273980e-02
-8.855417230709381263e-03
-2.076304829758929271e-02
-7.379394220185938984e-03
-2.573385232458229310e-02
-8.940778937406991360e-04
2.710162664063163408e-04
1.787081615562186227e-04
1.202634072071240463e-02
1.194017411294244501e-04
1.112570357129026691e-04
-1.692491499149314377e-02
7.716491232513333909e-03
-3.142532753248337475e-04
-3.930764466603621846e-03
5.259009173475040141e-03
2.272108641359619347e-02
7.331787505571896884e-05
-9.749845285875156919e-03
1.089963443908057231e-02
2.053349335701782491e-02
-1.987080159699168829e-03
-1.263936995639760967e-02
1.720842093143431714e-02
3.974940785275405536e-02
-1.618044739773244955e-03
1.440478045110797720e-03
-1.340985051697198872e-02
-1.168455241086046453e-02
1.563901617604840236e-03
-1.423452885781061527e-03
1.016460925712861854e-02
-1.527754541959441305e-02
4.731887431572130188e-03
5.849274743941618171e-03
-3.115720322522136810e-03
-2.418847383469639734e-02
8.081795572002283337e-03
3.921025137215406429e-03
-7.271755011154059853e-03
-4.027749338322743344e-02
8.521678038206643990e-03
1.104157148552253193e-02
-1.077242550345939610e-02
-7.862434765735094866e-03
-1.236202315411565229e-02
-1.556574363165739820e-02
1.916451117167911229e-03
-1.116586298959847470e-03
-3.578811489728065277e-03
-9.733867982295352911e-03
-8.422089668682793823e-03
2.107348641514889161e-03
6.416629861824028674e-04
3.518021300874551050e-03
-7.320790846581141324e-04
-4.968335707874783035e-03
9.339011421416302389e-03
1.298752204848716875e-02
-5.050139170507977025e-03
2.021792016751379484e-02
1.136453300463684778e-02
1.233153267137502944e-02
1.332952823958296652e-03
-5.285576218796279868e-02
5.921071177544130412e-03
1.040324374613156577e-02
8.150877169965840829e-03
-9.362894365607636474e-04
-9.509683196310123651e-04
-1.638097189364311895e-02
-1.790106757343883082e-02
1.620327077657586837e-02
-8.041777717104757472e-03
-5.361620478477815629e-03
3.916565729052922523e-03
1.749763089217857073e-02
-1.635120555070029152e-02
-8.777827247129277310e-03
-2.412729654999822004e-02
7.434498040660554585e-02
1.111769965615665677e-02
-6.475916788202649814e-03
1.619243286703119997e-02
1.826915905080049021e-03
1.967543468081053848e-02
-3.344635281062109666e-03
2.682135601457380633e-04
4.516607828561704230e-03
-4.283200642201171610e-03
-1.375212492958967705e-02
-1.820461465174353158e-02
1.105346115595529435e-02
-1.617767699781513802e-02
-4.572257918426594035e-03
3.742580720614281046e-03
2.609375247824327181e-03
-1.550706201225785820e-03
4.366164890337941897e-03
-2.900077051912547648e-03
-2.417014147257825606e-03
1.405373719983665694e-03
1.157788768594075930e-02
-8.519798100782551009e-03
1.353273353881057073e-01
8.045626638461167782e-03
-1.061117792243325975e-01
3.992762414413237627e-03
1.877373009399405102e-02
-1.574393832136013541e-02
-3.385669160964242114e-02
-3.064252734151847943e-02
-1.062715229963731405e-02
-1.928835782083284040e-03
1.157655863524172275e-02
-8.842263194066457728e-04
-1.386949366164001024e-02
-5.613388918214253301e-03
-1.600899352598536551e-02
-1.692269772600338978e-02
1.700993456602395036e-03
2.289933203832279687e-03
-6.937641026566238392e-03
4.109925773837553448e-03
2.917547300107025537e-03
3.078531061817812390e-03
1.841336412593155142e-02
1.756266286916315089e-02
-1.016256745645518211e-01
-2.103163616858766405e-02
-3.995376697675793315e-02
-9.322048904833230010e-02
3.502526987378612455e-02
1.134521798804062620e-02
1.500606723471558865e-02
2.007824654567676517e-02
1.195248361104913129e-02
1.164989653769328212e-02
-1.755014588227135977e-02
-6.868447291492303132e-03
7.589537668185769234e-03
2.792053707481702090e-04
-1.505902683240135931e-02
-1.551273033347046540e-02
2.130391735217959659e-02
3.320569506299562990e-02
2.660873202440163648e-02
-1.899598297211008363e-03
-3.105453570610131053e-02
-2.275066216151282877e-02
1.925082286397812852e-03
-1.163512997558951469e-03
-3.627679827511635924e-02
-7.692077126052883351e-02
4.422463751569237142e-03
5.615216587571559680e-04
-2.165606333456778637e-02
-9.751738604537582567e-02
-1.497609640521404748e-04
3.153951500425389298e-02
