7.237269805632480599e-04
2.550542148620765226e-01
-9.758774384419426420e-03
1.127777777754067299e-05
-1.434277777778510512e-03
2.852801705658248449e-02
-1.187088558058327402e-03
1.079153047312826847e-03
2.798535668742400430e-03
2.635662961279441885e-03
-1.702581637867077620e-03
1.038888888861238375e-05
-1.738888888934362803e-05
3.555016026185111588e-01
1.536812140591399013e-02
2.619611111111224810e-03
2.467388888889262590e-03
-8.494649019018353509e-02
1.328104876952212847e-02
-2.552388888889631224e-03
-2.094611111111942259e-03
-1.333415456505767987e-03
2.545711861087154469e-04
-1.316585692539322329e-04
-8.969035277771743959e-04
-2.211666666669184636e-04
-8.662777777781343648e-04
2.387078800510667245e-02
2.563921636911329141e-02
-1.837833333333102528e-03
-7.707222222225534533e-04
6.630854893289135632e-03
6.226301278096668147e-03
1.844317129807225564e-03
-1.777241503770435457e-03
4.500000000270910897e-06
5.450000000013069715e-05
2.697289991431758294e-01
-1.079338539808320004e-03
1.126388888888763895e-03
-2.201388888888006472e-03
-1.064529709545368116e-02
-6.271866169016884762e-03
-9.719444444445869040e-04
6.369444444440357928e-04
-1.747388888888983362e-03
2.085944444444604549e-03
-3.859611111111532072e-03
3.327055555555826372e-03
2.483977919545398219e-03
-4.121073861688460765e-04
2.166666666637182163e-06
-1.166666666207502935e-06
-1.581407226555377708e-03
5.619413547935325770e-02
-4.977777777800578625e-05
-1.242222222227108588e-04
1.438333333332944281e-04
-2.175555555554166930e-04
1.671666666667362248e-04
-8.644444444413267514e-05
3.752253179071303180e-01
2.185323220867421441e-03
-5.005555555523622186e-05
-4.894444444340678474e-05
1.128545446435320204e-02
-1.830055450037610179e-03
-8.183333333335837982e-04
-2.316666666683726611e-04
1.746499999998968062e-03
-5.828777777777491981e-03
5.564999999992899845e-04
-4.263222222222314006e-03
-6.874107867508022496e-02
1.212857831418191149e-03
8.661111111057876041e-05
9.438888888774634551e-05
1.200996686067694677e-02
-2.237796736205299383e-02
-9.148417462917725687e-03
-4.858509531092731863e-03
4.345595097940723513e-04
1.119370657658336167e-03
1.345910003432224632e-03
2.717646898932319418e-03
-2.056111111104825975e-04
9.372425771055221608e-03
-2.527536304781568058e-02
-2.251517065839841319e-02
-4.533888888881775717e-04
-1.866492733071296135e-03
-1.464356364257637239e-02
-6.537619840427617846e-03
-6.159444444440505696e-04
1.800555555551659271e-04
7.191666666663941053e-04
-9.016930813479978601e-02
1.938491925330084603e-02
5.309332580389194978e-03
-2.637055555554753804e-03
3.689444444435249076e-04
1.615833333333168255e-03
5.445489986563986293e-03
1.583285308808157765e-02
2.113694766490276100e-02
-6.076155129330388163e-03
-2.140522190713135993e-03
-3.932116342716902640e-04
-6.100614985914093284e-04
2.000022963921707295e-02
-6.718552079840617308e-02
-1.782304136590150134e-01
2.019690352706156669e-02
1.991368335466900657e-03
-4.509550299502160242e-03
1.990054064069959536e-02
1.213314447644955668e-03
8.670385808198564567e-03
3.092759342093285169e-03
-7.611091170887667899e-04
-1.576876424960072616e-03
-5.887597792157485410e-02
-6.241041298315485458e-02
-2.501382713242589033e-03
-1.744759203995017299e-03
7.439579800726250913e-03
1.416469153750472311e-02
3.731274952001081401e-03
2.757835519320921049e-03
2.556680574370940543e-03
7.553564905300191607e-04
-4.253080044458588081e-03
9.485671513199570937e-04
2.271298528368284608e-01
-3.984703640506288835e-02
-9.903800436418740138e-02
-9.591150350159505233e-03
-1.902906441081215344e-02
-3.246237890151701822e-03
-2.349873012096729066e-02
4.213394499871642856e-03
-6.031574902459704672e-03
-4.988863425131319536e-03
7.096057328770916106e-03
-3.090999510338724929e-04
5.590660688798011757e-02
4.547780588181086353e-02
1.437777336503071324e-01
-9.565772023478379127e-03
-8.690285137158179195e-04
-6.392798170508032923e-03
-2.544791461587035675e-02
-1.076809202824806702e-02
2.348385867900497814e-04
1.642615864066523934e-02
5.800235311989815866e-03
9.287724484821574186e-03
1.410292411335165585e-01
1.047749902961563201e-01
-2.348767842310612447e-02
-2.306954307408217927e-02
-1.434380107884905380e-02
-7.988463062050241148e-03
1.354196599237381506e-03
-8.610492411762475651e-03
-2.468896449946388245e-03
-5.703010621077531095e-03
-6.581396607897179417e-04
-5.885061564142923590e-04
-7.752846036862260076e-04
7.244914366251494278e-03
1.116430284061503990e-03
1.708797713296278994e-03
1.749888385071492658e-04
-2.997795899937079865e-04
-2.872803841756479460e-04
-1.440344147054819369e-05
2.096469486533517751e-02
-7.476227984482496092e-02
-1.956579985719594794e-01
1.761561265952500677e-02
2.404435000979236996e-03
-2.925333269637281266e-03
4.521869788568742832e-03
2.338738964388510384e-03
1.145774033268263372e-03
2.467582619615934798e-03
-1.457291023144501117e-04
5.310719796170584525e-03
-2.295004442988841367e-04
-4.053377845302367534e-03
1.665507849242236008e-02
5.129957190081281537e-03
-1.035984263266391970e-03
3.635828255977753120e-03
6.982721392806153816e-03
2.901939909951821005e-03
6.665239428624573003e-04
1.477925585095837997e-02
-5.773858659679233750e-04
1.378480747182270205e-02
3.287810584617338432e-03
9.909581379436526241e-03
-6.019321728541095077e-04
-1.111198177054458121e-02
-1.625216667904998526e-03
1.897284732974675262e-03
-2.143525350079204632e-03
-8.961355887293547071e-04
-5.706269192769206078e-02
-5.089511515808640280e-02
-2.037518754798937643e-03
-1.170348691574946923e-03
-2.305324270695625292e-03
1.034889954306906709e-02
5.888178658370278856e-04
2.424544284241030717e-03
6.580994229740466184e-04
1.383925730293710096e-04
1.372916423472963577e-03
-4.488700560544992349e-04
9.569384641754620155e-03
1.214343049615604353e-02
2.045484266481985107e-03
1.618938309301727347e-03
9.953246722350758864e-04
-4.059564139487973483e-02
-9.493353135447733793e-02
-3.677211022698125172e-03
-3.134368842112286377e-03
-1.129347019824396454e-02
-1.276329648300083630e-03
-3.892427552628881411e-03
2.228855230040141088e-03
-7.854222783078028316e-04
2.340740128937073374e-04
-1.506575317193897812e-02
-4.014969671208115307e-03
6.877696413016467364e-04
2.994904210684523160e-04
-1.675670971681802665e-02
2.081957640529704945e-01
-5.054698186286828848e-02
-1.291310298452185978e-01
3.337942443253060550e-03
5.922052529067458378e-04
-3.875182482347578890e-04
3.193224096664403953e-04
3.954480103596894644e-04
7.007152247574915645e-04
-1.270535964208741324e-04
2.909357189261228423e-05
4.676699597716820899e-04
-1.971249185235549733e-02
1.809733524481463415e-04
-1.971317410725359140e-02
3.962070547863200815e-03
1.565310571478487067e-02
-5.151587778248678182e-04
8.138979722850188305e-04
-2.609269835168948407e-02
-1.275443636518042287e-03
-1.004469441709072985e-02
2.748184460063317716e-04
-1.295954625762922585e-02
-5.146873396225971897e-03
-2.743596188878064720e-03
-3.397792513253598216e-03
2.605195728603273888e-03
6.517206510821169432e-03
2.279884131020148107e-03
-8.541595500342519286e-04
1.638065324297063126e-03
4.895358563263024765e-02
3.958477864656532313e-02
1.149098811251344360e-01
-4.526892645420452568e-03
6.101458231103839766e-03
-8.622484629182138819e-04
-5.707040830141448667e-03
-7.375395409746292319e-03
-2.849438602450943010e-04
8.654314559352891886e-03
-8.033694139947659442e-04
4.003781261249840864e-03
7.944790763110270038e-04
-8.838218647437872527e-03
-2.186944476779614788e-02
-1.406795733501101445e-02
-5.292308210441887782e-03
1.699666351143012955e-02
3.078003125215694052e-02
8.717435599314642125e-03
8.806326189872268687e-03
-3.852749506998351652e-03
-8.094807451099240731e-04
4.856523651498391219e-04
-1.001712885139020501e-02
8.534502679691235169e-04
1.954055688264061397e-02
1.826172918901408648e-02
-9.616465579256128562e-03
1.495091094632475508e-03
1.131848810737891807e-02
1.624678630617358913e-02
-5.518425199301101210e-04
1.407173788689395494e-02
1.668232735164724414e-03
-3.050848063678187824e-03
-8.872700359166277306e-03
-6.381927281981599441e-03
2.233232765352955417e-03
4.385623728079455184e-03
-7.823047726749611519e-03
2.247114058410455868e-03
9.306978629192521474e-03
9.092691842938914817e-03
1.239390698240955963e-01
8.486584373789708702e-02
1.281476652300699709e-03
-1.539219067175697127e-02
-2.399135508473402081e-02
-1.901531006637442733e-02
2.080694778814787954e-03
3.873522093225668234e-02
1.523285228172585604e-01
-1.303277135597668548e-03
-1.393715056491094326e-02
-6.770396629917038375e-03
-5.595511974547735025e-05
-4.648468780482336096e-03
2.999459049101674876e-03
-1.453804041106153758e-02
-2.246276020685959718e-02
-1.361957361856056198e-03
-7.914659236866452771e-03
3.591001495156793955e-02
