3.268412340172696418e+01
5.343151305487889147e+01
-2.274889823719739024e-02
3.090103156026122022e+01
1.292518104925956948e+02
3.505899938939269589e+01
5.244713268784585836e+01
3.382638559919395504e+01
1.343167730806603686e+02
-6.281136817642209991e+00
9.314574182363010380e+00
-1.662529998526726871e+01
1.396535229766302564e+02
-4.816190538819226319e+00
7.265302655408145682e+00
-2.029752507033301967e+01
1.514068819283328935e+02
1.390223789972104207e+01
3.563173272478504572e+00
3.479577322494240121e+00
1.178418971739332655e+01
2.404792719913683641e+01
5.109830756427159670e+00
5.329774964594299114e+00
3.151525290782247524e+01
-7.803260919678370877e-01
-1.153190088184782169e+01
-1.105705222638182583e+01
-5.613822962427651442e-01
9.776339924498346212e-01
-2.291344404480712882e+01
-2.801846547009578714e+01
4.771776021288261921e-02
-3.173636545906040607e-01
-7.524636122839223340e-02
-3.831961869495147388e-01
-1.727717480208724066e+00
7.144251911850187930e-01
8.773661154691284603e-01
4.943955775326436264e-01
4.219624183096471609e-02
-9.050226980036489621e+00
3.461042649972266183e+00
-6.747222411548062126e+00
-9.954869444435356485e+00
-9.492236472245155099e+00
-6.473269271756278975e+00
1.509103115146204876e+00
-9.245907974361879056e+00
2.698591661187798962e+01
8.976051026371456132e+00
8.778030718095104490e+00
3.413493133172610783e+01
1.256689920347205280e+01
6.096941293357154734e+00
3.846658540233713897e+00
9.945811183101966435e+00
-1.003744521148390412e+01
-2.584359704872991159e+00
-1.804756556358827035e+00
-1.228742146979339900e+01
-1.408133889757140977e+01
-6.452561116586240431e+00
-5.382789586192291864e+00
-1.134850863596450132e+01
-2.810031049679458270e+00
-3.382707331730821831e+00
-5.644320052286911915e-01
-1.470787390082528567e+00
-2.072766426281731078e-01
-7.949218750003043954e-02
1.388034123593039071e-01
-3.040990501915228905e-01
2.609888942308475457e+00
9.647003701496758010e-01
9.937094062030754626e-01
2.573113061037354488e+00
8.996370260793222329e+00
1.103559427283339472e-01
9.552560449989001834e-02
1.286540470450744067e+01
4.679286858975521213e+00
-1.090597336690885211e+00
6.630322802206869426e-01
9.043660332728135076e-01
-1.072090181897889671e+01
3.604445175047432670e-02
2.202288333698557699e-01
-1.005278143034519012e+01
-2.556862408422931221e+00
-8.806423611095266502e-01
5.771806318694528981e-01
-4.473476610195143977e+00
-8.067908653858634274e-03
-1.669170673079305514e-02
3.991028502767565711e-02
1.746641054258061043e+00
-1.272023465652993179e+00
-2.749457245355624857e-01
6.252682985068157284e-02
-1.106638135332580486e+00
-4.139060414626400536e-02
-4.396625401898540120e-01
-3.645605902378056817e-01
3.639738932067775740e-02
2.409500943165809428e+00
-9.116189445256383195e+00
-6.026361601934357104e+00
-1.674131937911907997e+01
-1.238212157599655150e+01
2.971499452779802652e+00
-2.096420040571731036e+00
1.144532344231132903e+01
4.831508251912541851e+00
5.500073924603510633e+00
5.505408847872161893e+00
8.555897582669182100e+00
1.994379422441234118e+00
6.600926597719161570e+00
6.540575439592648088e+00
5.555789293023254416e+00
2.529484714004196722e+00
1.680282297830147265e+00
1.801937869822686888e+00
3.843539201183605591e+00
-7.434851401854153385e-01
3.758789789938372206e+00
7.878963253480308904e-01
-1.671776677969261993e+00
-5.946526750492220348e-01
-1.836446005920803690e-02
1.358287105523512117e-01
-7.374451429980645178e-01
-1.966062549660034797e+00
5.825081450989278986e-01
-8.740448796286389710e-01
-1.683004011804750233e+00
-1.907079104344497678e+00
-3.643440616096844664e-01
5.725538412479641570e-01
1.016437524530627634e+00
-7.158843037748725546e-01
-1.422058627136722153e+00
2.256196649334968107e+00
2.262650853642046711e-01
3.005428757866430295e-02
2.141367085761332889e-01
5.555357971183775279e-01
-4.394980050356566692e-01
-6.114617804041026616e+00
1.328460816838087921e-01
-6.460336936228203708e-01
-7.867142658559091117e+00
1.253905708087567383e+01
8.565557280315830857e-01
1.248033900597282475e+00
1.188838535741308178e+01
-5.437546444670967594e-01
-4.870536647099549810e-01
1.765136007233984783e+00
8.252869851863564588e-01
-2.109159904825179055e+01
1.436527012961459171e+01
1.430047235092777491e+01
2.153396670947269342e+01
2.292168934537805569e+01
2.627029479189459948e+01
2.360295162719765827e+01
-2.181683776833655486e+01
8.693944646453230618e+00
9.654086954539246868e-02
-6.512667809489666171e-01
-7.085707390688547047e-01
-2.253732660380486141e+00
1.487214786961195356e+00
-2.810636914914095841e-01
4.489224929220475779e+00
-1.651214937980175934e+00
5.205114461298203654e-01
-2.141778196551313407e+00
-2.025365225977970585e-01
-5.240168849686362762e+00
-4.728905754101783883e-03
1.561593823595117114e-01
-2.610300793731368696e+00
9.800920422384542530e-01
3.442934660055881751e-02
2.019363294983150814e-01
-9.134691249476375452e-01
2.039007524251376380e-01
2.087549763203845610e-02
2.493698346746322028e-02
2.803780590472108702e+00
2.210060804692186132e+00
1.395530323789554161e-01
2.880850808468486401e-01
-3.987211709371977220e-01
4.092526749484486914e-01
-9.462058490826494306e-02
-1.900300477816604383e-01
-2.875364666270302294e+00
2.543221670921352318e-01
-5.924231378068978149e-01
-1.350565924242239091e-01
-2.805623670771924538e-01
-2.447225360526776416e+00
-7.067413913825053129e+00
-9.498727303377325626e+00
-2.279762877128920451e+00
3.323517237891246534e+00
1.212117185730676727e-01
2.246089236852758797e-01
6.288496145483889244e+00
-9.458895824705242372e-01
-8.812608137610087322e-01
-1.022978953115555534e+00
2.707417516939463198e-01
3.006407723793946118e+01
3.936116462350575773e+01
3.917451337429947245e+01
-3.456028991032070508e+01
-1.786485919744373518e+01
7.218033144173105597e+01
7.242143249939952909e+01
5.262805348144776474e+01
-2.104294031383078245e+00
-1.381077521231987904e+00
-1.308201994241395605e+00
8.766264661338020403e+00
5.495165815266855880e+00
-1.919517419397674951e+00
-1.728275332636606709e+00
-3.529235593847877883e+00
1.537409855768992140e+00
-4.638588408120590256e-01
8.932910169835346789e-15
-1.750313286707360156e-13
2.571585305719725767e-01
-3.054240631162683309e-02
-5.887450690348083188e-02
4.718071992101715434e-02
2.830132413896077368e-13
-4.664301365052292241e-13
5.198971470063495614e-13
-1.003805159235112948e-13
8.228621178501561717e-01
-4.755300788847708899e-04
9.833579881614699925e-03
9.302209689349377753e-01
6.842874680210113739e-14
2.635460523168245195e-15
8.411519600433625414e-14
9.346803403585449061e-15
-1.115379050926116111e+00
-1.654925658832937796e-01
4.422541715588730610e-13
-1.114658182571951475e-13
-7.901006690068284044e-01
-1.392958892960760309e-01
-1.419906771467247530e-01
-1.848090277778296597e+00
-4.174657842318473477e+00
-9.990476420521341439e+00
-1.054571899015838632e+01
-4.222738382960842252e+00
8.747739686053733976e+00
8.630420737524778507e-02
1.994020567696832280e-01
7.425200599062482532e+00
1.606297947292487649e+00
4.290769494657530991e+00
3.946480347148195733e+00
1.324061130373756612e+00
9.000214078941448292e+01
2.049668470338096142e+02
2.047253950648629655e+02
2.476531947345280926e+01
-3.260245592197755826e+01
9.179714239738416381e+01
9.222866350336188646e+01
3.029525487235706294e+01
-6.051644288042566933e-01
1.338805891481729349e+00
1.414167707782675310e+00
1.013074353816550222e+01
3.175159371398885266e+00
-5.652676137014167601e+00
-5.260510793492033876e+00
-6.450288990216475504e+00
-7.759846868235920070e-02
1.043639893083646158e-01
9.950537839101565307e-01
1.922837545376806512e+00
-7.798811431624538493e+00
1.817662227816639664e+00
-1.105053800367978178e+00
-1.507276722121617674e+00
1.331749847371682949e-01
-8.205350783494179401e-02
-1.080713268217022849e-01
4.778009895197931622e-01
4.261437347372355688e+00
1.467737268515177718e+00
-9.619677197823308656e-01
7.455794350325419373e+00
-3.525998740837468781e-02
2.829169528391838051e-02
-2.911068423763593760e+00
-6.651714171285473542e-02
-2.383670582210720035e+00
-8.501133966643599493e-02
9.379896597815066961e-03
-3.847978824183072355e+00
-1.845685404339819091e-01
-3.064564842204748479e-02
-1.132119082838956015e-02
1.158129930971186529e-02
2.511503434541432690e-14
-1.014606428907368909e-13
7.056095572726631874e-15
1.072784802230102653e-13
-8.342011834320087749e-01
-1.101775147928071436e-01
-2.662475345168470800e-02
-8.939447731753390469e-01
7.685511244759362847e-14
1.080469917406686067e-13
3.484794967815316405e-14
9.246944328607684981e-14
3.288723068019897777e+00
7.116664440885920317e-01
9.847184285261504254e-15
-2.711130734993075170e-13
3.726351050570770873e-01
-1.396350827991605703e+00
-1.267213563955333912e-13
-4.182012248023484900e-14
9.340464056042968588e-01
4.911102831820838288e-01
-9.905698687177345585e-01
1.294742494924784770e+00
-1.344200721153917089e+00
-2.951505742521546072e+00
8.528975160260315503e-14
-5.384963427065650598e-13
5.239278229784078977e-01
-4.606847879689172920e-02
-2.946930473371517714e-02
9.361344304733997257e-01
5.279587762272594392e-14
-3.004746321202323531e-14
-1.399356166086042842e-13
3.385104972081309091e-14
-4.357421104535805778e-01
-1.746129191324159169e-01
1.838338264301937475e-01
-2.666633382642984440e+00
5.427081992106885860e-14
-5.633884143532092829e-13
1.603347533160040781e-13
1.674121438700973869e-13
-7.148493144587312331e-01
2.737157229337499123e-02
-3.277327407109987379e-13
-3.592475627382294457e-13
1.713425762944090769e+00
3.081055263745787753e-01
5.412888254049294523e-02
1.359145964098464443e+00
-1.820284470834528046e+00
-6.814935802187972735e-02
-3.009699920282728480e-01
-2.316116928942982600e+00
-4.514242814968075224e-01
-2.517152351778688124e-01
-6.445232853133422424e-01
-1.930192212823514386e-01
1.018047042580116646e+01
-1.436807875239087018e+01
-1.446121488130752120e+01
-1.178850582791368318e+01
-1.626517053662021439e+01
-2.106708537945291582e+01
-2.098045207374868326e+01
7.221948128058325977e+00
2.867800111847269573e+00
-1.030870359519913393e+01
-1.034874280254047463e+01
-8.636390028757672255e+00
-8.991286266128895477e+00
-1.226911772833088854e+01
-1.198479215363850159e+01
4.207462017284814060e+00
-2.026503297993928854e+01
-5.399158750630090431e+00
-6.347426685170549199e+00
-1.591304091541155330e+01
-6.992218551573029517e-01
-4.898478930823044308e+00
-6.549004993959577081e-02
-6.822628008939619626e-01
1.347991545602187102e+01
6.659830677520399256e+00
6.930713601769650012e+00
9.271252441008380529e+00
1.027438221250121231e+01
4.211421788699261093e+00
2.098905300224431780e+00
9.918440865186648026e+00
-5.588616877256032817e-02
5.435740506108091008e-01
5.005339826404981568e-02
5.147424525801695683e-02
6.264348179954107865e-01
-1.597218760070061583e-01
-1.230202981814074586e-01
-7.366334872290858371e-02
8.616681791506076715e-01
-4.277693796585221864e-02
1.078444013707720028e-01
1.720175679682602876e+00
-2.369954441148549584e+00
-2.426204302264785007e+00
-7.319337069341896873e-01
5.067856578349241164e-02
-6.988060494301789660e+00
-1.985630462598522439e-01
-5.706103116872199843e-01
-7.380550961794109632e+00
-1.118817214558869066e+00
-2.230443402636995032e+00
-2.700442335296688867e+00
-1.141787153517693110e+00
-1.152494176534909265e+00
-1.570970805955271032e+02
-1.573882215983404080e+02
-7.569355354542219061e+01
-4.316552357420976449e+01
-9.188763628561406449e+01
-9.161265131701347286e+01
3.153482136142017822e+01
6.380496025140455885e+00
-6.690679888861843949e+01
-6.707591663534215343e+01
-3.474722469100778710e+01
-2.565127826050681392e+01
-4.654382304043057417e+01
-4.647227485399363189e+01
1.608489287680720992e+01
2.151586630642755349e+00
5.197815660686391226e+00
6.658453925233302151e+00
3.505134169661658472e+00
1.185199997453265208e+00
2.203354904560507754e-01
8.036606057815338933e-02
9.250536874169198454e-01
3.130163358177778243e-01
4.367567557319634863e-01
3.545062444020701253e-01
2.152885311797063106e-01
7.135076044216583924e+00
1.430687126990645730e+01
1.427318668526093681e+01
-4.924653762341601571e+00
-5.982281199462357035e-01
2.307868366315256736e+01
2.312650803178332737e+01
1.138641193670949292e+01
-7.815379834033950424e+00
-1.574690050228505100e+01
-1.570953994276173482e+01
5.419780384663130945e+00
5.924179320060436460e-01
-2.552927646029566944e+01
-2.558172665385557210e+01
-1.256706511816896032e+01
4.072898865237521093e+00
1.407461497999455746e+00
2.000834080679436244e+00
4.562996797271225979e+00
-1.378492277103023599e-02
-1.307390019630492395e+00
-1.328107311461870665e+00
1.247144828553102590e-03
-3.114335830105056657e-01
-1.662772435502937740e-01
-6.908253957010483670e-02
-4.078235332919400435e-01
-2.835009174843812119e+01
9.778624544876965530e+00
-1.392679654029437231e+01
-2.841885189131603795e+01
-4.676669857987339896e+01
-2.284248601377691656e+01
7.591237835565597392e-01
-4.667292210639912042e+01
-2.857312979747619330e+00
1.002411150254122418e+00
-2.757642740675335435e+00
-2.853183075625382425e+00
-1.197626412218389808e-01
-1.048596769039327636e+00
2.454038754200975170e+00
-1.035518268142409520e-01
9.925709409637358815e-01
3.247476313856399344e+00
3.079499458971841630e+00
1.086469170329299461e+00
-2.322081634729073585e+00
-8.180224255152851454e-02
-2.997019429102086574e-02
-2.307968017003202199e+00
-2.476098912577725242e-01
-7.573182925616674943e-01
-6.477776388081425418e-01
-2.874034905273626372e-01
-1.149025947627973387e+01
-1.585200953916666400e+01
-1.585156828867670598e+01
5.518506235302674590e+00
7.005663516910826338e+00
-1.349837717573552709e+01
-1.356980100985377291e+01
-9.301239138870371903e+00
-2.654624056285020961e-01
-3.414033621761285997e-01
-2.918769630346960131e-01
7.123176356011452770e-02
-2.823155521399922097e-01
-1.662529843156199116e-01
-1.645988551802114452e-01
-3.925767590320567990e-01
6.128656973870321156e-01
1.236931603943650426e+00
1.010853232343553953e+00
3.914503779686180907e-01
9.695997216756475218e-03
-1.275348847919534866e-02
1.892759784672404244e-02
2.444396855146731273e-02
1.403494321231875050e-02
3.140167756133079024e-02
9.387495771673982567e-03
1.452523236184657431e-02
1.295286112728796235e+00
6.351437761913258928e-01
-2.712423408800452435e-02
1.292649090567759673e+00
7.921540439257647170e-01
-2.732736210590939185e-01
3.925201648411717481e-01
7.940498518119702975e-01
-1.002542759151761409e+01
-4.915772667143436081e+00
2.094466175645642581e-01
-1.000502042923748114e+01
-6.130661020333931788e+00
2.114923488031588139e+00
-3.037534293215461645e+00
-6.145335492247712139e+00
1.540452196163282217e+00
6.234244602775471655e-01
1.012063777711704748e+00
1.957761140851576043e+00
5.464772190868550511e-02
2.537612244430675901e-01
1.898636582521534555e-01
2.081989813899818437e-02
8.375379457473287881e-02
4.660623182131010123e-02
7.995004203835701095e-02
9.694248908123026531e-02
-1.976404536682177593e+01
6.818006442843079107e+00
-9.785352299229485240e+00
-1.981141552316834265e+01
-3.234397142968485639e+01
-1.585404805986418353e+01
6.627670929745947959e-01
-3.227821831650275186e+01
2.464972979752827698e+00
-8.498010891078608964e-01
1.178409941188275800e+00
2.471253200402439898e+00
4.176558184724895817e+00
2.016379717513239189e+00
-8.583386168806913033e-03
4.168569099517950072e+00
7.536777497453137631e-01
2.096274038423781239e+00
2.101207513778985181e+00
6.292587396110709275e-01
-2.108849559193553755e-02
-1.433984826195158435e+00
-1.480498383025767195e+00
-7.005239410091795849e-02
-4.811056851501066545e-01
-1.504518061765250103e-01
-2.021471103683360193e-01
-3.804518332126969327e-01
-1.932104351495594585e+01
-1.356040661408844805e+01
1.061454899961865017e+01
-1.921519956484192448e+01
-2.336728497875801480e+01
8.133055805072126887e+00
-1.714351745567273255e+01
-2.337349903925808192e+01
4.873580092687314624e-01
3.341738000516207285e-01
-2.750466887526580306e-01
4.846373696766199113e-01
5.846473480678152645e-01
-2.042498499355746566e-01
4.270386896784672537e-01
5.835552017152140225e-01
8.358544965045334729e-01
1.677507023160101474e+00
1.364260212719993426e+00
5.313092010958763156e-01
6.162081941056611785e-03
1.376083412847521961e-02
3.493279893538956543e-02
5.066352044219044753e-02
4.596462660279304613e-02
2.737960453622666560e-02
2.648495870990427367e-02
1.627678006347392861e-02
-3.119176160365590889e+01
-6.362189425598349146e+01
-6.349245423975714431e+01
1.319193757954522761e+00
1.341745551466936526e+01
-3.889422052564198395e+01
-3.898736664141078734e+01
-1.926533079237018597e+01
-1.123399132616827861e-01
-2.275167172727801668e-01
-2.270408888649423362e-01
6.704186874577601311e-03
4.877145080035716340e-02
-1.413371414961355210e-01
-1.416660247552730956e-01
-7.109166354979125357e-02
-5.586780442735344021e-01
-1.142756066826376760e+00
-9.445375979383097143e-01
-3.609569029990100097e-01
-7.978038396366975496e-03
4.938070212230487310e-02
2.257364962373592174e-02
-1.972629932327131866e-02
4.098287272566858018e-04
-2.359641139996838943e-02
-2.989945130258277618e-03
-2.542772797601680883e-03
6.832524309143021002e-01
3.350302252769895572e-01
-1.430099817227763193e-02
6.818614684342721999e-01
4.178468329751831578e-01
-1.441468109895306937e-01
2.070435285626765487e-01
4.188468699806109363e-01
-3.558699652762440935e-01
-1.744984475108851130e-01
7.446051537397455934e-03
-3.551455034760703233e-01
-2.176313408925573400e-01
7.507740567880945293e-02
-1.078351427380665889e-01
-2.181522126199661460e-01
1.800265762085313526e-01
4.599262574986039964e-01
5.679900808931268585e-01
2.844279513570817652e-01
1.236482990534642883e-02
2.468320687288131157e-02
9.152684096897737570e-03
4.843438822430983816e-03
1.178444813195664818e-02
1.658084362507173878e-02
6.579219865108842935e-03
1.101174287259688161e-02
3.771597258199936298e-01
1.863754629542039853e-01
-1.297991415942184312e-01
3.762586809818309619e-01
6.142036929426992753e-01
-1.276992139258359936e-02
3.017415753613777452e-01
6.154559056822832552e-01
-1.704248323446317936e+00
-8.421683180932543200e-01
5.865154322070456061e-01
-1.700176872233426284e+00
-2.775347243824721755e+00
5.771150540416603719e-02
-1.363456360883471108e+00
-2.781005565507375099e+00
3.068628131711241380e+00
9.185696648404082509e-01
1.082057560747001324e+00
3.032917495864274393e+00
-1.008443038099597761e-01
-2.191277148107422246e+00
-2.129003756991850072e+00
-3.112957421678806333e-02
-5.700465623360476686e-01
-2.955852624230621561e-01
-2.251877507494062236e-01
-7.127022689685572621e-01
4.402996736859207516e+01
-1.532490350648513378e+01
3.232587799869826028e+01
4.404172934412245866e+01
3.632795318669052165e+01
2.553122564752653645e+01
-2.003862904653256294e+01
3.612841640594687931e+01
7.113962509783671173e+00
-2.476065925249716582e+00
5.221851271251013671e+00
7.115838771985232292e+00
5.873109303056967434e+00
4.125916564732787783e+00
-3.236112687890548401e+00
5.840873175061052081e+00
1.269053930013423814e+00
2.536921740619453303e+00
2.056152206189561404e+00
8.039639435208565388e-01
3.418359495644223561e-02
2.145866314834779867e-02
5.471858362937453285e-02
1.031120041844256069e-01
7.309377344550632705e-02
5.025262398422556537e-02
4.724656537515659060e-02
2.837382614411822213e-02
6.752612501313829796e+01
1.377328092707770395e+02
1.374525862957365803e+02
-2.856309260689618768e+00
-2.904715130429622150e+01
8.420122496105720700e+01
8.440287280444485418e+01
4.170731833291230828e+01
9.755141049388605268e+00
1.989756803895629389e+01
1.985708594849109687e+01
-4.125880000627245026e-01
-4.196276893591092794e+00
1.216407350244158181e+01
1.219320465808468867e+01
6.025193227712807520e+00
-1.833228138260764029e+00
-5.159967429135181582e+00
-5.230087411471229686e+00
-1.561262171113661612e+00
5.400677415963760220e-02
3.659445283508546698e+00
3.768619818296366830e+00
1.748276019414211624e-01
1.226059983802756603e+00
3.885199669339425843e-01
5.089920129645505442e-01
9.802742432487616675e-01
-1.163243870833875349e+01
-8.171938659474339062e+00
6.408268249562186547e+00
-1.156859935913333537e+01
-1.408933145686813404e+01
4.903851892893013265e+00
-1.034181908549295059e+01
-1.409311234560371950e+01
-2.191710472364667694e+01
-1.540047103782863225e+01
1.208253442151230317e+01
-2.179676742439083981e+01
-2.655585436719792014e+01
9.242906701730644770e+00
-1.949481166453210079e+01
-2.656296284637306826e+01
-7.817979180525691518e-01
-3.908966404383296123e-01
-2.477389389730821900e-01
-6.339019928275078097e-01
-6.588778668275003907e-03
-9.609697889733556306e-03
-3.079068040496818134e-02
-1.679226518716145367e-02
-1.429240722829634019e-02
-8.604155186570084518e-03
-2.239200817519716724e-02
-1.515730860981036147e-02
7.842498370396006280e+00
-1.629709913555423273e-01
3.852772899674778984e+00
7.858486788526895417e+00
4.815694038926964460e+00
2.379655328487555899e+00
-1.657315559469976884e+00
4.804188817102681419e+00
-1.447111838217964852e+00
3.008867367942597362e-02
-7.109274053829025553e-01
-1.450062160536142786e+00
-8.886197255706860254e-01
-4.391170672251656915e-01
3.058176029777815996e-01
-8.864967972853973199e-01
-4.236589961451749708e+00
-1.656157424532586075e+00
-2.613751675476367886e+00
-5.226197049714883747e+00
-1.125074579705898081e-01
-2.093899302462944034e-01
-6.757964303031838149e-02
-4.413199933517574641e-02
-9.650881015801412999e-02
-5.802230927854617332e-02
-1.501681121348535097e-01
-1.025126147943117710e-01
-3.104807428925677826e+01
1.071074809669885575e+01
-1.537901372203781314e+01
-3.112242924457169124e+01
-5.078713423543637617e+01
-2.489935582335709086e+01
1.053223200793254044e+00
-5.068380577285748956e+01
-4.711679307208169121e+01
1.625402262214739579e+01
-2.333831761267653349e+01
-4.722962992328266552e+01
-7.707166737775564513e+01
-3.778584700711393651e+01
1.598312346349221924e+00
-7.691486197320708129e+01
1.191127509631245918e+00
3.350596632224736027e+00
3.394989888347165419e+00
1.013808132409199203e+00
-3.497682169299578397e-02
-2.372511629099711250e+00
-2.443213113632871636e+00
-1.132690697813258651e-01
-7.948254664717014917e-01
-2.517482110768793357e-01
-3.299794491562415555e-01
-6.354325015791808529e-01
-1.691117604941448604e+01
-1.188275734782111215e+01
9.322359320557236373e+00
-1.681832732002666120e+01
-2.048985994280361211e+01
7.131603693112313458e+00
-1.504159170481357499e+01
-2.049534515080604535e+01
1.478784848741104385e+00
1.039070796115114215e+00
-8.151730785230359988e-01
1.470665849854956297e+00
1.791701924727913120e+00
-6.236114106289176728e-01
1.315282528276152885e+00
1.792181326870012414e+00
1.800233106765264823e+00
9.003406130204353319e-01
5.704853746124121106e-01
1.459351089870130513e+00
1.520173368910872000e-02
2.327407732622815972e-02
7.212221433711363261e-02
3.875433901503273076e-02
3.324240434082748052e-02
1.998585661830887608e-02
5.172673743080588582e-02
3.531018692084184757e-02
2.781227659623437987e+00
-5.779472408948015116e-02
1.366329487441636958e+00
2.786897715252354857e+00
1.707815015321856533e+00
8.439094320841228347e-01
-5.877425665430847657e-01
1.703734855027702721e+00
-3.107070402906775186e+01
6.456577648359780319e-01
-1.526405734709553741e+01
-3.113404749886819900e+01
-1.907898943722108243e+01
-9.427800131047174403e+00
6.566012191076939786e+00
-1.903340760371565565e+01
1.516878175218010050e+00
3.033000309979833720e+00
2.458687680585379898e+00
9.611435312222099681e-01
3.921438684236385613e-02
2.561167589325081054e-02
6.529281290128551019e-02
1.215130210660856080e-01
8.714865571960277169e-02
5.949090630938541624e-02
5.600696791035953553e-02
3.367221033485414544e-02
-2.919434468839011387e+01
-5.954760872202546551e+01
-5.942645672109190969e+01
1.234898079956868733e+00
1.255828766385904594e+01
-3.640368018776980108e+01
-3.649086092414922433e+01
-1.803180112744159302e+01
3.033970801006784068e+00
6.188380277419674336e+00
6.175789769470190649e+00
-1.283345749022598015e-01
-1.305097897656652739e+00
3.783188262583478956e+00
3.792248367013176136e+00
1.873923114444846494e+00
9.500923383088232255e-01
2.672464614949565220e+00
2.707847365400055661e+00
8.086412004735433756e-01
-2.789193573684205923e-02
-1.892163477671337191e+00
-1.948529328210426126e+00
-9.032320672464494438e-02
-6.338936751655542823e-01
-2.007712055496198578e-01
-2.631595258804609316e-01
-5.067834226668896935e-01
-1.244121394601106090e+01
-8.741916325971473611e+00
6.858296286594419477e+00
-1.237290684323297185e+01
-1.507400640732821273e+01
5.246587405996523401e+00
-1.106582386323646006e+01
-1.507804174127153907e+01
1.452796061115931625e+00
1.020818321994588329e+00
-8.008624908711969859e-01
1.444819647970427390e+00
1.760234291363201198e+00
-6.126588287048005954e-01
1.292187382198792367e+00
1.760705502552802448e+00
5.532053462198233129e-01
1.106136910119168038e+00
8.966861493369189251e-01
3.505294944436816995e-01
9.340465863526978274e-03
1.429664795605382899e-02
4.431068761448712923e-02
2.381195608547386280e-02
2.169463748235859676e-02
3.178246349857062614e-02
1.227953924929828418e-02
2.042436636380587367e-02
2.218134830485233522e+00
1.087482675294829448e+00
-4.599967298019948247e-02
2.213621946099241011e+00
1.356028777832940291e+00
-4.677933490521554161e-01
6.716804770041467920e-01
1.359276240357344845e+00
-1.817489332469054730e+01
-8.910586198462210561e+00
3.769108690857874699e-01
-1.813791577444385439e+01
-1.111099200009884846e+01
3.832992517479671069e+00
-5.503597357998143202e+00
-1.113760097092864143e+01
1.189396516092632305e+00
2.378204406657261405e+00
1.927883374321533783e+00
7.536415974089895053e-01
3.073790064835846964e-02
2.008208588832126329e-02
5.119592023111752682e-02
9.526835714542662703e-02
6.833258206528730616e-02
4.664365974424816708e-02
4.391256678450536355e-02
2.640111757456595210e-02
-2.105156891448709899e+01
-4.293881578828988665e+01
-4.285145504344474432e+01
8.904649991050920255e-01
9.055577751265921904e+00
-2.625010393101019091e+01
-2.631296854740073954e+01
-1.300243962356180383e+01
2.482689281319187646e+00
5.063933151816850220e+00
5.053630376492784571e+00
-1.050158257164418435e-01
-1.067957733068244375e+00
3.095771717402972190e+00
3.103185573823053378e+00
1.533425731884745513e+00
-1.355834298448079567e+00
-8.033144832891261355e-01
-4.469403558829357359e-01
-7.037126043749432069e-01
1.239141900308393440e+00
-6.264649649898712980e+00
-1.313160542247765461e+00
2.786294463283293332e+00
2.958690004717657862e-01
-1.197710859186416482e-01
-1.013937895946821210e-01
1.692960142665033418e-01
3.276770916100194331e+00
-9.708469084983669672e-01
1.456741466047534628e+00
2.805006686341336763e+00
-6.596779336761586510e-02
4.315016270931053000e-01
-9.542564020793689039e-01
-1.694062540884680779e+00
4.890426723570021617e-01
6.596421621528499868e-01
-3.771084756066593879e-01
-3.760327748891115540e+00
8.396387004721864722e-01
1.411136277935911842e-01
1.000019873213631172e-01
1.701645642516506296e+00
3.562767990127342910e-01
-2.369953222087616940e+00
1.707605292475419478e+00
5.097022212935653496e-01
6.159331429072596453e-01
3.080428635625962475e-01
1.951862721292930702e-01
4.993040272208790764e-01
5.201085000576300549e-03
7.961173232969024488e-03
2.467399216364249762e-02
1.325929981612167935e-02
1.137305028071112015e-02
6.837698655437506046e-03
1.769756120061511534e-02
1.208040084228413288e-02
1.176040473491485994e+00
-2.443844391314626066e-02
5.777516084212044323e-01
1.178438053028375565e+00
7.221485468763672033e-01
3.568465816994886852e-01
-2.485265887970658782e-01
7.204232534610229832e-01
-9.445192307907881002e+00
1.962736890183298388e-01
-4.640125208802871271e+00
-9.464448107609525707e+00
-5.799827517443169711e+00
-2.865959687793365518e+00
1.996003945109163791e+00
-5.785971082683626143e+00
8.879637515741415354e-01
1.775487676424335470e+00
1.439292823683765876e+00
5.626435667864907453e-01
2.294883184573988724e-02
1.499263668107092551e-02
3.822122946555558259e-02
7.112516909569512047e-02
5.101495099514613552e-02
3.482292902465197043e-02
3.278392370800284339e-02
1.971033218469181794e-02
-2.760085241656285859e+01
-5.629736777939682213e+01
-5.618282852413991435e+01
1.167494599813937439e+00
1.187282838990926415e+01
-3.441668635074857008e+01
-3.449910856860191188e+01
-1.704758531611013694e+01
8.945661093234481553e-01
1.824643547233598451e+00
1.820931236672046039e+00
-3.783945095206500686e-02
-3.848080392230062707e-01
1.115472839011490747e+00
1.118144210229714552e+00
5.525261263292111646e-01
1.738578559627568465e+00
5.191875636579651454e-01
6.100049592823741929e-01
1.715859109415436734e+00
-5.799375162898811470e-02
-1.251070733133085700e+00
-1.214878942200638745e+00
-1.790850113333063154e-02
-3.253841657729048542e-01
-1.689645655512306832e-01
-1.289073234755836739e-01
-4.069972254747791784e-01
-2.214641884770484737e+01
7.708177854448065247e+00
-1.625768071934163217e+01
-2.215234747106068625e+01
-1.827837158616203084e+01
-1.284344209286497751e+01
1.007606876140677521e+01
-1.817801619741889141e+01
6.432529313343331445e-01
-2.238875742521886092e-01
4.722117903786131055e-01
6.434251309938671115e-01
5.309038223763151709e-01
3.730437161399548507e-01
-2.926640036604413186e-01
5.279889540504777434e-01
3.020368299529063716e+00
9.019628053035625426e-01
1.059731002072547890e+00
2.980890716337851742e+00
-1.007520022463943427e-01
-2.173461353246038730e+00
-2.110585409446827487e+00
-3.111236304586187038e-02
-5.652842522518368717e-01
-2.935389773604715757e-01
-2.239491720207551495e-01
-7.070687750517440362e-01
3.916102015306198325e+01
-1.363019956070500704e+01
2.874809596573947346e+01
3.917150360166667156e+01
3.232123631974597799e+01
2.271077265195914663e+01
-1.781728936167294108e+01
3.214378011393991841e+01
6.588278060004681080e+00
-2.293084918509197490e+00
4.836453394817024964e+00
6.590041749570547225e+00
5.437582955222773684e+00
3.820760684416277808e+00
-2.997502472728700074e+00
5.407728502567834994e+00
1.370652787578647558e-01
2.740626745605444503e-01
2.221679465290693767e-01
8.684915255105769838e-02
2.314249320202974372e-03
3.542340228675984123e-03
1.097879478828521146e-02
5.899792893136470220e-03
5.375228504704770288e-03
7.874618785912085306e-03
3.042465944941503356e-03
5.060490863575899979e-03
7.790741565219000409e-01
3.819558829107368436e-01
-1.615643690841857272e-02
7.774890988684658444e-01
4.762771679507783462e-01
-1.643027752143290665e-01
2.359139276808701891e-01
4.774177722520288603e-01
-1.319054527767849372e+00
-6.466915023980398525e-01
2.735454780181137066e-02
-1.316370858366755936e+00
-8.063873632530244029e-01
2.781818877659057443e-01
-3.994271044224474432e-01
-8.083185263597397752e-01
5.540337218828152999e-01
1.854526814785735223e+00
1.830897259557854317e+00
6.513331837164283433e-01
-6.171903325223179748e-02
-1.332652448600787798e+00
-1.294173650254131003e+00
-1.905314566721725070e-02
-4.335175802899000619e-01
-1.372394157055222275e-01
-1.799678296588317905e-01
-3.465748485161159187e-01
4.497279006537274748e-01
3.304782174892974544e-01
-1.564946178743393257e-01
4.496108959460174970e-01
3.676220280666378515e-01
-2.052967646211039110e-01
2.603567062043877223e-01
3.696615046348000200e-01
-9.945421802025215641e+00
-7.299019774389752691e+00
3.460630710477850425e+00
-9.942760441834023410e+00
-8.160981757062774733e+00
4.523781429482478522e+00
-5.766097646029066937e+00
-8.206037086030352867e+00
1.267638326468032428e+00
2.534648830405270559e+00
2.054704181861262580e+00
8.032181085514872310e-01
3.276110727576553305e-02
2.140316828989663467e-02
5.456381026978025101e-02
1.015366215504136665e-01
7.282784678196746464e-02
4.971242278360286926e-02
4.680159248569169816e-02
2.813803081732803649e-02
3.299039272860402150e+01
6.729039540511919881e+01
6.715349039375469431e+01
-1.395467965089490336e+00
-1.419120197705918329e+01
4.113713525916512026e+01
4.123565183015813318e+01
2.037641903825463530e+01
6.580002307641648507e+00
1.342120903774316254e+01
1.339390304905357709e+01
-2.783289821993216173e-01
-2.830464690900539093e+00
8.204887015497281055e+00
8.224536350071607771e+00
4.064119072366373153e+00
-7.335817137974217639e-01
-3.668817108149973749e-01
-2.324685415391315457e-01
-5.946754408174106388e-01
-6.194535947272766449e-03
-9.481773158490565054e-03
-2.938688193429767059e-02
-1.579193700786317781e-02
-1.354538610965401804e-02
-8.143750346886625274e-03
-2.107794118124028948e-02
-1.438784322574565566e-02
4.447300496631346078e+00
-9.241612517515027103e-02
2.184818527014711353e+00
4.456367154543845466e+00
2.730868251045172723e+00
1.349446737273932939e+00
-9.398251562251259683e-01
2.724343902235788928e+00
-7.867001920275007443e-01
1.634784595224240272e-02
-3.864810025878215871e-01
-7.883040282257882669e-01
-4.830738510085464954e-01
-2.387088545396961747e-01
1.662493081892341684e-01
-4.819197337041040141e-01
-2.177672086117423689e+00
-6.125527564597005536e+00
-6.206655532218860571e+00
-1.853471891790338555e+00
6.393418092661065644e-02
4.337124377265996422e+00
4.466331160599718686e+00
2.070396558627878580e-01
1.452983553423647711e+00
4.602024676816744431e-01
6.032048978318058641e-01
1.161624998884177140e+00
-9.981187184428954140e+00
-7.013360134981259542e+00
5.502193417398713038e+00
-9.926386571382673552e+00
-1.209339460971881053e+01
4.209169761812306731e+00
-8.877758170081573752e+00
-1.209663202533393545e+01
-1.990187301583662816e+01
-1.398420860529139631e+01
1.097103529877556838e+01
-1.979260396433357627e+01
-2.411348489178412180e+01
8.392825566611325172e+00
-1.770170371173013280e+01
-2.411994009887412105e+01
-2.325875062039848729e+00
-4.650598182451808782e+00
-3.769991095753263188e+00
-1.473752352483556960e+00
-6.011041333696275774e-02
-3.927074057486371755e-02
-1.001142079663931289e-01
-1.863003930511441253e-01
-1.336252399122606904e-01
-9.121284003402331531e-02
-8.587201933064349257e-02
-5.162793357873163291e-02
-8.362223731392173676e+00
-1.705640020658404765e+01
-1.702169827549756675e+01
3.537155628933610352e-01
3.597108010377025433e+00
-1.042721532706702270e+01
-1.045218676692459603e+01
-5.164902892918211030e+00
-2.181902925586325992e+01
-4.450420211911846735e+01
-4.441365653292882598e+01
9.229279750132557414e-01
9.385709762856180305e+00
-2.720708313799185873e+01
-2.727223955981335379e+01
-1.347645924626789160e+01
1.349325529926662659e+00
3.795488424598993493e+00
3.845756432431820304e+00
1.148444956316369447e+00
-3.961475031522715406e-02
-2.687359990441065438e+00
-2.767418786530642105e+00
-1.282854470347431497e-01
-9.002946235704684108e-01
-2.851496489464926398e-01
-3.737565510794147450e-01
-7.197636390577589749e-01
-1.552247880542130076e+01
-1.090699259377141317e+01
8.556866105724449056e+00
-1.543725433770087641e+01
-1.880732821363751128e+01
6.545989755459567405e+00
-1.380645531153437666e+01
-1.881236295663018510e+01
1.345620370471194871e+00
9.455108037975452628e-01
-7.417818685638013498e-01
1.338232389387503884e+00
1.630379030860464873e+00
-5.674620186488655849e-01
1.196860871074110877e+00
1.630815485168330747e+00
7.727373520647179417e-01
1.545091988657501192e+00
1.252523398230446006e+00
4.896322717545062986e-01
1.304711873145768253e-02
1.997078970902045614e-02
6.189553123071051682e-02
3.326145468352501716e-02
3.030410776330789632e-02
4.439499599953557890e-02
1.715261208775251817e-02
2.852969961734008394e-02
8.589906462616712091e-01
4.211364578817686222e-01
-1.781374476931470857e-02
8.572429953010560766e-01
5.251331068704226945e-01
-1.811567562371567686e-01
2.601136945739945250e-01
5.263907129889087155e-01
-7.943612787094153305e+00
-3.894506845329842815e+00
1.647346118971023121e-01
-7.927451187918240549e+00
-4.856227574555678217e+00
1.675267514933211688e+00
-2.405430698585763416e+00
-4.867857428837185196e+00
8.783937405846804491e-01
2.247010208303477530e+00
2.771874342762460586e+00
1.386280464589817463e+00
5.967060441295363865e-02
1.110397543648795754e-01
3.582732934378093231e-02
2.340635633441014163e-02
5.436516361909245892e-02
7.964402848079338293e-02
3.077155644993111866e-02
5.118189916274989981e-02
-2.252150310142213741e+01
-1.112890336876671604e+01
7.750749294703674686e+00
-2.246769671882168495e+01
-3.667694034287499960e+01
7.621568887316357843e-01
-1.801822450181309065e+01
-3.675171317902995582e+01
2.210954194848479215e+00
1.092533454646989810e+00
-7.608973339467853814e-01
2.205671978702471225e+00
3.600604930324334152e+00
-7.482155887575282771e-02
1.768863688476177254e+00
3.607945440192166675e+00
1.063493013734910120e+00
2.991476327007777769e+00
3.031095864843870835e+00
9.051656916756450899e-01
-3.122301238411068908e-02
-2.118086707451432016e+00
-2.181186353957816237e+00
-1.011102704113639034e-01
-7.095819236405691566e-01
-2.247453550925535282e-01
-2.945823347335670417e-01
-5.672934772536344372e-01
-1.101944284822945619e+01
-7.742898736928119696e+00
6.074538622491700401e+00
-1.095894180563505138e+01
-1.335136488092144447e+01
4.647012948313018477e+00
-9.801233885287325975e+00
-1.335493905636990775e+01
1.366608854149210517e+00
9.602585281637824322e-01
-7.533519054093067435e-01
1.359105638094652901e+00
1.655809074236107792e+00
-5.763130793395225826e-01
1.215529060188018429e+00
1.656252336194433461e+00
9.188932882063759466e-01
4.595604479070460879e-01
2.911928943441670081e-01
7.448976192975802491e-01
7.759350201321257336e-03
1.187697871039735883e-02
3.681035735639839185e-02
1.978117011253181443e-02
1.696711244021832307e-02
1.020095906453912307e-02
2.640248228453265233e-02
1.802238406829624953e-02
4.303320681583303609e-01
-8.942418509402983925e-03
2.114085783036593336e-01
4.312093809587603244e-01
2.642457336154461212e-01
1.305758865992102946e-01
-9.093986419239276364e-02
2.636144210879834415e-01
-1.425190126434291216e+00
2.961584206480968873e-02
-7.001509781294572576e-01
-1.428095644364517414e+00
-8.751390806468719585e-01
-4.324461923739344460e-01
3.011781043896240573e-01
-8.730482757836746099e-01
1.099981540303371697e+00
2.199418290105332296e+00
1.782950718180287053e+00
6.969851515832138356e-01
2.842815868164213708e-02
1.857240331514580997e-02
4.734724684996314409e-02
8.810748133232468304e-02
6.319569767918106762e-02
4.313750210141913122e-02
4.061165524971758339e-02
2.441651955846301653e-02
-1.101561236794604604e+01
-2.246850827046753096e+01
-2.242279518821262130e+01
4.659518394269663855e-01
4.738494060998940327e+00
-1.373583939029124679e+01
-1.376873443239618489e+01
-6.803760580201680064e+00
1.740220106302824643e+00
3.549521219961331742e+00
3.542299576515929527e+00
-7.360995761784386304e-02
-7.485759631976226514e-01
2.169955067907703761e+00
2.175151748015321296e+00
1.074841830363460815e+00
5.903906787683681490e-01
1.977019818107482285e+00
1.951178348922872452e+00
6.936591724273802884e-01
-6.594870847251936563e-02
-1.422669185264537672e+00
-1.381512744487215061e+00
-2.036506410919192503e-02
-4.628216751423829822e-01
-1.465891414115848834e-01
-1.921400242031424122e-01
-3.700146604561627139e-01
7.504361344591137239e-01
5.507475683713173309e-01
-2.611233507776020701e-01
7.502352957072593309e-01
6.158010467554726475e-01
-3.413383999731376961e-01
4.350862885957537118e-01
6.192007005498886274e-01
-6.781028353588147262e+00
-4.976619107748073034e+00
2.359541022928852705e+00
-6.779213550477395600e+00
-5.564450331590959031e+00
3.084373390659115532e+00
-3.931490487468835227e+00
-5.595169998943464229e+00
2.447216215669544004e-01
4.893220392692712029e-01
3.966671938951586984e-01
1.550638172136445669e-01
4.131949936675921066e-03
6.324638035768966396e-03
1.960197049798510435e-02
1.053371770452055795e-02
9.597142385453718769e-03
1.405964831691189701e-02
5.432136849639376819e-03
9.035197193911846669e-03
-2.092259073954053916e-01
-1.025769697505635319e-01
4.338926075286581550e-03
-2.088002288859846511e-01
-1.279076218893247519e-01
4.412467920274430744e-02
-6.335636366940079756e-02
-1.282139392887611806e-01
1.284399656934970269e+00
6.297012946301269176e-01
-2.663587522159156437e-02
1.281786494261038634e+00
7.852015446795080900e-01
-2.708733518520433092e-01
3.889331525658070166e-01
7.870819712875044560e-01
5.880495942831580614e-01
1.969180572754191116e+00
1.943441357698656224e+00
6.909084604250345096e-01
-6.568725970403577197e-02
-1.417028691457421274e+00
-1.376035399069343912e+00
-2.028433032533009592e-02
-4.609867208332436017e-01
-1.460079814958434863e-01
-1.913782468263984793e-01
-3.685476632358216098e-01
-2.512963278725170113e+01
-1.844272050660598694e+01
8.744160378104771425e+00
-2.512290735659563623e+01
-2.062114863643711260e+01
1.143029738219905056e+01
-1.456960613196736531e+01
-2.073499183536321055e+01
2.609601388889392082e-01
1.915195078908487614e-01
-9.080424397986280871e-02
2.608902982615895483e-01
2.141415219947138404e-01
-1.186985905305431854e-01
1.512989255334251937e-01
2.153237333404728893e-01
5.140683061282329547e-01
1.315032972402707667e+00
1.622202757539489504e+00
8.113022865849699450e-01
3.492143115576694379e-02
6.498454605189245281e-02
2.096747017022458984e-02
1.369826012947191092e-02
3.181649219313627264e-02
4.661061313285352892e-02
1.800864598300826527e-02
2.995352881568655312e-02
-4.100058398156317452e+01
-2.026026127736593097e+01
1.411030364831506567e+01
-4.090262901387647787e+01
-6.677067538266751967e+01
1.387512964070008348e+00
-3.280232778240200986e+01
-6.690679995368398636e+01
-1.132485283772435292e+00
-5.596127058169115820e-01
3.897435031281085704e-01
-1.129779650129796975e+00
-1.844286103153810030e+00
3.832477150958804590e-02
-9.060396189415973467e-01
-1.848046027000685321e+00
4.298356523616448932e-01
1.439375247413554604e+00
1.420561113076458160e+00
5.050204681592467271e-01
-4.801419744111361243e-02
-1.035779130888673460e+00
-1.005815023325309809e+00
-1.482686076159299253e-02
-3.369588977589497714e-01
-1.067247434699318265e-01
-1.398882013102750732e-01
-2.693904378123010979e-01
3.778119941131321546e-01
2.772774706729194127e-01
-1.314642636192547565e-01
3.777108804862658320e-01
3.100290931652018300e-01
-1.718490475196244871e-01
2.190470504134058860e-01
3.117406711416951248e-01
-3.440513549530877846e+00
-2.525004258161974935e+00
1.197168399349124446e+00
-3.439592766665338530e+00
-2.823254199094147321e+00
1.564929076072272496e+00
-1.994733776340132936e+00
-2.838840541789238170e+00
1.580815311920250321e-01
7.906034379941245804e-02
5.009528222803336789e-02
1.281482384854662759e-01
1.334877484417941462e-03
2.043252469225526665e-03
6.332658785101864286e-03
3.403047666227516053e-03
2.918932098792480223e-03
1.754918932565212178e-03
4.542143119799562853e-03
3.100475436821108904e-03
5.155820308103643557e-01
-1.071393613574292067e-02
2.532891973377223160e-01
5.166331416819737177e-01
3.165935379939150418e-01
1.564433277673841216e-01
-1.089553006414900604e-01
3.158371607236089562e-01
9.397262174744390961e+00
-1.952776876899045833e-01
4.616578645438761619e+00
9.416420259861531861e+00
5.770395982731397311e+00
2.851416222182946214e+00
-1.985875116412091579e+00
5.756609863190148779e+00
2.113335907873785224e+00
8.261382286531231411e-01
1.303810847608010137e+00
2.606975953688365433e+00
5.612080910902330494e-02
1.044340161141265461e-01
3.369596697566518140e-02
2.201391570711577761e-02
4.813709567906007680e-02
2.894096118278469479e-02
7.490601717917418079e-02
5.113098821549270229e-02
1.148324461513436887e+02
-3.961409628032727426e+01
5.687984900325053417e+01
1.151074506882947901e+02
1.878380849366305654e+02
9.209118410049981662e+01
-3.895385494091396339e+00
1.874559208105580979e+02
1.482577582446883646e+01
-5.114492729406942217e+00
7.343637782830231053e+00
1.486128108236581546e+01
2.425138044083580269e+01
1.188969926743938998e+01
-5.029250357444406960e-01
2.420204003356264622e+01
3.123251457590171309e+00
9.326857974849299682e-01
1.095826805887359701e+00
3.082427349851846632e+00
-1.041843659171045045e-01
-2.247501820742566547e+00
-2.182483730614817485e+00
-3.217229798007231745e-02
-5.845411240559977850e-01
-3.035386374050775826e-01
-2.315783767378079006e-01
-7.311556220642513315e-01
6.230022867146872301e+01
-2.168392309709791022e+01
4.573458352478180444e+01
6.231690651300424832e+01
5.141899838694060776e+01
3.612996620140298631e+01
-2.834505300625589541e+01
5.113668801477231085e+01
8.882170417463525425e+00
-3.091486249324079782e+00
6.520399258580315660e+00
8.884548184509638347e+00
7.330828732210797227e+00
5.151064832688614814e+00
-4.041166407610665701e+00
7.290579620936367355e+00
-2.217912393715457675e+00
-6.238717454562420883e+00
-6.321343918490746283e+00
-1.887721105494372553e+00
6.511552554672367377e-02
4.417265289529738403e+00
4.548859467564334125e+00
2.108652526172254960e-01
1.479831581431665155e+00
4.687059568417604183e-01
6.143508280024218005e-01
1.183089331345468898e+00
-1.863479789499349337e+01
-1.309388823659162782e+01
1.027255198787749535e+01
-1.853248558059521756e+01
-2.257827274985466914e+01
7.858486885415827849e+00
-1.657470482763124053e+01
-2.258431697895465007e+01
-2.913639119258088073e+01
-2.047291588795638617e+01
1.606162272064904073e+01
-2.897642103175990158e+01
-3.530220134393305642e+01
1.228711732563312964e+01
-2.591533787920358733e+01
-3.531165178307960417e+01
-8.345088244155227652e-01
-4.173577650987519427e-01
-2.644518607938250998e-01
-6.764916498673062550e-01
-7.046788019442084237e-03
-1.078628352845427234e-02
-3.342996236420002487e-02
-1.796461159083117057e-02
-1.540897646930583856e-02
-9.264177316222935166e-03
-2.397787070078686439e-02
-1.636733963966103059e-02
1.022039871105426023e+01
-2.123826908785758638e-01
5.020959675268636957e+00
1.024123491470453118e+01
6.275843598646658528e+00
3.101180975901271175e+00
-2.159824329967155787e+00
6.260849908381451279e+00
-1.911335657286799661e+00
3.971807965063785251e-02
-9.389789510618762325e-01
-1.915232274251087663e+00
-1.173657113462384993e+00
-5.799575874205561421e-01
4.039127407892997290e-01
-1.170853115727110927e+00
-2.939295889037699450e+00
-5.877136025946314568e+00
-4.764279694073112026e+00
-1.862436337074790504e+00
-7.596379289996299522e-02
-4.962791347991712260e-02
-1.265180940979467317e-01
-2.354348215489454887e-01
-1.688672469342186455e-01
-1.152691003754395122e-01
-1.085197041426304854e-01
-6.524416358834211893e-02
-3.587909585224037556e+01
-7.318247365337261101e+01
-7.303358097222597678e+01
1.517657861488829418e+00
1.543381129718845202e+01
-4.473918304617559016e+01
-4.484632592024583886e+01
-2.216061802638414235e+01
-4.886578437590893742e+01
-9.967137946755146061e+01
-9.946859404391612713e+01
2.066984689952363397e+00
2.102018674196274262e+01
-6.093284181106844954e+01
-6.107876579430654829e+01
-3.018180799688544624e+01
1.415721689376834069e+00
3.982252698301677718e+00
4.034994221145735693e+00
1.204956390593577842e+00
-4.156406813077779400e-02
-2.819596615365920655e+00
-2.903594852892442457e+00
-1.345979726418890243e-01
-9.445953196919195660e-01
-2.991809735011107252e-01
-3.921479471462492317e-01
-7.551809673408387269e-01
-2.208726899217624506e+01
-1.551979437956731367e+01
1.217574884744655073e+01
-2.196600126380781148e+01
-2.676135187593013498e+01
9.314429632548021587e+00
-1.964550225104255077e+01
-2.676851592003375657e+01
1.939258749580409003e+00
1.362635509755656615e+00
-1.069028837085730155e+00
1.928611462070064952e+00
2.349642492894097323e+00
-8.178054592746082374e-01
1.724872013091838241e+00
2.350271494841399189e+00
2.150971708941126437e+00
1.075752249670022032e+00
6.816326613960032033e-01
1.743677667182333080e+00
1.816330903336642669e-02
2.780197169331614232e-02
8.616673805324327751e-02
4.630432916166790647e-02
3.971710241881440395e-02
2.387869694222986491e-02
6.180368620331794932e-02
4.218731244724650831e-02
4.437636334657643289e+00
-9.221530123631990761e-02
2.180070828912407777e+00
4.446683290359669805e+00
2.724933965038141004e+00
1.346514335504784610e+00
-9.377828785459966232e-01
2.718423793899960916e+00
-4.728318263901374507e+01
9.825575152284943270e-01
-2.322873696620905193e+01
-4.737957829348512462e+01
-2.903427424683056302e+01
-1.434716106736456709e+01
9.992111966391799882e+00
-2.896490812763312306e+01
1.704949717296355249e+00
3.409055020054184038e+00
2.763538488188713504e+00
1.080313254007908785e+00
4.406308589488413391e-02
2.878685925188846986e-02
7.338729985283871937e-02
1.365648602913891174e-01
9.795208641457850418e-02
6.686227842226409590e-02
6.294726556411037177e-02
3.784512429651758214e-02
-3.718084035163467860e+01
-7.583763762190280033e+01
-7.568334290305006107e+01
1.572720641813322384e+00
1.599377186708505683e+01
-4.636238407882107992e+01
-4.647341424836670143e+01
-2.296463668777444411e+01
3.888921041202040296e+00
7.932219440809780586e+00
7.916081021854760813e+00
-1.644983367249625017e-01
-1.672864716177996369e+00
4.849262395880473697e+00
4.860875569721671674e+00
2.401980643095618984e+00
9.771139143685537709e-01
2.748502443131808359e+00
2.784904001591015366e+00
8.316462651466769440e-01
-2.868701497828739927e-02
-1.946051336547394817e+00
-2.004025899829144031e+00
-9.289788586422238759e-02
-6.519482164097963883e-01
-2.064910739991678290e-01
-2.706557500137996564e-01
-5.212167310816804289e-01
-1.554157923684152642e+01
-1.092041366340797204e+01
8.567395341973004008e+00
-1.545624990029116219e+01
-1.883047065764860051e+01
6.554044605130056489e+00
-1.382344417457282759e+01
-1.883551159589806900e+01
1.896430153979519861e+00
1.332541658065662604e+00
-1.045419298771627092e+00
1.886018012176832848e+00
2.297750558330654780e+00
-7.997441978246585537e-01
1.686778155875648944e+00
2.298365668748792778e+00
6.484544124703268686e-01
1.296587663367910537e+00
1.051074239033562785e+00
4.108824379423535178e-01
1.094868998992114262e-02
1.675879481130081172e-02
5.194058531234974768e-02
2.791186034755892623e-02
2.543015728327543273e-02
3.725474247242729214e-02
1.439387777349809307e-02
2.394113544491638379e-02
3.563443009958953134e+00
1.747045527920620289e+00
-7.389866764610954208e-02
3.556193042072118615e+00
2.178465978784372759e+00
-7.515119978655957489e-01
1.079057531951156834e+00
2.183683041103129163e+00
-2.849163478175442776e+01
-1.396856438829195213e+01
5.908594142089841350e-01
-2.843366740676544779e+01
-1.741800188147870188e+01
6.008740792950066023e+00
-8.627642710415615923e+00
-1.745971508800294458e+01
1.214503425533988601e+00
2.428405341041931287e+00
1.968578267412355975e+00
7.695500543692370687e-01
3.138788681942737691e-02
2.050602361894788769e-02
5.227668954564494014e-02
9.728057604802133052e-02
6.977516303384340146e-02
4.762865752527280228e-02
4.483983831335523751e-02
2.695858571769030321e-02
-2.597765972772752008e+01
-5.298654699744790975e+01
-5.287874374001094679e+01
1.098834810978252419e+00
1.117459313443867330e+01
-3.239265778759819625e+01
-3.247023279495939363e+01
-1.604502512594934416e+01
3.153553907683000812e+00
6.432293520269900533e+00
6.419206760826509317e+00
-1.333928786649045128e-01
-1.356537972058526442e+00
3.932301585938717814e+00
3.941718791728938687e+00
1.947783295922013380e+00
7.521970200055325684e-01
2.518855165722330369e+00
2.485931139052400152e+00
8.837677813098255841e-01
-8.402311877628619585e-02
-1.812576299690414672e+00
-1.760140191253284803e+00
-2.594647278011681657e-02
-5.896659747721126887e-01
-1.867644659011434005e-01
-2.447993301347815009e-01
-4.714235947961730733e-01
5.617167826618008064e-01
4.122458021654528126e-01
-1.954561642923166309e-01
5.615664506892139585e-01
4.609396947784517029e-01
-2.554987541902363213e-01
3.256709857396000718e-01
4.634844050800261406e-01
-1.739070543496275789e+01
-1.276309616081793052e+01
6.051306785861115145e+00
-1.738605116944056306e+01
-1.427065507494213747e+01
7.910220435401850381e+00
-1.008274695812515276e+01
-1.434943909678032803e+01
9.047372724254003629e-01
4.524806868108595670e-01
2.867069205531196929e-01
7.334220947854050987e-01
7.639813487262025506e-03
1.169400784465258851e-02
3.624327518400385223e-02
1.947643118360104647e-02
1.670572549204695986e-02
1.004380813135327330e-02
2.599573869289845129e-02
1.774474012614901328e-02
1.355583963558095961e+00
-2.816940689218579499e-02
6.659556647339096580e-01
1.358347576243165378e+00
8.323973634141540456e-01
4.113255576297086824e-01
-2.864685917428524409e-01
8.304086732805814330e-01
-1.973663758489971087e+01
4.101327470369060535e-01
-9.695987822079482399e+00
-1.977687443002959000e+01
-1.211929731391373721e+01
-5.988698360696285583e+00
4.170842180697399648e+00
-1.209034296103691553e+01
3.005752878760638680e+00
8.975976026993434109e-01
1.054601149380277381e+00
2.966464598422285714e+00
-1.002648880201158083e-01
-2.162949463995429866e+00
-2.100377393152396799e+00
-3.096195696712090648e-02
-5.625503389021624390e-01
-2.921193331232102564e-01
-2.228662602936920256e-01
-7.036491121978555308e-01
-2.044262101365153939e+01
7.115162037376951965e+00
-1.500692337976082769e+01
-2.044809352637106414e+01
-1.687215471501439978e+01
-1.185535305474041579e+01
9.300883617528475256e+00
-1.677951999970878916e+01
5.746334963940959994e-01
-2.000042184521284849e-01
4.218383174090971077e-01
5.747873264297461704e-01
4.742691873569905847e-01
3.332489983687556556e-01
-2.614439346660581420e-01
4.716652643908505471e-01
2.050711607827358396e+00
8.016573460266199769e-01
1.265175133607060465e+00
2.529723660888786529e+00
5.445778602996795281e-02
1.013393319534824089e-01
3.269745730246999965e-02
2.136157924850290782e-02
4.671065328931755384e-02
2.808335618496990774e-02
7.268633365517497558e-02
4.961582806693318887e-02
-3.397830704096171672e+01
1.172159935345448822e+01
-1.683044329935125560e+01
-3.405967941355650197e+01
-5.558028534506134122e+01
-2.724928915133032348e+01
1.152623747008818977e+00
-5.546720502280998488e+01
1.124435445826802660e+00
-3.878998968051314278e-01
5.569655660580772327e-01
1.127128280991803511e+00
1.839304202407909372e+00
9.017537736178424801e-01
-3.814348358432443492e-02
1.835562064154296902e+00
