5.119999999998028689e-04
1.501195000000004887e-01
-1.167500000000462872e-04
-6.500000000003926953e-05
-1.472500000001370987e-04
1.800910427691668550e-02
7.782481462627981444e-04
8.324085005934360373e-04
2.084851326912103757e-04
1.000500000000242515e-03
3.749999999967648942e-06
-9.499999999986868124e-06
-2.375000000001153112e-05
2.967949999999993094e-01
3.374999999989596446e-05
-1.862500000000750003e-04
1.350000000009501118e-05
-1.347499999999591212e-04
-2.072499999999257282e-04
2.211250000000399203e-04
2.163749999998934646e-04
-8.201790576857692291e-04
-4.005260594756756935e-04
-5.680309671060594819e-04
-3.642096107383837982e-04
2.017500000000158273e-04
2.648750000000334756e-04
-9.576836307254873266e-04
-1.058328293725377444e-03
1.615000000001058406e-04
-4.437499999992559782e-05
4.507018321621744758e-04
3.275511192105640769e-05
5.295000000002993710e-04
-2.325000000003247117e-05
7.499999999972202686e-07
9.999999999989927902e-06
1.500834999999995922e-01
-2.905000000000316726e-04
-7.775000000009744873e-05
-5.750000000014600311e-06
2.049999999999238575e-04
1.012500000006470193e-05
-6.374999999996620458e-05
-1.091250000000362086e-04
-1.379999999999897747e-04
1.394999999999990811e-04
-2.385000000000075590e-04
3.326250000000475094e-04
9.990000000000851064e-04
2.249999999978703108e-06
-1.250000000015485347e-06
2.999999999993670199e-06
-3.225000000001230355e-05
-4.999999999679601091e-07
2.500000000169904108e-07
9.000000000001094595e-06
-2.375000000002667946e-05
2.737500000000866817e-05
-3.000000000000536248e-06
3.687500000001006460e-05
2.968369999999998510e-01
8.099999999994853125e-05
-4.149999999985292705e-05
-3.999999999998490576e-05
-4.225000000000011217e-05
-8.224999999995963405e-05
-2.411249999999414730e-04
3.231250000001352073e-04
2.157499999999546391e-04
6.040000000000262824e-04
-5.999999999998606275e-05
1.160000000000572466e-04
-6.650000000004156926e-05
-1.687499999995259009e-05
4.587499999995336275e-05
2.724999999996558842e-05
-8.274999999991981532e-05
1.613749999998925343e-04
4.280624999999574484e-04
-1.406875000000279972e-04
9.239710026891140889e-05
8.689588791467808978e-05
-1.387704246804469244e-04
1.938798564218345913e-04
-3.794999999999701390e-04
-1.553125000000248697e-04
2.251736290780682089e-04
2.047041257087666897e-04
-8.000000000059774753e-06
-2.763124999999503717e-04
6.328093646823240443e-05
-9.996513247761050177e-05
1.867500000000565539e-04
-2.275000000000267057e-05
-4.862500000006290691e-05
-5.487499999996668681e-05
2.336303296765995211e-04
-2.500024360948664183e-04
1.147499999999935464e-04
-8.662500000000645595e-05
2.066249999999747867e-04
1.600000000002579312e-05
1.594446512273285194e-05
7.842313848009232016e-05
2.074033854385534843e-03
9.300261404056759393e-05
9.653973825635724277e-05
4.203808252620548028e-04
5.908011462844851153e-02
-3.995569315883621547e-02
-3.532804118712506297e-02
7.004979436552556194e-04
1.286132807388982828e-02
8.945594265704995621e-03
9.960816618816941206e-03
-1.920565654804003717e-04
1.015408518106134840e-02
7.263245029556397031e-03
5.324187051597262894e-04
-3.075351879322571610e-04
2.472111160950943645e-02
1.074364652617779440e-03
-1.275663999684964380e-04
3.104442712524951810e-04
-4.287337763474218313e-03
-1.508975456174736893e-04
7.791454855608940047e-05
-4.058881969827606972e-04
-1.019155436537622561e-03
2.911584346146228481e-04
-2.106188472491495739e-03
1.531586467321866300e-04
1.788239757230215554e-01
-5.177406730164508392e-02
-4.311771377772497665e-02
7.330658698986677229e-04
-1.220414159410229682e-02
-3.309504465518698681e-03
-1.667348709513493234e-03
-3.021699489735639281e-04
-2.313660328211255852e-03
-7.939480855808830331e-04
-3.718801565946406370e-03
-2.018489376176843628e-03
5.008695250990660708e-02
3.536576824514468115e-02
3.743385496245359850e-02
-1.792553029254825457e-03
-1.830010431999641324e-03
-1.303991889509648018e-03
-1.351093482504622020e-03
7.967525794818057115e-04
-8.506333290785653405e-04
-6.430388969389839874e-04
2.819633708439706413e-04
3.889904710742068787e-05
4.779236705692831849e-02
3.194411257380119773e-02
-3.187331723655657378e-03
-1.836936691723998561e-03
5.825392168895940402e-04
-5.353658658137260473e-04
-3.052305786602957361e-05
6.963658296795875160e-04
8.014073624159180967e-04
-1.169223733354365024e-04
-5.505878811796057561e-05
8.713121399811639032e-05
1.700175036086984262e-05
3.464148874226130489e-05
-2.903708027004479533e-05
-2.225951949631759126e-04
3.302884632735591017e-05
6.260086561287356199e-06
-2.122881147878178797e-04
1.091268407898362712e-04
4.747278967314395859e-02
-4.732539646467209121e-02
-4.349901868017361922e-02
-4.281079388073043019e-04
-1.626316615905425990e-04
1.338823289202789970e-04
2.483347156961144176e-04
2.342429287314495856e-04
-5.649837800535703700e-04
2.781953192176097179e-04
9.001046187872760711e-05
3.590558126351065015e-04
6.852662059908849398e-03
5.157539589401751411e-03
4.423024281363638344e-03
-5.088017924448565025e-04
-3.766040170870538868e-04
-2.424643196838247559e-04
2.956243362321334719e-04
8.456795873694992896e-05
-4.229657559583775342e-05
-2.351033969245870995e-04
-4.852042651967419925e-04
-2.878272805300211359e-04
4.958655958450141482e-03
2.968980640567399007e-03
-6.809208882999539993e-04
1.595180088381320895e-04
3.354118872288612118e-04
4.013230561151848522e-04
3.124725764761723123e-05
1.858963637453889630e-04
1.415605545428408156e-02
6.344983443687577350e-04
-1.547096213790029654e-04
9.023081524621142172e-05
-2.814047335357782527e-04
-1.246648894480229151e-05
3.456393785162887087e-05
-4.578743895452130495e-05
-1.366678077703756917e-04
1.455540856661786822e-04
-9.241711310692952270e-05
-1.160002976043339316e-04
-3.742812584630036531e-03
1.134756996882198998e-04
1.541309981098875899e-04
-2.058076528080048540e-04
-1.407603442494551960e-04
-2.427551552941288772e-05
2.852194149417029809e-05
4.866431989088279217e-04
-2.198277468074258444e-04
-2.548050381386429979e-04
4.348826407362119323e-05
-6.968967236842181999e-05
-3.589506453930125488e-04
-2.397267926378717894e-04
-3.379372853352888848e-04
2.128639162994997884e-05
-1.365558402629128178e-03
6.721455287087668132e-05
-1.486359619802842382e-04
1.329106434645814495e-04
1.609552994044972651e-01
-6.219248460020537772e-02
-5.460664556858041419e-02
8.641031800501532438e-04
4.065574344917961564e-04
3.438148212279412935e-04
9.106993694746338876e-04
-1.017363357653474541e-04
1.919606527997649262e-04
5.950620839017829169e-05
2.435459539036724009e-04
-7.618405345226883019e-05
-1.382951870476462411e-02
-4.293102158927553438e-03
-3.044336821621582319e-03
5.721129528888675161e-05
1.382262165678463123e-04
-2.294763213578708116e-04
-3.141389493070999902e-04
-6.590495510719614311e-05
-9.555910344724422069e-06
3.931147550493604140e-05
-3.558093429828544196e-04
-3.350169944769663716e-04
-2.849623917876398065e-03
-2.464793523753617144e-04
-1.437513700355252651e-04
-5.722898337895423147e-04
-3.429399778559888076e-03
-2.130480335762373334e-03
-1.708016656408882137e-04
1.214098241797860667e-04
4.228058828146429027e-02
2.631604423525602671e-02
2.685780994611883243e-02
-1.896443872060223556e-03
2.055008356541699471e-04
-2.913441229065210822e-04
-9.287573122682546282e-05
1.313487261638197391e-04
-2.459370118705206867e-05
-1.050698684205675191e-04
4.593245424319370498e-05
6.278238532257374410e-05
-3.645166728459616444e-03
-1.936519616124715744e-03
-1.147776270110313981e-03
1.142416785415843088e-03
-5.143814331681475713e-04
5.064082395330603455e-04
-3.120872932475730432e-04
-5.324366642012054928e-04
-6.179577628874103300e-03
-1.170642980357361416e-05
1.108885468838433590e-04
8.604615411716672393e-04
3.780683088563655718e-04
-8.910439004212004097e-05
-3.427383420931628087e-04
-1.416552014282652873e-04
7.568476351208553755e-04
2.048928579224748722e-04
-3.851957694439182628e-05
-3.519231110383210870e-04
-1.001645724183401190e-03
-7.473399076452381246e-04
5.559870796898892104e-04
9.362337765667164960e-05
-1.056199493886515739e-03
1.131549068581752044e-04
-1.046022789924136052e-03
4.777102943680421000e-04
3.974898783185138416e-04
-3.715379547977996249e-05
-6.194963150116715661e-04
-4.258247178055579881e-04
3.694444325718697353e-02
2.286985744318894426e-02
-2.219682505699896837e-04
1.344396819887488720e-04
-3.733082518603122665e-03
-2.367403518828073948e-03
6.113431507739508107e-04
-8.067357533109169483e-04
1.131601140732857100e-02
7.619548622409380893e-05
5.724665005839056978e-04
8.983962011700421949e-04
4.675736715022496965e-05
6.155110100962038304e-04
2.679802632903577429e-04
1.669451010210576977e-04
2.971534226195907775e-04
-1.179801602539932732e-03
1.140154610899582650e-03
7.133711089671574519e-05
