5.120000000005097687e-04
1.445738333332573788e-01
1.989750000032351057e-03
-3.829166666732494468e-04
6.565333333435242544e-03
1.693746982018508596e-01
-1.561835073936952006e-02
1.963994898156146141e-02
2.501628105214634759e-02
-6.545000000676864417e-04
4.815833333619448740e-04
-8.891666667226224955e-05
1.498666666756208682e-03
1.602883333334968463e-01
1.190700000002310396e-02
-4.833333333237642762e-04
6.591999999853230888e-03
9.470333333345142338e-03
-1.153458333337862608e-02
1.444583333335357081e-03
-2.308800000004359448e-02
3.264086893424804434e-03
2.894874390538355099e-03
1.040328107190524988e-03
7.991594203011478589e-03
1.544666666671387677e-03
9.674166666725550739e-04
4.377188769019347073e-03
-5.578031481148405801e-02
-2.493866666674032090e-02
-1.382933333342623028e-02
-7.901772631061551588e-02
1.027182852345346342e+00
7.458333333150481961e-04
-3.277499999921381496e-04
5.658333333192216719e-05
-9.546666666427029106e-04
-9.138166666604899402e-03
1.436941666673847290e-02
8.408333333445190661e-05
-1.680000000024586522e-03
-1.085583333311610508e-03
-3.943375000051472547e-03
-4.593749999963829241e-04
7.591999999945401971e-03
-8.609166666629439061e-04
1.181125000006517456e-03
1.387199999994283284e-02
-1.992800000010681166e-02
1.090000000738221671e-04
2.395500000031940222e-03
-5.633333333078843801e-05
9.279999999581156492e-04
-7.033333336100884711e-05
-9.993333333488466086e-04
2.241666666569768295e-05
-4.053333333202912528e-04
5.366666666979283379e-05
1.688333333370131987e-04
-1.045333333388007374e-03
-2.752000000060873721e-03
1.240699999978128742e-02
5.659666666698302297e-03
-4.101666666727473375e-04
6.912000000101314531e-03
-3.122333333281763438e-03
-1.465525000016089027e-02
1.178333333412611778e-04
-4.848000000111928574e-03
1.082166666656296647e-03
2.023500000002833796e-03
-1.459199999983955102e-02
-2.972266666670736121e-02
-2.285183333330286296e-02
-1.231550000009907012e-02
6.830833333352612138e-04
-1.107200000003070832e-02
1.884633333326442978e-02
4.551853514362327185e-02
7.407499999907719021e-04
-8.818666666524614325e-03
8.404592229911248685e-03
5.485069711917115072e-04
-8.113749333191722871e-04
-4.016348604549772536e-03
-2.491416666665727166e-03
-1.325833333341462075e-03
1.782375076827084730e-03
-2.454532206985198320e-02
3.785599999999929993e-02
2.185866666680264664e-02
-2.175886381969110647e-02
2.805177544774461462e-01
6.158333333309843260e-04
-1.429000000001635993e-03
-5.208333333398443938e-04
-3.424583333431547487e-04
3.589910892390460982e-03
-4.942921067126450352e-02
-9.781333333301771293e-03
2.423466666670546360e-02
5.322666666774310447e-03
5.101333333485664860e-03
-5.778285154860133416e-02
8.119096435566546255e-01
1.704723817829878821e-02
-6.395148197257824463e-03
1.146504321656791059e-03
-2.007122161054032336e-02
-4.004472114160798069e-01
2.071085508626588911e-01
-5.222187513605278109e-02
6.451249459433792133e-01
1.164751402771967842e-01
-8.295697852319063037e-02
1.750685884938876780e-02
-2.259610846073014656e-01
1.493904509004197190e-02
9.144693962557164796e-03
-1.881478335691935122e-01
-1.059376089076415201e-01
-3.580033315589246229e-02
2.835007275193323142e-02
-2.237319758799052438e-03
3.518821169163652979e-02
3.189016105768065776e-04
-3.299575570544199463e-03
-5.121320864655731948e-04
1.077439469298967570e-02
-2.166539060790962420e-03
1.432042207047256850e-03
4.038613449774085956e-02
-2.217667644405196120e-02
5.078619521486449351e-01
2.671397767077050567e-01
-5.297873994688858008e-03
4.365627227433780538e-02
-1.026373795697399088e-01
7.272340863347580460e-03
-7.823046356577758155e-04
2.655639471439306867e-03
3.392793214414992556e-03
-4.111022387511221662e-03
-5.144678102115008561e-02
7.157124621465442427e-02
1.774995636739643279e-01
-2.538897552617576658e-01
4.345772464285205944e-02
-5.402647419794380790e-01
3.892058284575639765e-02
-4.103966974655239019e-03
-4.555352427086224276e-04
-4.166615113920083685e-03
-8.985548792703716573e-04
-9.969639488811710810e-05
8.311029002087489195e-03
-2.041860050030899505e-03
6.185296090694576698e-02
3.828409907842187515e-02
-8.160618396660589483e-03
-2.147300619908111812e-03
-7.889531805690729316e-01
-4.796991947367428288e-01
1.120842481290249409e-01
2.084586313771263216e-02
-2.075241575619957146e-02
8.251591182897984045e-03
-9.524780222344898404e-04
1.620845414183057567e-02
-5.852809140614992356e-03
2.373593550700449448e-03
-6.526886807144521548e-04
1.147532883645847532e-02
-4.755047293383905913e-04
2.272209032062494664e-04
8.965766128689864334e-03
-4.184157140517046763e-03
-2.342226099822997953e-01
2.545132204665220485e-02
-1.636759710821019190e-02
2.233534326888278465e-01
-4.072141587162111075e-03
-4.623161467359675030e-04
1.765749889614961392e-03
-2.920915198171747731e-02
-9.332466509847846215e-04
1.266652178701408978e-03
1.046495333284470051e-02
-2.014906813489353299e-02
-1.076338278144013394e-01
5.182970152699609839e-02
-1.230170964020678957e-02
1.689817696540315828e-01
2.982571078747760576e-02
-9.290654242932792559e-03
1.407484005330860398e-03
-2.139411007198030110e-02
-2.975193227983339021e-04
-1.053621419101518058e-03
6.880483509309854445e-03
1.713913675151645943e-02
-7.173498891030648944e-03
-6.178051029120465096e-03
-2.648838707611831690e-03
1.235597968164173352e-03
8.802039609819645172e-02
7.216549575640020253e-02
3.961318921006678345e-02
-1.991025205012720081e-02
4.164985213322709712e-02
-3.077590651686428966e-02
9.437053716554789397e-04
-1.503838381472021209e-02
-8.680012024148784505e-03
2.902799162245318487e-03
6.661651219708064229e-04
-1.126241122026050770e-02
2.248176868244813344e-04
-4.460402202368792218e-05
-5.168110486673539207e-03
2.657243752373345154e-03
-1.274931455251951742e-02
-1.798024604150260265e-03
3.430062913255677568e-04
-6.148709165854568393e-03
2.500338099486122331e-02
-8.038124515442801599e-02
1.253433975975291447e-03
-2.249825698848193292e-02
-3.927468319171844159e-04
-8.946569959006799239e-04
4.926263919308483674e-03
1.332722998364087134e-02
2.929050964654500693e-03
-2.145689561180414307e-03
-1.341781974965291233e-03
4.063513636765587024e-04
-4.710708358762644155e-02
3.195801360080562092e-02
2.050957120821977897e-02
-7.096951161944558238e-03
-1.713188004666940656e-01
-2.221172878080509769e-03
-3.893448825342656506e-03
3.782042579147103928e-02
-8.030054025619945413e-03
5.678110090908107255e-01
2.570672324623977847e-04
1.815194446792390854e-03
2.111846298352789645e-03
-1.906932987735547287e-03
-2.937633225841506518e-02
2.972228576515801440e-02
-4.014187964409838671e-04
4.051589179819373721e-01
-2.323950799825167442e-03
2.858318473453418801e-02
1.352912444432255779e+00
-5.488735660437060737e-01
1.437598071637020414e-01
-1.871637187245812628e+00
-7.906943215022816003e-04
4.396006150947555369e-02
1.886481284279861725e-02
-6.197987569012423092e-01
-2.830334748855349580e-03
4.838247112976037760e-03
-1.864644310399986901e-03
5.997500838771412796e-02
3.858967545724724391e-02
-7.152181606798367619e-02
2.833485093418366962e-02
-7.826225897162761846e-01
3.905123987536777974e-03
1.976432349211636741e-01
-7.602538695492895744e-03
9.363471479167183309e-02
-7.103396519184055347e-01
1.837133711460704755e-02
-5.882192007966167285e-02
9.911256790192867205e-01
-1.667955017386488833e-04
1.590272638917975684e-02
7.308085432020604809e-05
-2.038866782926451737e-01
-4.806296909049437294e-01
-1.175608116524119555e-02
-4.148620009423605037e-02
6.700017967675208075e-01
-2.664721538607744411e-01
1.454639589538109790e-01
-4.448306632203757188e-02
3.158077632285387071e-01
-9.019440972314637928e-02
1.639482572801219049e-02
2.321072169855801712e-03
7.199165763213535851e-02
-4.106627285866479293e-02
-4.653001625406880289e-03
-3.712438045480874037e-03
5.876129969333563491e-02
6.570029472559403283e-01
2.463014877728532045e-02
5.859582402934287310e-02
-9.419641275573414907e-01
1.359953501506958040e-03
1.897018194285612219e-02
-5.206104406431148052e-02
-9.868152939632585108e-03
-4.551904048153825391e-03
7.487577312297143128e-02
-1.347539594059042785e-02
-2.212486607928461635e-01
8.994242393363283128e-01
1.009630068170652185e-02
7.603836426485545419e-02
-1.277091517178489344e+00
-1.474020654165262428e-02
-5.632970859902139242e-03
2.065908365043405640e-03
3.926393200064031558e-02
2.000297093141655252e-03
3.308622188900927491e-02
1.548517046796717145e-01
-4.490169479475649567e-02
1.758514536204143844e-02
-2.216365984451732773e-01
2.046276850464190389e-01
6.076809608078354019e-02
-3.206017369015239787e-02
-7.294149325370343773e-01
-3.349677544282405467e-02
-5.490502931508719486e-01
-1.982262677176700238e+00
8.061736203619019880e-01
-2.161440492358724930e-01
2.792001549747724631e+00
