5.640256360538823088e+01
6.551022784394082521e+01
1.837590400521572562e-02
9.490912380745038490e+01
1.277717590793576079e+02
5.386049901466392953e+01
6.365012494960505762e+01
7.763574384505622561e+01
1.268297467576220896e+02
2.468174622241023712e+02
-7.439401553099328490e-01
6.088434344511193075e+01
1.172283992228760923e+02
3.277811688629385856e+01
1.409103171886722095e+01
-3.847572016776853587e+01
1.554821792575170321e+02
4.856705447623302696e+00
1.852009763437535739e+01
1.918372453936122213e+01
3.092336526978448852e+00
1.681520605195157358e+01
7.574116800266502025e+01
4.290296879847715417e+01
1.700473623248721822e+01
-5.168088055486491861e+00
-5.988199996164165206e+00
2.379278160698823807e+00
-2.858943302825160071e+00
9.216339814777423811e+00
-1.371946424377005869e+01
-7.299851325964819004e-01
-4.884260986308121666e+00
3.221973667776276251e+00
-4.878678372926828488e-02
-1.952080743395352647e+00
-3.929190742921460089e+00
1.327042852689643482e+01
1.721717027171630932e+01
1.890772782682225284e+01
-6.038563852988495739e+01
-6.835198680737073573e+01
-2.526782712436428824e+00
1.161749867969244399e+01
-4.507011482260000257e+00
-2.326593806685417931e+00
-6.381177303811870871e+00
-1.137782877978567697e+00
-5.281366417909133304e+01
-4.437589059636056987e+01
1.512033377724969796e+01
-5.588371662744888368e+01
-3.456471502085616407e+02
-1.915421702811983096e+01
-7.115918029190841310e+01
-3.465054993940400863e+01
-7.891422445168576161e+00
5.074154631148711125e+00
-4.530718547459277090e+01
-4.053134298545078451e+01
-7.406062482056228191e+00
-3.235461320155156972e+00
-1.917014936169658412e+01
-2.139081192085415140e+01
-8.638796175824813517e+00
-1.572706889260816432e+01
-1.180177244222005761e+01
-1.651350437020638662e+00
4.967962050775902028e-01
1.900519867355014103e+00
1.106486855499148714e+00
1.869441934333836430e+00
-1.452878777932994137e+00
1.121427019643449796e+01
-3.593294642633998448e-01
2.591701831176577819e+00
-2.923001558542522305e-01
-4.171521835341960305e+00
-2.272245998856037286e+00
1.297739816960425863e+01
-2.302131833536292527e-01
-8.921731100204086218e+00
1.051813437163503018e+01
-5.063671454250004977e+00
-5.446864832758352648e+00
-1.663000809706071692e+01
-2.207306737559298071e+01
-6.929977037598614231e+01
-4.903236216069461761e+01
-3.010190488224674255e+01
-3.969424823372760613e+01
-1.583009253514735271e+01
-5.222694614952405168e+00
5.439044635052913179e+01
-2.902397778507406088e+02
-5.430302790799629520e+01
-6.365348724873356012e+00
-2.914271256465159254e+01
3.992418566886389186e+01
8.136680176933550612e+00
3.622034076364787580e+01
-7.015995111643602566e-01
-1.578494838989799698e+00
4.214878908048909079e-01
-8.829247667305736291e-01
4.206263682485245625e-01
6.891469299410325489e-01
-7.811639175271473112e-01
4.427821561468394673e-01
3.030098072541225651e+00
5.407592137794493325e+00
4.950750336405068119e-01
-1.333233209559200549e+00
4.441945207241678517e+00
1.119467904526242119e+00
2.245358321622249242e+00
8.147205662790824476e+00
1.610769892368612899e+00
-8.511405799350328039e+00
-8.130586620550113608e+00
3.924755955388288697e+00
-4.062705815151012700e+00
3.654943612311619905e+00
3.867365921708548204e-01
3.104335634743310202e+00
-1.344724053349682613e+01
-2.849964652784290120e+00
-5.128964324176169320e+00
-8.832292944584096972e+00
-4.000913143892236512e+00
-2.957358252455085790e+01
-3.604278126566627805e+01
-1.020011069611395094e+01
-6.445533599124060764e+00
4.183503766027373061e+00
9.785435271421233594e+00
8.776259129014349014e+00
4.617909902559782509e+00
-5.654866421171574897e-01
4.396430158823449119e+00
1.138035121733276034e+00
2.661316345607450629e+01
2.577012594014937719e+01
8.621312122088262697e+00
2.767387973560303749e+01
2.554753507458698891e+01
-2.515090050975303360e+00
1.549708837762747038e+01
2.317152540414195272e+01
1.489594543580994523e+00
3.049006966499388849e+00
1.144695323162245870e+00
3.224607338624840391e+00
3.431140202212260792e+00
3.151703813099433482e+00
1.382587911208476239e+00
1.482094938707750664e+00
-2.189947928204575334e+01
-4.650512575119432768e+01
2.344649813763005852e+00
2.255322665804503401e+01
-1.893270066490470072e+01
-1.464618301757991459e+00
-5.356063181301936815e+00
-2.038216207142864533e+01
-2.052216481690559480e+00
-4.198876709273673669e+01
2.335063851936572021e+01
5.710250485503752316e+01
1.534143581578805593e+00
1.568061515055374944e+00
1.390767261383862863e+00
4.668547740001749879e+00
1.722956245435197653e+00
1.189696465315135931e+01
-2.179980532611699995e-01
1.001908321923105305e+01
-2.938881114428844299e+01
7.968121482322474947e+01
-2.419292096496251876e+00
4.921236704852258725e+00
-1.901526491109819617e+01
8.366995177274976925e+01
5.011721670950006313e+01
8.645301681258279913e+00
-4.349194963566029770e+01
-3.527696647175849165e+01
-8.321318121964424108e+00
-1.815712729853109053e+01
-3.881421698485910809e+01
9.233846871485869912e+00
-4.233649851546588572e+00
1.273492913329210730e+01
-2.869620435938930925e+01
-1.695938803597881162e+01
-1.523973055669810783e+01
6.429375951847252679e+01
-3.172079290646742322e+01
-5.801434572273558743e+00
-5.645685926122137488e+00
-8.784099879297270874e+00
-1.598770510429014280e+01
-3.508719140623024035e+00
-5.977216546992005775e+00
-3.863837710294018279e+01
-5.496720245947155803e+01
-2.158692897923347687e+01
2.871427921822601870e-01
-3.198539817465640667e+01
-7.049554976819544549e+01
-1.615765936875593001e+00
1.161973357301613885e-01
-6.353930730944034622e+01
-2.259649876225405407e+01
-1.780280321416005762e+01
1.413395488338910511e+01
2.667850201342200123e+01
1.577588649803408627e+00
-4.098045649700003956e+00
-1.033549366184125295e+00
1.673248936027236899e+00
8.284916771918043210e+00
3.795000556762919697e+00
5.375573814378309834e+00
1.218280375886129896e+01
1.096892971589501053e+00
-2.754528255266225356e-01
-1.973336153091190259e-01
1.190730605010589693e+00
4.885047443345951201e+00
-2.228493046773780506e+01
4.627127727392591261e+00
-1.415689771809102382e+00
3.721348054456410370e+00
2.162568511572975183e+01
-4.092065886057888235e+00
7.396210711344254340e-01
5.535556541043832546e+00
1.029185124845960964e+01
2.016715290020342621e+01
-1.486004865481582016e+01
-7.473050610101033442e+00
-1.924370540000873042e+00
-5.373250074292861278e-01
-5.155849137248601721e+00
-2.824623064487680857e+00
3.838963946082196155e-01
-1.189239825098503234e+00
-4.721372748086857030e+00
1.984268704987656395e+00
4.062429110487797423e-01
-6.747561661804703625e+00
-4.908345724644704866e+00
-1.198002982047947569e+02
1.659408071677675878e+02
1.654110164297764811e+02
9.513915670131737556e+01
1.215719469116049112e+02
1.918021315368706041e+02
1.921313679290535106e+02
-7.334074053134133919e+01
-5.798069067843357516e+00
2.362554739466145914e+00
1.502985883569463832e+00
-1.186984928886259283e+00
7.794827040047167532e-01
2.634461199150584854e+00
2.908131537510180831e+00
-3.255375271533031079e+00
7.756802301942087752e+01
2.423780156128154673e+01
1.148631209417417764e+01
2.992287824632282067e+01
7.754985194594314635e+01
1.778304349996692579e+01
1.948007602781345682e+01
6.555151851112087513e+01
1.237253962545736607e+00
1.254757351783982289e+00
3.518157766526817110e+00
-5.277213757813418171e-01
1.858511924832758844e+00
1.321032450787855250e+00
-1.680981478589694600e+00
2.354499728997384356e+00
1.938273771256235900e+00
3.633675083070323497e-01
-2.366542827301129637e-01
2.016425110495190243e+00
-1.695329879357922920e+01
-3.121119979124156618e+00
2.014894215711142422e+01
1.474129408889224813e+01
-2.299659607674098183e+01
6.000826538086943884e+00
8.471561054913060218e+00
-1.355392873397992481e+01
4.656520188635401070e+01
3.448450177418123275e+01
4.526727033936797966e+02
1.533641281341822378e+02
-2.895080355039588160e-01
5.180212314016837460e+00
1.795835657903094429e+01
4.546084004805699408e+00
1.359258361282085836e+01
2.755779979710455962e-01
2.975954235455060670e-03
1.410038749714153106e+01
6.462226560619054316e-01
4.307686032132563625e+00
4.292840983137262256e+00
7.532054426975367534e-01
-6.210000734796558675e+01
-1.109529212209797890e+02
-1.104682574726871280e+02
9.148081379768764521e+01
6.042484580868083555e+01
-1.271488853598811914e+02
-1.274391448489911198e+02
-7.903498064589282990e+01
-3.861899321806287588e+00
-1.773954034722908801e+01
-1.752239768235811468e+01
3.930606262737794765e+01
2.820217865183555972e+01
-2.310451181821104782e+01
-2.319586219327579713e+01
-9.862047823198233587e+00
-7.555405844717469899e-01
-2.963950164019017453e-01
2.445682794847386099e-01
-1.004226140151810664e+00
9.022875669646117647e-01
-1.913631671127572764e-01
1.298204605737241168e+00
1.319503774306072019e+00
1.828291896150442186e+00
5.952835087981505069e-01
8.840193438524515113e-01
1.511576090281890439e+00
-8.927924362387825497e+00
-2.938202469770380354e+00
-7.056966599693376807e+00
-1.508894700956308910e+01
1.135907231925910477e+00
3.448801767514741101e+00
7.798785355759692450e+00
-1.487985939318721940e+01
-6.868451023482534390e-02
2.343823911014897288e+00
-1.793290331831099538e+00
-8.723691508564142438e+00
-2.470002614412472042e+01
-7.855759442515640067e+00
-1.071880597936713997e+01
-3.859529241022388391e+01
-3.478950486898441330e+00
-2.636804721922177741e+00
-2.334697604715784802e+00
-3.644842817457031536e+00
-4.175928889315223813e+01
-3.486813392068230399e+01
1.827115867414511285e+01
-6.387972046143824656e+01
-5.428333371166863230e+01
-2.075515321391894119e+01
1.641901270414375347e+01
-2.454899911573765081e+01
1.442657484527217981e+01
1.237007094867197310e+01
3.315729755370131215e+01
-1.320799466360563912e+01
-2.989074385184638416e+00
4.681509842559678503e-01
4.869004463189000376e+01
-8.975076822131670440e+01
9.827454247073344362e+00
4.587680290959478491e+00
3.477549514478627479e+00
1.610910314442642388e+01
3.214184851895547013e+01
1.402071284175609556e+00
4.424209901521661159e+00
3.650982660404567781e+01
9.300003644199279051e+00
1.882773215114506016e+01
-8.824256328838554486e-01
1.910890144060989826e+01
9.095783147322951834e+01
2.108077488142707523e+01
6.080120109854244959e+01
4.132418191540553210e+01
4.346279666324818436e+00
3.064950580711819583e+00
-3.548783332783719935e+00
-3.614879158537223081e+00
1.472773473172557601e+01
2.820584479240489273e+01
-1.742364854325852974e+01
-4.678528711028312870e+01
-3.403547007435394178e+00
-6.488837289774541661e-01
-3.395617503568840956e+00
-3.565195841941104504e+00
-4.289060034860315618e+00
-3.820361700768223567e+00
-3.902747866176038194e+00
-1.344406695510989103e+01
-2.484971637651301357e+00
5.765209890471778564e-01
-5.123229551095841217e+00
2.458468370457690710e+01
-1.799437815423037268e-01
-4.976646911078355551e+00
2.211298145866055886e+00
-1.866039659293222641e+01
2.905942411850483964e+01
2.328016875076984249e+01
1.418322245506552726e+01
2.203417184056820943e+01
6.502861815947264290e+01
5.676160064252837856e+01
3.184312583509587569e+01
2.883985296279201638e+00
-8.264983497617693686e+00
-2.031183837307631634e+00
1.146328925086912642e+00
-1.698399180738159597e-01
-9.088608792049466700e+00
-2.169391738262240604e-02
-6.843364091701178986e-02
-9.153665476503279663e+00
-6.438210401204109701e-01
-2.787369050034687046e+00
-2.806709645680926624e+00
-4.567699389084581840e-01
-9.297442971986930260e+00
1.725988863393527950e+01
1.730124683361733418e+01
1.044448772719107055e+01
8.021031480988110474e+00
1.493545251955415587e+01
1.486022075429256084e+01
-1.375726042543453076e+01
1.018585615949047529e+01
-2.165952719211822597e+01
-2.170769616899503873e+01
-1.349552375623917477e+01
-1.075623489462551952e+01
-1.897408642505123311e+01
-1.888976406404325203e+01
1.522776424641919846e+01
-2.116259006966821676e+00
3.841978431162995731e-03
-9.845640508686963610e-01
-1.649140985875559018e+00
1.553421502195189596e+00
3.409408522617554116e+00
1.103063275433027401e+00
1.568244703185710076e+00
1.312817408125404872e-01
1.181507333769135082e+00
8.576845166612388383e+00
5.916540697876700783e+00
-8.745201097561369208e-01
8.021803085499691621e-02
-3.477191032534613147e+00
8.309962822230918533e+00
-8.307156399836122418e+00
-2.025819357476514426e+00
2.628474686749032507e+00
-6.054429602991180381e+00
-6.596168340455558221e-01
-1.243535232036429572e-01
5.488540774692862723e-02
-7.983058713757688052e-01
-5.731519217730198790e-01
-6.625398218638131054e-01
-7.500823462778022366e-01
-1.396432694914355510e+00
2.759044596869860300e+01
-8.000913259336785543e+00
-6.150280649786956655e-01
2.622342537786381556e+01
1.602996016822225422e-01
-4.201249449941374947e-01
-2.167368348754601826e+00
-4.839353595330073698e-01
-2.208158048251744957e-02
-2.529717606788097317e+00
-2.737946160720925448e+00
-1.022754147432832113e-02
-1.048964340387970484e+00
-2.157186668795850470e-01
-4.102782700965555418e-01
-1.031447383214376234e+00
-3.840450290830209923e+01
-2.412776492761120650e+01
2.146207735174929354e+01
-3.828059047086932054e+01
-4.272625485873155782e+01
1.385528001566259171e+01
-2.825817680169515000e+01
-4.280554677454449575e+01
-1.834576724169186690e+01
-1.650093272571355030e+01
-9.305785652567589494e+00
-1.837864496106744028e+01
-1.802743473972802235e+01
-7.264334928077314402e+00
-1.536880643311544681e+01
-1.802621666916656196e+01
3.325679739899148757e+01
3.376401322212685407e+00
9.507021027628004717e+00
3.999107379599691114e+01
-2.190873913274348883e+00
-1.745890249145611861e+00
-2.726048925704274151e+00
-7.005287027143576317e+00
1.757781161483476184e+00
-1.870410133188210366e+01
-6.316195608769730185e+00
-5.656876963383225210e+00
2.906475517879452752e+01
1.426611476091869946e-01
8.473554066393219841e+00
4.415156274815920057e+01
-4.762020374028157477e+00
-3.973173457486038895e+00
-3.527670759294446068e+00
-6.916956856298260625e+00
-1.750933327694967012e+00
-9.620956998349702305e-01
-5.968276033212935872e-01
-6.192826639154843882e+00
-3.764901147677314763e-01
-8.923326266890233560e-01
4.197635897825177098e-01
-7.977866120857548538e-01
-1.434292531936264492e+00
2.062932994113936491e+00
-1.939747439298979526e+00
9.965859899187362814e+00
-4.416300503110314191e-01
1.570999175814200344e+00
-5.680636240845480245e-01
-1.948648782008442826e+00
-2.712642463267000981e+00
-1.340021053104404114e+00
-1.230128956274469942e+00
-1.724628222263126842e+00
-5.278521284199191310e-01
-2.179164530222888363e+00
4.349968085586184419e-01
4.935331255309146070e-01
-2.868892592169736577e+00
-6.286589718164684384e-03
-1.898789047626023990e-02
-2.901925452905972591e+00
-1.290063533316175848e-01
-8.371967158589287417e-01
-8.326768393039746252e-01
-1.713198108650896556e-01
-1.709431750390758609e+01
-2.716416066356680759e+01
-2.710583197922811749e+01
1.196412081413586570e+01
1.798472708917909202e+01
-2.376622539975245019e+01
-2.386637139246230888e+01
-1.382336966958510516e+01
-9.577582487272628953e-01
-4.265791802135894262e-01
-4.323375757789720275e-01
-2.418909798488833029e+00
-3.323959787000621890e+00
-8.108619623555370914e-01
-7.949784668665940135e-01
-1.451615439494206683e+00
9.010000037151699726e-01
2.866998842529924207e+00
-7.986172954284759262e-01
1.443821521451377210e+00
-4.604144602603899905e+00
-7.652914932777345136e+00
-2.330770541015549480e+00
1.628555532427288677e+00
-6.453394631530616543e+00
1.368900198129219525e+01
5.525256434755336343e+00
-1.178519478438787971e+01
3.629176568003408931e+00
2.153752371303223168e+00
-7.051982228240927242e-01
2.137430720491440894e+00
2.278942919298122760e+00
5.071082276487635987e+00
-8.366986935886872701e+00
3.958016163445233992e+00
-2.788748226711347478e+00
1.722582276974942816e+00
6.830076082834017903e+00
-2.629314416337328097e+00
-1.984551008351073564e+00
3.288893588482835750e-01
4.590880425432976586e-01
-1.828154952649681642e+00
2.359482953013856577e+00
-7.711879545655325074e+00
-1.232701785223107915e+00
6.820109810098560210e+00
1.019336443023604932e+00
5.807464568633718960e-01
-1.663389995706218150e+00
2.449239895495781472e+00
1.011078713046349858e-01
2.268547411585652429e-01
-3.040068518990549640e-01
-1.264429372105094540e+00
-1.113808045975004865e-02
-1.573693927627077160e+00
-1.577805257964239871e+00
-3.896649640542830442e-03
-4.846856646505077193e-01
-1.197412038527097544e-01
-8.096148634872472882e-02
-4.885202938313579768e-01
7.595645877767228660e-01
-5.489655507521006284e-01
4.482195194983645825e-01
7.626386618839157139e-01
8.648815288157887249e-01
5.487877675582344406e-01
-3.638306069658575059e-01
8.630681697574257294e-01
-1.031580906897269045e+01
7.554585980315164484e+00
-6.062733991253768551e+00
-1.035804382364107745e+01
-1.175871343358110188e+01
-7.443790506431634313e+00
5.012318177157303545e+00
-1.173389106522352776e+01
1.525316284347461027e-01
2.959341889032804929e-01
-3.837658049420650253e-01
-1.594601084575668182e+00
-2.002832270215996857e+00
-1.402654035135529956e-02
-4.872982136073509760e-03
-2.004167211938521653e+00
-1.476451640106735963e-01
-6.109941304308692533e-01
-6.156296127914057115e-01
-1.010923083240781867e-01
2.452005044578016069e+01
-3.312805044487742379e+01
-3.326495381549541719e+01
-1.940523387234639685e+01
-2.388021960345657391e+01
-3.779472159286737565e+01
-3.771449700685040796e+01
1.628270329293860286e+01
-8.947113651591206418e-01
1.074589389477572654e+00
1.079517125583624670e+00
6.047315193533845390e-01
7.651640934055706778e-01
1.238584532695295559e+00
1.235786760621099267e+00
-5.994962477209498930e-01
-5.164685200918486298e-03
-1.183737335415144393e-01
1.881865028648423976e-01
7.863122701622110577e-01
6.972465270347442956e-03
9.366340689293525257e-01
9.480703608622440548e-01
2.518175617022672206e-03
3.019982660674088715e-01
8.222061304737496301e-02
5.267730839252003638e-02
3.048452481987825591e-01
4.877371521330080562e-01
-3.543019053841889310e-01
2.873669603685686802e-01
4.897199029531307812e-01
5.555922098322226832e-01
3.522207593319278685e-01
-2.349151616879484872e-01
5.544242679836346444e-01
-2.870505193639466546e-01
2.090786046960390332e-01
-1.689863604321432400e-01
-2.882201802809652991e-01
-3.270566830861346697e-01
-2.072411298872787189e-01
1.386575241259606628e-01
-3.263682072344646357e-01
-4.644909097512490148e-01
-1.928483778109875590e+00
2.091747667160722690e-01
3.676157481186109188e-01
-2.437985045951352348e+00
-5.852650971141820646e-03
-1.694376464011089142e-02
-2.440171832161901921e+00
-1.212620280140690732e-01
-7.440832562807494499e-01
-7.386751026248850049e-01
-1.752389002917303928e-01
3.721408596505359867e+01
5.889326108630514511e+01
5.876828059343755228e+01
-2.536115794385409572e+01
-3.819262715431937494e+01
5.162334730980668240e+01
5.183660061761739968e+01
3.024332667770270433e+01
6.737859543320002587e+00
1.066375651588915829e+01
1.064112188639578527e+01
-4.593886339374696703e+00
-6.917945810212620117e+00
9.347103226771627860e+00
9.385728630714215370e+00
5.475301231126121770e+00
-8.062908924712023267e-14
1.013281558221152734e-13
-2.032707854279219717e+01
8.223685830290602183e+00
-6.245282943835850809e+00
3.003672566176586400e+00
-6.914664963434729472e+00
2.065210232777874921e+01
1.255502722009029792e-01
-7.715819106860174692e+00
5.957439807161699186e+00
-4.220717140107211884e-01
-5.056120525251265008e+01
2.961685657783667125e+01
4.912062743816786536e+01
-3.513333002510827328e+02
9.024337035237039117e+01
-8.702666901863972626e+00
-7.812688946143047986e+00
5.550074233864607010e+01
4.210109160778651471e+02
-6.312426929624817262e+01
-6.035839204012188475e+01
-3.822521437699742286e+00
1.516100994355742929e-12
2.600040250665521974e-13
3.976840243851795353e+00
-8.128245471364297092e-01
-3.760513240997067075e-01
-1.539146223399238522e+01
-1.027070604097854778e+00
4.213416416568887968e+01
2.831093541789233014e-12
-2.654217973380424805e-12
6.896791070671572754e+01
5.430918822586587567e+02
-1.390826311197444625e+02
-7.274760128299320172e+01
-6.923541369822520437e+02
-3.029176491694225604e+01
5.862778880130541798e-02
-6.222424488710700530e+00
7.375602524777620239e+00
-1.033312078231844122e+00
5.144099060288822045e+01
-2.726086186499399133e+01
1.447391105561323066e+01
-8.650100755920185236e+01
3.148213031704088749e+01
-7.399822756067150564e+00
8.278768727019697238e+00
1.490568137946875815e+00
4.941258372299474644e+01
-1.356477407012125624e+01
1.273539511872249186e+01
-1.028741842612058122e+02
7.526410141599676061e-13
-3.433908103273660948e-12
-2.565152925695741359e+01
-2.110208334251896467e+00
2.855030826998664617e-01
-4.767510316293424588e-01
1.177484687381477713e+01
5.327597411547051820e+01
5.558209948652450660e-13
-4.270513903684557672e-12
1.053010339386306171e+01
1.244562970394662784e+02
-4.013419523949040979e+01
-2.661521695770675677e+01
-1.211350282065891122e+02
3.816793847061367728e+01
1.493848394051914830e-01
-9.854552453959346536e-01
-3.132916543085698891e+00
6.600682539543079486e+00
-1.120466233542260909e-01
1.039483663480794906e+00
-6.602808125483160318e+00
2.999735899471016154e+00
4.535930213988560666e+00
1.736462367156334272e-13
-3.816118499991544510e+00
5.691923618766090151e-13
-8.934537467495697882e+00
5.520928582975336285e-01
5.906849795395481273e+00
9.270862929462914792e+00
5.279773455466053173e-02
8.391336098671838828e-01
5.325907762594907169e+00
-2.108095936011729066e+00
-2.014636713503881182e+00
-1.230187120472210260e+01
-7.275703377090824375e+00
1.199963622245142680e+01
-1.660543825408390628e+00
1.520941062481311556e+00
1.686155814050054502e+01
7.586912302577473177e-01
3.110241631827280973e+00
-1.796739925373680435e+01
-3.916296639973626981e+01
-1.490358841672931423e+00
-9.190718372054648144e-01
-1.084916794028494635e+01
1.632462548409451708e+00
-3.228402179909498071e-01
1.588125131174519389e+01
3.470295117074739810e+00
-1.524758257116203053e+00
3.008320978464963935e-01
-6.169706954592892423e+00
-2.523904905059065840e+00
5.692054313433280166e-01
-1.839969116897565149e-01
3.061824074270892204e+00
-1.161510838540706025e+01
2.056693412960608036e+00
-1.974080586003707782e-01
1.557824393815794295e+01
3.656939663018317521e+00
-1.066625795047540626e+00
1.804010792692959941e-01
-7.775734516470376612e+00
-4.353861080500111669e+00
7.225618472668100534e-01
-7.785757123116490708e-02
2.419411303585198958e+00
2.365767093470227955e+00
-3.309320243014595153e-01
-8.658513573381095840e-01
1.582538022347408091e-01
1.218427675898882262e-01
-7.395487336248218746e-02
-6.012279711249711722e-01
-1.133984708025331627e-02
-5.554911576975579690e-01
-3.144049305875054601e-01
2.918507748111831113e+00
7.029138465080517761e-01
3.691313227332838842e+00
2.564388688459345866e-02
8.860764899296895772e-03
3.688335184118208598e+00
1.836011456914771189e-01
1.126111732666061016e+00
1.117909946411151934e+00
2.654906146181617022e-01
-1.042715519101589017e+01
-1.787209729830142280e+01
-1.779857106960706403e+01
1.316822069516699578e+01
8.744144780815362950e+00
-2.026201620814216042e+01
-2.030510718831817130e+01
-1.283055651801445585e+01
-1.760603878589375526e+01
-3.017657200352480373e+01
-3.005242600352192639e+01
2.223396850125929092e+01
1.476409608416900276e+01
-3.421186040302625031e+01
-3.428461795200387741e+01
-2.166408414015420547e+01
-6.158938951239136816e-01
-2.557215322149368308e+00
2.752336943128640967e-01
4.866266254535762115e-01
-3.231599648323901341e+00
-7.764270639249812138e-03
-2.246953844223803162e-02
-3.234170573619154165e+00
-1.608825979820978636e-01
-9.867109079239848590e-01
-9.795224476083495002e-01
-2.326581835348471572e-01
-2.242841327618636527e+01
-3.549423266801477439e+01
-3.541890798875900259e+01
1.528504741033873415e+01
2.301848812496292140e+01
-3.111271383039761673e+01
-3.124124023629460112e+01
-1.822718309017929172e+01
4.474349741942261205e-01
7.080973850895976307e-01
7.065946462725752886e-01
-3.049461743739655950e-01
-4.592312889144392618e-01
6.206851351859441479e-01
6.232492911974475414e-01
3.636188047821702352e-01
-2.282055681027801034e-13
-7.870733778283581375e-13
3.393434691460823390e-12
-3.791102316223111658e-13
-8.044452220599795922e-01
-3.939185371591038631e+01
-4.401550552415986139e+00
-1.263152655556453396e+01
9.690560108463585065e-01
1.412448048594420058e+01
1.440690212782344837e+01
1.467256253203895966e+00
2.100421577288804542e+01
-1.347423403343807280e+01
3.875445090089002775e+01
-4.548013942569589574e+00
6.356741691430557796e-14
-4.254752926491677854e-13
8.927852844514177557e-13
-1.141823256873863604e-13
-8.445898079661553481e-01
-1.069684238003732801e+01
-1.489422549120745387e+01
-1.563450824495868252e+00
5.167763844267536655e-01
3.797456463849798070e+00
6.182135814439942756e+00
2.931796142576368336e-01
7.407266020915765914e-01
1.540505906070702125e+01
-1.289350868319473209e+00
1.768778090089964117e-01
6.966496071431076143e-13
1.058006550034471056e-12
6.766913802945067857e+01
-3.032471180371916475e+01
1.066374168462052552e+01
-1.639678339230113124e+01
3.233781137884122359e+01
-7.335523477727056729e+01
1.044706931310504139e+01
1.834707817896443416e+01
2.867288864649747993e+01
4.171253372043402408e+00
1.159422292188313364e+01
4.332363861441955066e+01
9.479766819297962854e+01
-4.790838001334303264e+00
-1.709023002046230202e-12
5.376423131398808314e-12
7.246756606437322112e+00
-2.903988952172009874e+01
1.023215788778662372e+01
-1.412144089672550606e+01
5.511618288988646697e+01
7.903507632455179532e+01
3.974766701947313569e-13
1.112929627159094042e-12
1.203276863371533167e+01
-6.746286536508176823e+01
2.580001339483941791e+01
-1.633133772473178880e+01
4.705016486844645840e+01
2.679665732123991617e+01
-8.581521761566808981e-13
1.285411310005458086e-14
-1.870639156414468297e-13
1.508837320635443427e-13
-7.175440689778088910e+00
1.494069729019039672e+00
-1.220570958526011607e-01
-3.005357558835306619e+01
9.481493272604867073e+00
2.575417954553127942e+00
-6.371685546368627273e-01
3.234606575078094792e+00
2.838968773971685167e+01
-7.339186573195912722e+00
-9.686473670246313894e-01
4.375627692944544234e-01
3.074796881433944391e-13
4.872411225742098100e-14
3.116309693915551460e+00
1.204462609091734926e+01
-2.900450675024871749e+00
-1.299321538996407177e-01
-1.635260735602154725e+01
-5.048336055775999753e+00
5.566551949227081769e-13
1.927526442669944442e-13
8.623438230350400246e+00
1.315169701884821585e+01
-6.790098714799520430e+00
-5.613614658752069886e+00
2.326800937314813300e+00
9.078195751806005021e+00
1.106186635898536564e-12
9.918534369422771320e-13
2.437929005599663600e-13
-1.138248955919347197e-12
-1.333976657242886610e+01
8.775201382124405924e+00
-9.033928102940469884e+00
-6.213859281360314668e+01
2.664994190723940548e+01
4.939994337711272721e+00
-1.927213236282140807e+00
6.006408324083467143e+00
3.339088011049651072e+01
1.542055017010441231e+00
-8.608825274053776511e+00
2.285679367639819937e+00
-8.782305167280353299e-13
2.333325305335524601e-13
5.448526282797581999e+00
2.581092470864507771e+00
5.969544079305230122e-01
-1.270713168756317568e+00
-1.226347086918358187e+01
-3.067456133734946633e+00
-1.379378228040697666e-12
1.188290503368393216e-12
1.381505107321420844e+01
9.097989211972372914e+01
-3.782035357914542573e+01
-7.353087063820570313e-01
-3.380004470961268481e+01
1.320341909539279790e+01
6.296152578694220178e-13
-1.004221565403573818e-12
-2.135934262296801123e+01
-2.016781200245279848e+01
6.709742133577509371e+00
8.818008645897393194e+00
3.456825175014760987e+01
1.854204489102805198e+01
1.789144596987657987e-13
3.202496072485475853e+00
-2.457533354057324093e+00
-3.927198361638060131e+00
-3.441064062653800668e-13
4.729707514383160571e+01
-1.408706969638855711e+01
-6.231848692654281763e+01
3.683235336785214287e+01
6.600880619988122255e+00
6.279767109470025588e+00
4.266907445886521799e+01
-1.427396990685845957e+01
-2.170898953293217204e+01
-2.348675011013287772e+01
-2.003159898181730370e+01
4.001651492622743689e+01
1.800050463065696604e+01
2.275592490521526567e+00
9.897667004609644437e+01
-2.745851896491022970e+01
-2.280299508865859792e+01
-5.011396519403890437e+01
-5.732788871470287262e+01
6.784922119697632522e-14
1.758218735505643544e-12
3.205764862604081600e+01
2.553878319469430380e+01
-8.971839550495708693e+00
-2.445471027836751787e+01
3.081672826848410196e+01
1.783609391440802483e+01
-3.747589128698462791e-14
7.502718679057274462e-13
-3.318019178941764835e+01
3.882706405359255797e+01
-2.133055942343684208e+01
9.357731398255975108e+00
1.547162548380594593e+01
3.038490557107788703e+01
-1.400072014639842797e-12
8.079004050075948168e-14
-4.403304428722996100e+00
3.854969253712283717e+00
7.176224218019930934e-01
-3.654289453137598009e+00
-7.958766946732581005e+00
9.347183241386083807e+00
3.743825031117088647e-13
1.086790370319514292e-12
2.795364553017111575e+01
1.991683541132230317e+01
-1.315762041522716430e+01
-7.538234058341624966e+00
6.041531708147875435e+00
-1.438258452771911777e+01
-3.488624405131949435e-13
-3.844241433765733774e-14
4.630833403515659974e+00
-2.403370678098018409e+00
1.097544046620451796e+00
-1.741509152479453704e+00
7.446093830544092684e-02
-4.338375021896064609e+00
4.213826809515754601e-14
5.650782012290223918e-13
1.330548395264367123e+01
7.305998915282925665e+00
-6.035523752114784202e+00
-3.141656042658945491e+00
1.372787958339806202e+01
-8.527133445153328495e+00
-9.414806115572533027e-13
-2.848426222142584230e+00
9.868431704128760584e-01
2.062012173855999553e+00
2.932043199518888577e-13
-8.060705301881391449e+01
1.981996161694338099e+01
9.301623837652380189e+01
-7.133767228327114296e+00
-9.993116334520252053e+00
-5.632625316370662993e+00
3.427465449316547952e-01
-1.668404566395043975e+00
-3.377790896972816626e+01
-6.607655948583497718e+01
-1.244017405356929906e+01
-1.759512032559093193e-13
3.203078854166365929e-13
-1.299938573146401710e+00
2.740663151449946966e+01
-4.042923359005760275e+00
1.105391555059554554e+00
-3.581873429118157759e+01
1.388169356686375755e+00
4.028675479279882743e-13
1.113923018034822384e-14
-3.315185778674751838e+00
-8.578939320669119795e+00
1.263155772910210084e+00
1.170227442479367941e+00
1.211292480928884174e+01
4.092401528159875568e+00
-5.876920476608905303e-12
-4.284483459640331574e-14
4.725530582091400094e-13
-8.470059939119668030e-13
-1.902209021964230828e+01
-1.230619785306314107e+00
2.550186329873967139e+01
-2.488398433931794500e+02
5.755415366889697282e+01
3.800111925112252820e-01
9.684431598487706072e-01
3.766991358509275134e+00
3.453844406639405520e+02
-4.329489087301888617e+01
9.192406262716585896e-01
1.915618050105700121e+01
1.711952029100366556e-12
-2.813850941036830436e-13
-7.144550328145035323e+00
6.341706270056080896e+00
1.108893439068985159e-01
8.797313797317942718e-01
-5.686911822139276929e+00
9.073605069699482328e+00
6.999657410418474916e-12
1.292527547275782027e-13
-3.637792690527060557e+01
3.817008825719691458e+02
-8.660605137969812972e+01
-1.609869441901367937e+00
-5.445553856369336927e+02
6.243211360399052978e+01
-2.388535127063878486e-12
4.301036438939058876e-13
1.004259195687351045e-12
1.558163474262893907e-12
-1.457600142087288653e+01
-1.326328474765690490e+00
3.125557717745198261e+01
-1.000260306348554629e+01
3.613499736930439354e+01
-9.850707163206443795e+00
6.575012082820047565e-01
7.510701930313909425e-02
-5.739524833574309426e+00
-4.321094703907341739e+01
1.318768760175170973e+00
1.389878908294753224e+01
4.726282787231261949e-13
-4.277080913444609471e-13
4.950325282356470957e+00
-1.762059388965127482e+01
-3.653079880838173477e+00
5.178189865689680760e-01
3.510160214880486507e+01
-9.291811342592520617e+00
1.209610928868911195e-12
-6.501837767587025272e-13
-5.409468641890457974e+01
1.084312077813609143e+01
-4.973368987401612884e+01
1.532023459757735218e+01
-2.957325663337427191e+00
7.412065654253277103e+01
8.285049938194113395e+00
8.498366294564576595e-01
3.343754610244653036e-01
-1.555608367003183723e+00
-7.799656704421137343e-01
4.919677944046670914e-01
-7.278885705712287546e+00
-2.610976838154222879e+00
4.330956717162912639e+00
-1.079327003163831833e+01
-8.407356059705037410e+00
-1.434105127816315317e+01
2.738067076476675688e+00
1.131791116508392925e+00
-4.016715747959370475e+00
1.549570682333830263e+01
-6.925193196997609358e-14
-8.899616447906269018e-14
-1.794959064375128957e-13
-3.308507057404849676e-13
-7.365773971172568935e+00
2.031111417009178854e+00
1.388616673129384527e+00
-3.035431047844192154e+00
1.839238149181423865e-01
-8.584873425281051851e-02
-6.818439291295128046e-02
1.861255959896450429e+00
8.598335972230211510e+00
-2.681277802599452365e+00
-3.416205144870409161e+00
9.975150908835868080e+00
-6.096802082431593145e-14
3.076481842177163006e-13
-2.482622601345694027e-03
4.981149859674410818e-01
-2.991117327100946133e-01
5.144958167773241442e-01
-1.126398734260831036e+00
-1.082273271468010778e+00
1.972703322666555012e-13
2.539879516556285413e-13
1.005742294115506930e+01
5.656174447291514085e+00
-6.345090240105547563e-01
-3.280361815777042889e+00
-1.504202805643694418e+01
-1.203727042438904604e+01
1.417212861298436933e-14
2.458123458773247734e-14
-2.231576277916132948e-13
9.644755989611127793e-14
-4.925362581149843599e+00
7.853226252189776657e-01
1.450721863077323981e+00
-1.619277883607753665e+01
1.406998545555910418e+00
-3.360424487624336654e-01
-8.974574059264806003e-02
7.283257676862197050e-01
2.780529582683261935e+01
-1.786692203700826820e+00
-1.444630424341814878e+00
7.162342822336352555e+00
-6.557462856598523739e-14
2.286077085770715744e-13
-4.539529423381954309e+00
-6.895725008904496356e-02
7.318176857540137359e-02
3.187281179482610582e-01
-5.117019449451795099e-01
7.008758257652919710e+00
-8.202865955805677694e-14
-3.836814605467333174e-13
1.072568350725342157e+01
2.622334359708674612e+01
-2.251494941436936514e+00
-1.451147068370473692e+00
-4.453908280747225490e+01
-1.577184076867601448e+01
-1.644852728840212410e-12
1.649454294486490042e-13
-5.613802562324353040e+00
2.588396680611241152e+01
-9.090805330573596521e+00
-4.023793158753160348e+00
-3.986633526895155910e+01
4.620044812926849431e+00
-4.789526205027912660e-13
1.945894506343511675e-13
1.980723885295706754e+00
3.000059856306670714e+00
-1.985361472033413177e+00
3.457210640943886859e-01
-1.307697846310536427e+00
-7.538633678881850209e+00
2.608095290031684482e-13
-2.048536140616566602e-14
-2.808378123248131519e+00
-7.306680443068500175e+00
6.297313713588357231e-01
7.438538339382357867e-01
1.246306567216574024e+01
3.453086244824992601e+00
-9.809617908080681519e-14
-2.818293787937833361e-01
2.388668643961779428e-02
9.602240656753359138e-01
-3.057828950515812550e-13
1.550544046509676299e+01
-1.638204125775406972e+00
-2.722438587182146108e+01
8.964749331000787080e+00
-7.973803561229559911e-01
1.826577690861143632e-01
8.761227079474245283e-01
-8.097623389220666157e-01
1.147571649006656980e+00
-1.608646202441079254e+01
-3.157082129697368345e+00
4.985368505625184099e+01
2.901184009869082203e+01
-3.349523738534475115e+01
-1.341377686874343489e+01
-6.998245854211880612e+00
1.075474593758849018e+01
-7.889948507808902889e+01
1.942035395506549023e+01
3.950997402607797691e-13
-1.110475632970154277e-13
8.159211343216298928e+00
6.822901566647591842e+00
-5.874289520966424760e+00
-9.457807290311089687e+00
-1.251539082252796398e+01
-1.680481621701392569e+01
2.031984660410946484e-13
4.652051566166502548e-13
-1.183635233985172341e+01
-2.905838626054704932e+01
3.619985901595150324e+00
-4.609343175677558690e+00
4.426923167610545562e+01
1.641142909034707742e+01
-4.415278385887887511e-13
-5.656022032394754735e-14
-2.152226907807399406e-14
-3.661461112085582985e-14
7.848938028590439764e+00
-1.640938765372420782e+00
2.696917214475363700e+00
9.582950028724562586e+00
-2.379962481309476352e-01
3.594664607725094330e-01
-1.050856705151105713e-01
-9.340195808889293350e-01
-1.339268279500047321e+01
-3.940007462403994243e+00
2.819765909357624167e+00
-9.012431053830953331e+00
1.084085381070766978e-13
-2.138918180233889752e-15
2.133334899219366587e+00
-2.257844372016081902e+00
-1.148388774909026161e-01
-4.354419452258582734e-01
2.930455937564747870e+00
-3.531741711460909983e+00
5.381340795307446619e-13
1.968717933229366297e-13
-1.323051825150074734e+01
-1.597397995258805103e+01
4.302480660811501267e-01
1.586998706438964346e+00
2.205833057198193714e+01
1.521417257515420296e+01
-8.288940534692432254e-16
2.917622351683666143e-13
2.443567577118739402e-13
1.257838147453910370e-12
1.569143267186399626e+01
-4.697720663627008797e+00
-7.572965997222287360e-01
3.015352164085723174e+01
1.723145632843521291e+00
7.739654556735905411e-01
1.415825215732209597e-01
-3.296959208917559003e+00
-4.244214846648388573e+01
1.676750126114253892e+00
6.287809703887957014e+00
-9.267554912259887701e+00
-3.701006502047078447e-13
-5.651743579341751635e-13
3.588901503051070030e+00
-1.135014392120581661e+01
3.725144273715493837e-01
-2.618305009839832831e+00
1.501951209929097786e+01
-4.325320619313562709e+00
5.896307126903982464e-13
-1.251895340424453113e-12
-2.582220619445852350e+01
-4.292287483900621936e+01
-4.438628422019412767e+00
5.442871498772957395e+00
6.052370130280355909e+01
1.494853977125761624e+01
-7.489226826443566456e-13
-5.593486415777049246e-13
-4.482422570397076811e+00
-2.980268835447418052e+00
-7.781584845955472618e-01
8.562790321661609694e-01
1.503032184761915602e+01
4.708970409796570777e+00
2.129242550235736761e-13
-7.236232700483253844e+00
1.267518290486202848e-01
1.208034315312509932e+01
1.239297706515090049e-12
7.910762223646048419e+00
1.010272482911154235e+00
-3.047403605975112129e+01
1.581099131429286153e+01
4.715805073684518622e-01
-2.713346955468228794e-01
1.952017712470689403e+01
-3.476653746681531931e+00
-6.687788027966390381e+00
-2.743684547240921034e+01
-3.257747238290028235e+01
7.000513525743399157e+01
1.521087415872822035e+01
-3.259614147285206265e+00
1.641771083817124577e+01
9.697282577073941923e+00
-8.499603696683836418e+00
-1.176132917450859168e+02
-2.754951126714118104e+01
-1.316725284803311524e+00
-4.514183170493895113e-13
-3.574529508621930773e+01
-1.970985652686451377e-12
-2.621389562076348323e+00
-1.095620140004936937e-13
-4.463241239041901309e+01
5.553669131728009830e-13
2.201430747155407097e+00
-7.580688969146086069e-14
1.281350003679519389e+01
-5.563150779904892268e-13
4.566092271781901246e+00
-1.360694117378776491e-01
3.447158032462598436e-14
1.507735103259258215e-12
1.066234037303469151e+01
2.353257891421537575e-14
-2.392400159661296399e+01
-2.271272257227926771e-12
4.139863295364638134e+02
3.155115531790472616e+01
6.167525189424812655e-13
7.942783226957613849e-12
-1.203467254767918604e+01
-2.672996217149845821e-12
-6.334889605359196594e+02
-8.829374191905183839e-12
-2.316375523805672643e+01
8.713111045698491708e-01
-1.164928545961661372e-12
-2.642624378640438035e-13
1.009656688149289439e+00
8.141401237958162469e-13
2.837297126001097070e+01
3.547026950321480826e-14
1.269304551028647587e+01
2.368959723313053800e+01
-1.686452434206945051e-12
4.429846291220229486e-12
2.787227218231041803e+01
-1.958734625090961109e-12
-7.638636622582379410e+00
-1.849885343136380463e-12
1.108798404930253234e+01
-2.036148196755162232e+00
-2.117670998870587695e+01
-1.103283191760098987e+02
5.405977387853326377e+01
-4.703241194731386088e+01
1.729785522699327416e+01
8.472035085072759486e+00
-3.215997492688463799e-01
7.989190949897457372e+00
1.325930447814531288e+00
-1.784498283062622814e+00
-2.826114243296778739e+01
-1.317659858105800375e+01
1.630369464445966798e+01
1.552690490103055687e+01
6.299472418435657417e+00
4.708994053523414713e+00
8.594447441147536892e-01
-5.854991624215176493e+00
-9.504606363314955786e+00
2.607147980077174765e+01
-3.957104984884872945e+00
-3.008072112561525557e+01
-1.448429202618705247e+01
-7.433652924448023391e+00
-4.064498982821074691e+00
-3.377468629079520390e+00
-7.645301615703711917e+00
-1.063812706633908034e+00
-2.664002869542330121e+00
-8.865081354291929117e+00
2.110841107465393218e+00
1.348696926333689872e+00
5.633566204731040861e-01
-4.935513074658335775e+00
4.540508844780730691e+00
6.868450590176419901e+00
1.943813820252842550e+00
1.102975217010439835e+01
2.713859162466285557e+00
1.428905377222876361e+00
4.937020741892161196e-02
1.331314328956453963e+00
-4.517585942376295405e-01
-3.314325646759685995e-01
-2.238076721135630276e+00
1.404552641783068379e-01
2.057805623704506459e+01
3.837552757641553569e+00
1.275697309108160660e+01
1.483090236881047908e+01
-3.077672827865236993e+00
8.227409499563417938e+00
-4.434276292987298973e+00
-1.842871065368690608e+01
-3.620984748412749354e+01
-6.350036636652941269e+00
-9.156797782618255610e+00
-1.868429665959423147e+01
-2.130145948887016871e+01
8.965676867770861591e+00
6.247761379261961956e+00
-9.933550733742968930e+00
1.171114762479665750e+01
2.454679697235749636e+00
1.423040755422246284e-01
-8.756958152698453901e+00
2.423380028982136025e+01
1.585479611537542333e+01
-1.453917050778345832e+01
3.424714485510077111e+01
5.467487199417228716e+00
-1.080601645224102514e+00
-7.850736584288744435e-01
-2.712260502863321321e+00
1.232492378822937162e+00
-1.667270954162471397e-01
1.729059180719777045e+00
1.791995168417345630e+00
5.123650230376752290e+01
3.241642680470111770e+01
3.627868183715487049e+01
1.741181597299459938e+01
-1.854955232191160164e+01
1.439072364822886918e+01
-4.114947882383101074e+01
-5.817543418416500600e+01
-5.385461342164199773e-13
-4.533664689122945598e-13
-5.654489717611583366e+00
2.776210933006566961e+00
-1.463623979370857198e-01
5.022935831435264564e-01
-4.728309162544316102e+00
8.151012705350488829e+00
-1.628475625341558993e-12
-3.709118465095293382e-13
-3.594489989605580149e+01
1.806968730969145653e+01
-2.627162697830725868e+00
8.926540799848956098e+00
-4.081895566156632782e+01
4.171326683905195409e+01
-1.191386860341057583e-13
2.191322125597226635e-13
-3.092154611086518567e+00
-5.426035183295788711e-01
1.087719434697045767e-01
1.019631298416212584e+00
1.991347195252608088e-02
2.261198471329789239e+00
4.809545470197426575e-13
9.478117198612601630e-13
-1.080912771227911939e+01
-8.334776576870829956e+00
1.286735709932269156e+00
6.147111658736364781e+00
1.049981214581221778e+01
1.044655356217636033e+01
-6.730567791655933922e-12
-3.174556395006002264e-13
-2.890718460544798063e+01
4.597669086058591148e+01
-1.093056380644763159e+01
-1.379217230477288680e+01
-7.147107402999679948e+01
4.473125912909758739e+01
-1.646953861632763301e-12
-1.059090674600003541e-13
1.106503188801629811e+01
1.026911958666893199e+01
-4.238860465367927155e+00
-2.837633237186321100e+00
-1.138376875214417439e+01
-1.782701656847163463e+01
-2.733374928780645252e-01
3.091146092885010077e+00
8.734391166386691552e+00
3.195438280579168122e+01
-3.206210086653042080e+00
-2.116807262272621504e+00
-4.329296484288919800e+01
-3.190923498638129274e+01
-9.418180384079884959e+01
-6.533798207427844318e+01
1.510112871242155741e+01
-5.074169443440483462e+01
-9.428897189603416429e-13
-4.186875618790757046e-13
-8.157709217222150144e+00
-1.437220142844012827e+01
3.345897683123366971e-13
2.262478081757162156e-13
2.949449378379179088e+00
3.478234756218093793e+01
6.392613135890170975e-13
-6.101503666448892487e-13
-1.382480771021035970e+01
-9.951333640462157853e-13
1.903806098201357599e+01
2.010185498686831718e+00
-3.746210133935124809e+00
1.761512066245610342e+01
3.618278149233540297e+00
-1.125972196368669076e+00
-3.149271569866958487e+01
-2.470296582756764892e+01
1.169456192819835394e+01
4.810908227947301441e-01
1.582573130060501043e+00
7.286427201045862390e+00
4.540383594987853044e+00
-1.936429437335735582e+00
-1.921472439928604103e+01
-1.033892501815962639e+01
-1.121397677687001249e+01
9.370344563676404448e+00
1.995169290942192575e+01
3.552942409949660263e+00
1.181876686820424638e+01
2.094471621489572044e+01
-1.491767929043163798e+00
-3.577699452409864200e+00
-3.334893898319769789e+01
-2.903419079622355881e+01
2.772592898818787788e+01
-1.361935137192621958e+01
1.022030414453969449e+01
5.433790477207505631e+01
6.429014630147964482e+00
-8.856562150287329516e+00
-4.749763673214671655e+01
-7.718683979499094505e+01
-2.086247821003342828e+00
2.418134770736493966e+00
6.366097868832002682e+00
5.869245154489122029e+01
-1.774491977776701424e+00
-1.834383376669265431e+00
-1.813417266606467404e+00
-1.807173158175855932e+01
-7.228167432650296931e+00
-2.877263485520772379e-01
4.513527929090708213e+00
2.038991411198733950e+00
-8.002195641302790596e-01
-1.624110749209831539e+01
1.342436292950904075e+01
1.627637545309260148e+01
-9.563058133055328369e+01
-6.396258957642444010e+00
-5.760026797654815027e+02
-3.195359741119854391e+01
2.884054883035195860e-01
1.166813492129846530e+01
1.434901783086871774e+02
9.055255719648461081e+02
-1.094708936308341096e+00
2.365955596986595022e-01
4.414372600956929205e+01
2.417393907347141213e-01
-8.140229907207303661e-01
-8.284443155720109253e-01
3.985313252096291059e+00
-6.028179140724159168e+01
-5.949574907803460633e+01
-4.374504876729105041e-01
1.581223511239873325e+01
-2.256567423978951936e+01
6.809608768910827337e+00
-5.710103893798946473e+01
8.106164834583616141e+01
-1.134265626762998558e+01
1.384953309406735444e+00
3.050053618716569992e-01
-2.402369673037797193e-01
-2.220559838103114636e+00
-1.401452751124903529e+01
2.784709166809704151e+00
1.471458824425638579e+00
1.242297507455250560e+01
9.199797548729091723e-01
9.158879512782238663e+00
-4.173493961559137944e+01
5.957495688003209011e+01
4.673513947102807542e+00
4.501015993437486706e+00
3.559175354854885676e+00
1.704977781895087574e+01
3.572188147526710877e-01
-8.593519571409864000e+00
-9.573299150343435926e+00
-4.723103120584051595e+01
3.061635508679833251e+00
5.565894687119739004e+00
-5.241856783902795769e+01
-3.868361101955797920e+01
