8.977948676385965143e+01
2.452221722650773188e+02
3.381660657052605601e-02
6.757073439800899450e+01
8.278923067216729237e+01
7.118298051229652401e+01
2.332447023814361557e+02
6.204068543426937765e+01
5.177992999313089939e+01
5.296441451558623115e+00
5.644530683402307147e+01
-1.127932851325454955e+01
9.708541571414022542e+01
1.688875970523453418e+01
5.130241467686947487e+01
-1.624424115727950024e+01
1.184625743797070214e+02
1.654245282431880426e+01
1.691110197879852617e+00
3.513250876641708764e+00
2.232403098746607029e+01
2.304450628991170191e+01
-4.036756509223607026e+01
-5.031067614306823543e+01
8.777524396862251166e+00
-6.239168540406132557e-01
6.880754519524006074e-01
3.359121470719537594e+00
-4.126558000591963093e+00
-7.517752793521343513e+00
-1.131148784556415343e+01
-9.723009624372222603e+00
-1.180191488267260524e+01
-3.727573552328749429e+00
-6.612833769408502649e-01
-5.773800258829038246e-01
4.210412539015240263e-02
-8.534667107430408128e-01
4.595585060671183442e+00
3.333234846034272447e+00
-1.062790904898159638e+01
2.121174600027465051e-01
-2.027743898039805259e+01
-3.543436431544093779e+01
-7.701385100979754839e+01
-6.893475919073422631e+01
-2.919814416046655836e+01
-1.774243805163969512e+01
1.618500560150595291e+01
1.635073419018371110e+00
2.153870958811856084e+01
1.742349880976604126e+01
-2.175322488609501281e+00
2.498431157035900352e+00
3.207576723678233765e+00
4.484651142013050595e+00
7.520405127637049825e-01
1.867867126772478903e+00
-1.373541280613689519e+00
-2.489368392717872247e+00
1.094104997537175411e-01
7.622540973735128844e+00
-2.906277829428435311e+01
-3.787997484973997331e+01
-1.554466320615108543e+02
-1.388450255728120624e+02
-6.511869154234498858e+00
-9.947944218990469878e+00
5.025190958438420807e+01
-6.854813758996230355e+00
8.703374248581972950e+00
8.657028099166870660e+00
-3.864521836976271274e+00
1.263203847599897678e+01
9.140634841464132521e+00
8.981119826118632687e+00
-1.047181806901945400e+01
-1.534542177755954029e+01
2.821335612173314189e+01
1.589442826242242646e+01
-8.129284066149468302e+00
-4.407125365072059964e+01
-6.585687642087095783e-02
1.408368981592008495e+01
-1.790177293281115567e+01
1.944468016313949121e+01
-2.064793795526339792e+01
-7.700873858510865588e+00
1.353513199900315733e+01
-1.870105166846424254e+02
1.015852033606116223e+01
4.630418549064680889e+01
-1.794096692436184810e+02
-2.882780064572501022e+00
-1.907248039424919828e+00
5.993254247347769237e+00
3.495374586077715673e+00
6.374481779761538569e-02
8.785316988805021987e-01
2.749581848525115113e+00
2.594457114645753459e-01
2.903742542740166410e-01
4.164614404660787805e+00
9.773020526269199593e+00
1.072420610532740293e+00
9.625203771317112356e-01
-5.368936969762064804e-01
-3.911862116971181802e+00
-4.544862090078333194e-02
9.900422214974615720e-01
1.876014893838993336e+00
-2.993342395070558437e-01
6.040694757931637238e-01
8.730566771310003249e-01
-8.379234266346256010e-01
4.309918120981135026e+00
1.182616020963438652e+00
-5.808052120464964052e-02
4.521313519411349624e+00
-1.132601694158123173e+00
-7.808218347932595338e-02
1.133676816297320755e+00
-5.126391791308888557e+00
-3.731514456326182394e+00
1.027170408977807536e+00
3.092123539548096711e-01
-1.056843838025892168e+01
-3.973011880903989379e+00
2.635525264804723933e-01
4.965465078115937558e+01
8.643225903480160344e-02
-1.246167579044847784e+01
4.229195325098079650e+01
1.403226825364043506e+01
7.982677579921266364e+00
7.994018155721799523e+00
8.305243180666792568e+00
-2.384512069015988445e+00
-3.153188243961615900e+00
-2.182140794150966734e+00
6.627596842677771605e+00
-1.833642667033122677e+02
-6.187825679447634997e+01
-1.923406581624247380e+01
-1.839295546285172733e+01
1.209405135585997115e+01
-1.191500152665962275e+01
-5.339847427322725792e+01
-1.702894065766388110e+02
6.536757172526471926e+00
2.422806484117446146e+00
-2.060336386623123239e+00
-2.393988461429159997e+00
-3.304619205554438999e+00
-2.598569951558120650e-01
2.075661275913171178e+00
6.089992297354549500e+00
2.637856624327230559e+00
-7.481534692562505917e+00
-2.323000405637763777e+00
6.382061722852173657e-01
-7.503455934880696176e+00
-8.077711038629526996e+00
-1.087261892223263304e+00
-1.065992693391563328e+01
1.354382504111262042e+00
3.094742465437978041e+00
3.045835792585601887e+00
-9.064037405295123639e-02
4.310323724685206415e+00
1.660018785906579097e+01
1.578595768866633975e+01
5.213446556986935931e+00
-6.180769373034100234e+00
-4.446164839442828254e-01
1.626534752134234552e+01
2.071914355845148847e+01
-4.619241784070167167e-01
2.383056138737686680e-01
-4.467920086743655261e+00
-1.483241609696444696e+00
4.497567755646703525e+00
1.526692639295962728e+01
2.103072615768225972e+01
5.319686279668722761e+00
-1.160838007098348612e+01
1.527243878366372876e+01
1.029655655488039123e+01
-2.474947141289998598e+01
1.231847189554341071e+01
-1.272621280884682848e+00
-1.853324892609980123e+00
1.182026735180414256e+01
1.189291680710037724e+01
-2.540971110809011613e+00
-1.985599742365513398e+00
3.521238708287407260e+00
1.345367188196218855e+01
2.703287462795436014e+01
7.045827708930197275e+01
-4.087883987479768848e+02
-3.397316315830417466e+02
7.345550459876807281e+01
2.722196830029191617e+01
4.515695781168471967e+01
8.571656200516393653e+00
6.941844069216029922e+00
-9.416268459226291299e+00
9.956704068822130438e+00
-8.176139864588003459e-01
-1.746251211445209606e+01
8.170318112253132981e+00
7.608521930922156784e+00
-3.637116297389858488e+01
3.845107058850506832e+01
1.867496860818763693e+01
-6.379585315390575317e+01
-3.874765254489334065e-01
8.346273265555923615e+01
7.754710271681939560e+01
-1.445244654675951423e+01
-1.955469322069427562e+01
1.689867944664119648e+02
1.667655342037745072e+02
-5.850436333500579877e+01
-2.383434046962914721e+00
-1.257489541593481919e+00
-8.746979344802015888e+00
-8.855313278196211613e+00
-4.816732684821983801e-01
4.100064625818856112e-01
-2.052077966631602912e+00
2.155715491873566592e-01
-7.680090277881593819e-01
3.110094809808322758e+00
5.191876346496143491e+00
-1.359116512661591836e+00
3.439022896114308026e+01
1.505506457883805660e-01
1.423290108125713438e+00
2.792280947650642631e+01
5.693627449044596389e+00
-1.174354259773038756e+00
8.658968301198906037e-01
1.567949553159325937e+01
2.721955413380183586e+01
1.294194726360059633e+01
1.241871808270966682e+01
1.539007350611388958e+01
1.014902158428382606e+01
-7.934303981721495980e+00
-1.433836297010723726e+01
2.707409029293667757e+01
1.515690447677738462e+01
1.689602371671170644e+01
-1.231699346861783395e+00
2.700090162838750363e+00
2.502484830320100606e+00
1.266085652951131557e+01
4.051142440946960299e+00
-9.433055065734941014e-03
6.034368939588186720e+01
5.355385768436660499e+01
5.041293856478394275e+01
8.108776697422935342e+01
3.249732835667093696e+02
1.767592155770669038e+01
6.009245109158778320e+01
3.458115608840123514e+02
9.228028688158105286e-01
-3.487255866609663801e+00
-5.528261119871403784e-01
-2.698829523478346371e+00
1.317051759620142661e+02
-1.398051939628435747e+01
-3.780846732962531043e+00
1.564728813048339191e+02
-7.223194267902496968e+00
8.340271300690574874e-01
1.661944970589553483e+00
-4.333285310689384495e+00
-1.916273797888893515e+00
-3.936799148283192662e-01
5.648365693558753398e-01
-2.050298083502984259e+00
-5.527418896038199136e+01
4.085895124051753258e-01
-8.373582145213122052e-01
-7.104301367687865820e+01
4.710632904710149838e+00
-4.095559169381969511e+00
-6.656990397786236358e+00
1.928219671480273956e+00
-1.511939011333986116e+01
-2.508195696021502386e+00
-6.546570431616198782e+00
-3.412133288808837506e+01
-4.010093402181985844e+00
-4.185224434248286940e+00
-1.580587704212540068e+01
-9.064218522332479822e+00
-7.886350454794569531e-01
-2.553492969194848250e+00
8.133841334598970185e-01
-9.064198098339701914e+00
-1.546702669315974177e+01
5.404798253450737278e+00
5.616398962397360251e+00
-1.395014530332037950e+01
-1.373469330309409919e+01
1.315214612154753304e+01
9.695980498461651109e+00
-2.042392750058840178e+01
-5.062055953073844039e-01
-3.256062349743259698e+00
-1.322674884984686106e+00
-9.046133274360609988e+00
5.965235996387621071e+02
1.677602657469638530e+02
1.913986286593756745e+02
-3.042102810804275848e+01
5.914107628312558518e+01
2.485272041643916623e+02
2.190309311344070125e+02
7.097247789736244385e+02
4.442545684312162280e+02
1.874826241932134252e+01
1.915812277875856395e+01
-5.205770413048495016e+01
6.604467195508854971e+00
1.348360195684374752e+01
9.768070447050297034e+00
5.106180955717055099e+02
-5.849173341623646216e+00
6.235647154719646146e+00
8.311934558304463039e+00
-3.107987530209658456e+00
3.719992800890911866e+01
-6.466005472053768699e+01
-3.962492190577830797e+01
2.574569866014818231e+01
-4.021744172758106473e+00
1.625400088018854206e+01
1.122501064774176882e+01
-2.892940280594617164e+00
1.495918226679061824e+01
-1.256476758590167861e+02
-9.499512654284326629e+01
8.821155593325011424e+00
-9.705541017216191335e+00
-5.809807941576240253e+00
-3.672641691570635913e+00
-8.939306748990343721e+00
9.163321233192708304e-01
1.928052818713779093e+00
2.740410167623063414e-02
2.157323395244481024e+00
1.133562859440418435e+01
-6.580471549552095212e+01
-4.529762176933311935e+01
1.237793676553467037e+01
-1.407219547314984993e+02
1.355174848412320188e+01
-1.315233805728473371e+00
-1.650877978800112942e+02
8.848282395329260197e+00
-2.057095375936987824e-01
5.359734857026053623e-02
1.704603748409162733e+01
9.871051847608015573e-01
2.258060296344054585e+00
1.866473742980485850e+00
9.751653792768173901e+00
-1.823229078903767970e+02
-1.467995545467799445e+02
-1.464470617536475459e+02
3.552834670387259752e+00
-3.615013475926313902e+01
-1.905076341440785654e+02
-1.908305645753738702e+02
-2.193468699799615536e+02
3.855057708284162032e+01
-5.720724818590787208e+01
-5.709674556123482603e+01
-1.442591135033092264e+01
-1.262043947688789380e+01
-7.396718830594321048e+01
-7.410584398689613295e+01
4.097113858985719759e+01
-2.252641994169932005e+01
8.346151853490495487e-01
7.247315891733667748e+00
-2.492872836982942530e+01
-2.685775131506859736e+01
6.712545503080910692e+00
-2.154402950024387753e+00
-3.137543720303659711e+01
-1.502161280033683113e+02
-2.036524076043097509e+01
-3.532425857704357952e+01
-1.556052307638632044e+02
-1.603491827186438101e+01
-1.200880166843717767e+01
-4.793402964861582127e+00
-1.149546744359992090e+01
1.636457854096231586e+02
-7.609810450015959304e+01
-5.995512119058119538e+01
1.995362794094236847e+02
-1.436188739366449418e+01
-1.556747474636052608e+01
-2.081430836257322881e+01
-3.955098684185366409e+01
4.192241706973934612e+01
-1.628134217044215859e+01
-2.302077756687278409e+01
6.518842309114943134e+01
8.587894063911117826e+01
-9.582283988695524002e+00
-1.793338568598827010e+01
1.195955476536298789e+02
-2.343064541028311076e+00
-1.033005733714209562e+01
2.107132645705555252e+00
1.947370408145791432e+00
-9.929675437519431114e+01
-1.730867330513989799e+01
-1.164638644370839238e+01
-8.871219665910196284e+01
1.001400168039389449e+01
-8.376391685261763698e+00
-4.269239621160815901e+00
2.583228233257345963e+01
1.964463891374037763e+00
2.857016704356193770e+01
2.445323705620619137e+01
-1.105709096865635566e+00
-1.969414942760777318e-02
-3.141917998222228281e+00
-2.588816069543771636e+00
7.559165516832945519e-02
-1.472456952118028184e+00
-1.196121422580406435e+00
-8.641152261990195371e-02
-1.651264685881200789e+00
1.994251657737681782e+01
3.886915463626942735e+00
1.298515082693168665e+01
1.997747809969279231e+01
1.535551114370326786e+01
1.048760819272644085e+01
8.672082698186082128e-01
1.532147347614820987e+01
-3.811455334417550489e+01
-7.482495149251286115e+00
-2.541566734468644384e+01
-3.818102604747446804e+01
-2.931682556542336826e+01
-2.049482153109018867e+01
-1.619984711827272772e+00
-2.925156404288627598e+01
-9.262197273086837157e+00
-2.632505091435336286e+00
-1.129140364957315242e-02
-9.765791950859592063e+00
-9.766623089455725548e+00
3.199350492514503763e+00
6.371333109801252670e-01
-9.789454396893136234e+00
1.768591946216548694e+00
7.213921102149494224e-01
9.218362582886638901e-01
1.848961227314648070e+00
-5.607721235139565330e+00
3.570665513196528362e+00
1.036309410013433352e+00
-5.967408342405039257e+00
1.095756442498772110e+01
-2.763716787583428758e+00
-3.124541876942306562e+00
1.235726533694427687e+01
-5.103988106598919927e+01
6.518396844954552627e-01
1.424809574126149769e+01
-5.249544429944172919e+01
-1.962010550425209132e+01
4.294461706162666204e+00
7.033671972515052051e-01
-1.855449835370674094e+01
1.387375317289005139e+01
5.293444783321978736e-02
-2.805441172001165384e+00
1.274011103323965344e+01
3.618894533848613548e+01
-9.199145547333357209e-01
-1.343335738953188141e+01
3.936530927316874084e+01
8.006497043177728301e+01
4.529736630038767586e+00
-9.201369725485449180e+00
7.900326065021046418e+01
2.749861206118986878e+00
1.688609756288296904e+00
9.506930467026569742e-01
-2.325716597957771248e-01
-5.925508985381803262e-01
6.294954129953639343e-01
-7.261823509829008927e+00
-8.999327339943878457e+00
-6.197891282286996706e+00
-2.430712627536398607e+00
-9.155058680599699183e-01
-1.018477343163884941e+00
6.185060842796975544e-01
-6.199856230414416691e-01
3.356539394191229708e-01
6.540591230598634676e-01
1.294861853215642178e+00
1.452600153557886742e+00
6.977227360583537763e-01
-3.089692205560385929e+00
2.868746425836589538e+02
2.044204859538214691e+01
-1.479989871833756521e+00
2.530852305401151625e+02
4.081708957616220346e+01
8.816188653292906352e+00
4.299876126306471313e+00
3.018158177845188916e+01
1.013195937483468079e+01
-2.270529732881275464e+00
-1.182197849997908223e+00
7.000274182639777187e+00
1.887055165595403494e+01
-2.872219975615858623e+00
-1.870900545150446515e-01
1.860820691132309790e+01
4.011577261445743225e+00
6.182442313818587998e+00
5.886698232254873098e+00
1.308842970126504746e+01
1.122359770543645829e-01
2.621085414130854385e+00
4.232466813254623372e-02
7.500923630837261769e+00
-4.371784480965400235e+02
5.147071284467261165e+01
3.910626259554385697e+00
-4.901146118555225257e+02
-1.199977785123191012e+02
1.509422731369410542e+01
-4.829757131907151391e-01
-1.414731312565495216e+02
-5.176991964235287469e+02
4.971463886260888643e+01
-1.258992833341029538e+01
-5.683914550258178906e+02
2.904467123415162177e+01
-4.080747767242974611e+00
-3.094509245974642053e-01
2.755039334291624797e+01
-1.265859184239100586e+02
9.918658175636437591e+00
-9.055704823971535422e-01
-1.602968207309645834e+02
-1.664791894644258363e+00
-3.842800617510572003e+00
-5.863872541922309445e+00
-1.416194097903101046e+01
-1.509289417125886101e-01
-2.484590200249063852e+00
6.511582785392847628e-01
-8.848651659779307010e+00
8.446311560444628697e+01
-1.218379462059234974e+01
-1.294967868558861257e+00
9.119226996735068269e+01
-2.407017636717890952e+01
6.058954435416652018e+00
1.960455653770112550e+00
-2.743437933536241502e+01
-7.477761320512661314e+01
1.212962147542352653e+01
3.233199161697880575e-01
-8.461279966408059749e+01
-2.347382733661522725e+00
-8.391636398994828383e-02
9.913664965551963887e-03
-1.005771246659820317e+00
2.831601314648563017e-01
5.911455758441458430e-01
3.916271747171268247e-01
-1.100814981572611595e+00
5.018295735756337450e+01
-1.871477680053682136e+01
-1.865729454438248780e+01
-1.229601825502851753e+01
-1.256352385038368658e+00
-1.846950070348173867e+01
-1.852760412632403231e+01
5.869439123801770819e+01
-1.299799959346815683e+02
-1.451539016175164143e+01
-1.440358502734831703e+01
9.556077226799752466e+00
-4.808013023140496500e+00
-1.173451693332040158e+01
-1.175935956044682307e+01
-1.469964839654655862e+02
1.268215009956821149e+01
2.663119436942033236e+00
3.032154930135912085e+00
3.182939293788722868e+00
-1.662713252487024107e+01
-6.880031006756144762e+00
-6.390538743259818411e+00
-1.741957995063881270e+01
-1.634567283945598604e+01
-2.141090016601688362e+01
3.333197725031066927e+00
5.671424181803300657e-01
5.421003533974543842e+01
4.418971301659474271e+00
-4.323476810723320685e-01
3.984872172247409594e+01
3.679802613224835817e+00
-2.515172140824913694e+00
-4.415661729184263251e+00
-3.380678211391090482e+00
5.166275661254018559e+01
-6.800565140171154432e+00
-9.541875779752465592e-01
5.037479111207287019e+01
-3.948080357081645531e+01
1.995230801384747821e+01
1.157369336640844004e+01
-6.715641530593781283e+01
2.742919462807392073e+00
2.230661340657239311e+00
-1.539606873648083907e+00
-2.958906409392035197e+00
-1.219027328465808468e-01
4.946096226572276877e-01
1.572055127981368539e-01
-4.445533505671912106e-02
-2.565438781432129289e+01
8.943735722612775163e+00
3.856337213015925691e+00
-2.700549336302636760e+01
-2.288994193354634632e+01
1.549207395643093754e+01
6.507796339766474425e+00
-2.997679803963187339e+01
2.761802626822817075e+01
6.837606236836238915e-01
3.271286063527857113e+00
3.461433185069586216e+01
1.799489870381773358e+02
-9.708754734644852391e+00
7.843403279847612986e+00
1.907094788729552022e+02
3.447700032031739692e+00
1.221205135967357913e+00
8.455340117722879301e-01
3.079010924846607988e+00
4.888714261316413712e+01
-8.720836355936500084e+00
-1.201652522235183085e+01
3.788207258763830509e+01
1.254183691360987041e+01
1.161321483057152726e+01
-1.370132959180403676e+00
2.126211135998323787e+00
9.430323813241445308e+00
2.388511808219492494e+00
-7.772936183077139294e-01
6.816948612710874045e+00
-1.506656540994372628e+00
-1.803233082407525167e-01
-8.849924041772671002e-01
-3.871309005405201287e+00
-5.552693305500310261e-01
3.307182402716660086e+00
1.676891097137756859e+00
5.413904466465377374e-02
2.007834477344733859e+00
-1.000134791318030025e+01
-3.429273128460762265e+00
-1.776604637947859777e-01
-1.494869337483095606e+01
1.689550697031620974e+00
1.050231979324191656e+00
-9.642297893572150613e+00
1.945789417388053222e+00
8.294773159843774057e-02
1.220545985352986751e+00
2.709416988667286752e+00
-5.986378993862697229e+00
2.562843476933192588e-01
1.442580474084214359e-01
-2.871733693592771974e+00
1.658577016853914543e+01
-1.606034649176710571e+00
-4.240984432432108320e-01
8.444514737545043559e+00
-2.522578461756409318e+00
-3.525469898454571677e-02
-7.102179444075017445e-01
-3.304550100634693899e-01
2.329718625833616219e+00
4.436893626439663563e-01
-8.669388555251096307e+00
-4.610222863581840969e+00
1.412687815586409323e+00
-1.144020960711848028e-01
2.543123128516133202e-01
-8.299305609969344355e-02
5.599204628209418777e-01
-9.698936948001746217e-02
-1.478913739570124619e+00
-5.551320580702696628e-01
7.771028144258134773e+01
-7.423879684944674651e+00
-8.575318455470295476e+00
5.194844836814413469e+01
-1.368567958078538149e-01
-2.979441061918694178e+00
-4.560564034568920788e-01
-2.361260014260037732e+00
-1.270289821499598348e-01
-2.503820944758223810e-01
1.764540118132269519e-01
-6.130558098793980476e-02
-1.396154408617608489e+01
1.442984748748002755e+00
3.293976656844446738e-01
-9.437265027509218029e+00
3.327777473057125945e+01
-3.368685434470484630e+00
-1.403285830101898668e+00
2.519762488234694686e+01
-6.925341834774667582e+00
3.258639023002125601e+00
2.897937535859100855e+00
-7.792479325097503740e+00
2.152595537676765147e+00
4.146699014984537440e-02
-1.595703263452149601e-03
2.906044321965003174e+00
-1.132484502755475475e+01
-1.606503560198188629e-01
-7.867278319426472821e-01
-9.841734926901423819e+00
5.539976145353860915e+01
-1.060588998708250230e+01
-5.140374230386832721e+00
4.417152366561811760e+01
-1.718606299138646598e+00
-2.502714773712673146e-01
-1.691540744304229418e-02
7.852418760691566302e-01
2.278141282722117467e+00
1.347842263649378314e+00
-5.713476911205197517e+00
-3.199118141395731474e+00
1.917502954307761076e+00
2.793245110984100776e+00
3.049048335637398188e-01
2.536853527911382966e-01
-7.190217622001782161e-01
-7.121003743669860331e-01
-7.835454637792313992e-01
-2.327547320266651898e+00
3.848260505327177583e+01
-4.584148590076082108e+00
-4.276806980890654586e+00
2.530429825026654811e+01
-8.938886438071789184e-04
-6.616134023759806526e-01
-5.124448801221569427e-01
-1.515746900995991898e-03
-3.605123213327096621e-01
4.616258915894690118e-02
-2.389161368231935423e-01
-3.542256554561303838e-01
-4.824641153400344962e+01
-3.315567405452773642e+01
-9.596128437687553969e+00
-4.816303930228000496e+01
-3.690719619634299420e+01
-1.970242340522310842e+00
-2.688792787311455967e+01
-3.699003860743280114e+01
2.034386941948199912e+00
8.927883544689111162e+00
1.183230262788611098e+00
2.035302034193140486e+00
1.160564220366237631e+00
-4.009089866186898443e-01
7.205845721180519803e+00
1.166729669475780051e+00
-1.807979563440666126e+00
2.681354232246737496e-02
-1.122951276801062393e-03
-1.285376121340433775e+00
-1.343328267899161488e-01
-2.027795326463832926e-01
-1.439644775707404345e-01
-3.695922446201893585e-01
-3.710397647173358848e+01
-9.518319315383470425e+00
-9.445661264560868631e+00
2.014488363923241376e+00
-2.110198282252503610e+00
-7.704027036507163473e+00
-7.720979310594758616e+00
-4.427184257462040051e+01
5.180140172275740085e+00
7.490572034604053853e-01
7.416103488340343164e-01
2.816846463012260826e-01
8.101746970406877857e-01
5.736325732606012417e-01
5.745467462514651791e-01
5.605008302338594817e+00
-2.518614291275767414e+01
6.782325763517862427e-01
3.194180691311577114e+00
-2.643545020791643907e+01
-5.486281001162048199e+00
-4.707339378607351854e+00
-4.107898128212702282e+00
-1.524604971243845242e+01
-6.839019200131309928e-01
-7.810274257869040948e-01
2.883709014538406112e+00
3.486783970745803263e+00
6.768251939769186210e-02
1.285103954205757681e-01
2.375518417696508011e-02
5.748591431966226795e-01
5.871204579775247900e+00
1.719661845875359418e+00
1.705247752432601516e+00
2.679585369280156559e+00
7.913226739751922878e+01
4.806247906644888879e+00
-2.038813953512772947e+00
7.518147007257815062e+01
-9.419336766813600770e-01
-2.420993564793794128e-01
-1.865750234907253002e-01
-8.110717897558634704e-01
-8.141019681809032349e+00
-1.117184416038393246e+00
-4.072026948447855510e-01
-7.743125972123318768e+00
7.442987091870046257e+00
1.232446306841206374e+00
2.382692994788889518e+00
7.240729852986707904e+00
-8.297730444168182373e+01
1.440222311056239057e+01
5.111676007099767993e+00
-9.539350920007262857e+01
-2.820810807016959298e+00
-3.588689231698332982e+00
9.099909479178395211e-01
1.215339214183406069e+00
1.215095119982549576e+01
-3.526007551310611721e+00
-2.921592104679836766e+00
1.819579844583109818e+01
-1.901221284656329047e+01
3.566524801574513237e+00
-1.277739304619648908e-01
-2.265924296014476269e+01
3.414670183223897371e-01
2.938245265058345268e+00
8.383153858226344290e-01
-1.242342421929111218e+01
3.727439454883610637e+01
1.285464391267806583e+01
1.034518817729821549e+01
9.692096090263820685e+00
1.146184687831390825e+00
4.428615551648967252e-01
7.120289175203615706e+00
1.995180667688225773e+00
-3.803220685308716931e-01
-4.261499307344486231e-01
7.284670081047779355e-01
-2.725462554816249217e+00
-1.018672978610706492e+00
-2.942162587995809653e-01
-6.832633803015772944e-01
-1.406639761232139296e+00
-8.021396640355986207e+00
1.790717350547491149e+00
1.338130359908794809e+00
-7.442656769001334993e+00
5.993208577965570827e-01
-2.633953071297933657e-01
-3.308538411505428378e-01
-4.552174481905438275e-01
1.826151006725600823e+01
6.659066777618506627e+00
8.759384601054330588e+00
6.739274891669985834e+00
-9.961678988139675894e+00
8.378303112206814118e-02
1.186130973180350212e+00
-7.739351272777864388e+00
1.411258570595175321e+01
-1.804185937499433567e+00
-1.389347712169802795e+00
9.067557111382164692e+00
-4.056419149261747847e+00
1.082115532203824504e-01
6.183280065105817291e-02
-3.552306944494254104e+00
2.241996184053387076e+00
1.859951656960893818e+00
-5.452686854803945327e-01
1.665113243196503778e-01
7.665120132245447415e+00
5.992028205117319928e+00
2.853483269197716332e-01
2.529647278558441181e-01
1.214562423097415023e-01
-1.068621869744461161e+00
-4.157128430963527577e-01
5.089109310096897598e-01
9.269694743069104570e-01
5.376554722049032842e-01
-1.093395560783793297e+00
1.715342800445146754e+00
-2.367302607859298469e+00
-1.385081201588451161e-01
2.108462315295611678e-01
2.177693504807940883e+00
-1.012263282382533269e+00
1.658711578364493733e-01
-1.491901764338676023e-03
-5.360530672639346683e+00
-1.186876924543603451e+01
3.165716707078755632e-01
6.760378164813179991e-01
-8.454345519600844128e+00
3.390311957846244439e+01
-1.876947847538411152e+00
6.521632884593664414e-01
2.947231827778103153e+01
-2.725134795013252997e+01
1.509559925279479575e+00
1.512451214579629166e+00
-2.052287587155823445e+01
1.142591988881115128e+01
1.809065886170337437e-02
1.189780671519271582e-01
-8.002994892255961279e-01
-5.100307069712681773e-01
1.255893857575411388e-01
-9.429446744937468664e-03
5.859515574849598174e+00
-1.406433025586988883e+01
3.689033777518357371e-01
2.671839540918332645e-01
-1.022049810678486992e+01
2.898146398447964955e+01
2.290144114712914458e+00
4.012864062107609486e-01
2.457486163127677870e+01
-4.861224884795049661e+01
-7.399866517463241644e-01
3.993028471398483714e-01
-3.530030040679356773e+01
-3.511217030221182700e+00
-1.684246236414385534e+00
-2.213262690055666670e+00
-3.162911402620010026e+00
-2.470600772883942309e+00
6.160895222881621613e-01
-1.443663240370011980e-01
-2.324802541669579448e+00
8.050563581309121419e-01
5.645046178170698425e-01
7.980677026587977840e-01
6.616618935249232170e-01
1.184881348531799800e-01
1.049334512030970057e+00
1.792408228568322270e+00
-1.067185813454873400e-01
5.307231178481673695e+00
9.164825449124263113e-01
3.540211737840222583e-01
5.781979956604854642e+00
-1.816706905552279139e+01
-4.728874965434713418e-01
7.387860187861384764e-01
-1.473739749509809371e+01
2.663651994920744670e+00
-7.426307298929455403e-01
-4.454104493426305766e-01
2.727858692075351144e+00
6.945929543026887920e+00
2.133330807474714264e-01
-1.103824417760055354e+00
6.185231146972884453e+00
1.426891698259760588e+01
-2.189329813031224981e-01
-8.603758108661703485e-02
1.135247000825368602e+01
2.068834015941945026e+01
1.644943324220992764e+00
-1.142427283359833234e+00
1.685646281732677565e+01
3.511815435194850288e+00
1.792941226730865978e+00
-9.952951622408345855e-01
-3.150657080212905803e-01
-1.620546406870030820e+00
-1.018074547665825724e+00
-4.151806534405004356e+00
-1.839244766574866130e+00
-1.219079320044817116e+00
-3.842135035933012865e+00
1.777259328260964555e+00
5.008974848813781300e+00
-2.162321190434845358e-02
4.403036115951439178e-01
-5.844546723466917948e-01
-1.626099613026092072e+00
-7.963886157522710452e-01
-3.669774536512185215e+00
-1.676292588668277572e+00
-2.175232432911820890e+00
-1.817099408441248798e+01
-2.255113323207230458e+00
-1.255340212700608582e+00
-1.499910205195696200e+01
-7.614478204478746015e+00
-2.604600604324821767e+00
-2.378999469696419844e+00
-6.564899658641849989e+00
-3.223405077784310957e-01
2.293918954489988782e-01
5.327927749769322263e-01
8.985656200414707806e-01
-3.509762950904492307e+00
9.333001495535391268e-01
7.550943379228359786e-01
-1.643845091366466171e+00
6.163486749300297873e+01
2.224640936280618320e+00
2.615629600743831773e+00
4.799339262337320378e+01
3.866154785222120527e+00
4.983975225406329645e-01
6.142326808500616631e-01
5.507541179917062379e+00
-1.505711788648089300e+00
3.647028192469679159e-02
8.250176396566804016e-01
-1.890480123164238968e+00
4.575930525270938354e+00
-7.455989586575313410e-01
-2.156541083858402041e-01
4.027012284353953753e+00
-1.415897476209996064e+01
5.712105438675737501e-01
-6.555647020958909055e-01
-1.458735340088167121e+01
4.932009786223628289e+00
2.842880685302059174e+00
4.014457372846316763e-01
4.781587380701807222e-01
-2.054062857523019314e+00
-4.929512983924695946e-01
7.728727897689989801e-01
-1.179260182890636610e+00
-2.044676127277583744e-01
1.522847900435372992e+00
1.298480111125621117e-01
1.263824930457621287e-01
1.561328497175738794e-01
-4.927421693571975569e-01
-5.880964100216101720e-01
-6.575767636669878069e-01
-5.058755809740503651e+01
9.136085590622522901e+00
3.116295513932248351e+00
-3.526026572073809007e+01
2.056159164040205489e-01
2.175031088050212613e+00
2.018196532666842291e+00
3.045122739119869415e+00
-1.211058770036838705e+00
1.335551337290624523e-02
7.714597542615459630e-04
-8.471880651346495039e-01
-8.147162788419130830e-02
-1.235345344102614512e-01
-8.801988284358246151e-02
-2.380796940139227602e-01
-6.356882122675539648e+01
-1.512652047764098562e+01
-1.500281299786604627e+01
4.795891805382415995e+00
-2.615774970501361540e+00
-1.178804098688140023e+01
-1.181307705643844841e+01
-7.805289503140805607e+01
3.449214222929443130e-01
1.057131977967326192e-01
1.051014905575900354e-01
2.120738934539334944e-02
5.328568983112520058e-02
9.762093860571866011e-02
9.785393879080728219e-02
3.585389214491295218e-01
-1.649094734070699531e+01
1.972394649482276163e+00
4.022942707447427213e-01
-1.563533275118423127e+01
-2.263300746664524965e+01
-1.886559362519229399e+00
-3.690815000373171006e+00
-1.749131870627361351e+01
-5.062118915262154850e-01
-4.500053058257527105e-01
2.302928821248515945e+00
1.886133829554637931e+00
4.511634608285895742e-02
8.544580284356520505e-02
1.936335994372320041e-02
3.755180465503096254e-01
4.907464844029870044e+00
2.248531442175062622e+00
2.453734151791072904e+00
1.111093547508765766e+01
1.347375554125227382e+02
-5.329852884254393963e+00
7.285311420783137315e+00
1.428814636528063318e+02
-3.286251802202257849e-02
-2.906781840784548876e-02
-2.764764099213165918e-02
-4.225333566599246554e-02
-5.263371051530852940e-01
-3.315682252546629794e-02
-7.387125735788929726e-02
-5.330986497641080346e-01
-3.399395664434639031e+01
8.572546838744008468e+00
2.225190688316697418e+00
-2.186968271168298372e+01
8.822901335762443509e+00
3.719558335215164657e+00
-2.481215444641414081e+00
-2.394371517984261732e+00
2.202403060076415642e+01
-9.588505273403679752e+00
-7.427741575161647347e+00
1.344681036394040241e+01
1.393460267118280349e+01
-2.153178446326722284e+00
-7.183587163121488706e-01
9.093853396785950949e+00
-1.001100855048625116e+00
-2.535906072627247543e-01
-4.895671824782041326e-01
-1.564637717398010830e+00
-1.098963786502991979e+01
5.317394130396295715e-01
1.938231634943253789e-01
-7.877285845139154752e+00
1.977912823336579962e+01
8.796412742711402499e-01
3.579282035234263581e-01
1.581111168397259625e+01
-4.250970538983290803e-01
-1.692840564748054222e+00
-1.547314238343775905e+00
-7.955890065957936796e-01
-1.481362821699771182e+00
-2.986952089337613914e-01
-9.486015400147086718e-02
-1.993704956695514507e+00
9.426216473627405668e-01
6.621093658448070629e-01
4.863973668198585676e-01
1.766545565669988216e+00
-1.266951569904310793e+00
7.711056985322569668e-01
7.882033485399049244e-01
-2.088350062133053520e+00
-1.059470143646815465e+00
-1.139362300726466382e+00
4.669217303379282202e-01
1.423927713362087843e-01
1.577639956341242156e-01
7.870220806760279408e-02
2.182683313132991465e+00
1.323499401436508238e+00
-1.303952704696306419e+00
-3.411655996431575133e+00
-1.748122123431912478e-01
-1.298620096804217749e-01
5.178391566343566454e-01
1.086882086332290775e+00
1.033761492195637510e+00
1.919586971016218779e+00
-5.649436358488387100e+01
-1.856904042882081773e+00
-2.235728946908845494e+00
-4.454250355231118874e+01
-3.216073787757254365e+01
-1.004712654623242996e+00
-8.691546397798830537e-01
-2.598340355586162076e+01
-2.845891541764395516e+00
-7.340758935775995031e-01
-8.172493007357626293e-01
-2.480519220564339822e+00
3.804675605630072965e+01
-8.137160580489366524e+00
-3.026572470381436730e+00
4.203462161553262177e+01
4.460145831529509941e+00
2.922376535269696873e+00
9.712823115523923079e-01
1.705512971032219438e+00
-8.888028235971800939e+01
1.227264482612580387e+01
1.146289962813669128e+00
-9.932241703537783906e+01
1.240862999228907526e+00
8.368507866527825634e-01
7.032451159128435547e-01
1.149258403422883879e+00
-5.080211665650844616e-03
-9.473788783222393262e-01
-9.706032331523435364e-01
1.845531841495598457e-02
-4.404793001352237392e-01
-2.793559535807419447e-01
-2.032253252675202126e-01
-4.862176927158742834e-01
-5.266840282040475074e+01
-1.032522772225010854e+01
-3.548948394769840320e+01
-5.276006725475394887e+01
-4.049428907301801672e+01
-2.839194291505706147e+01
-2.227244004426913282e+00
-4.040399337542462632e+01
1.656929176782667934e+00
3.492655141250162742e-01
1.224247674544680864e+00
1.659700660634022995e+00
1.263910299398127490e+00
9.762617317854623833e-01
7.740950198490399725e-02
1.261002238640558826e+00
7.935822980636745072e+00
-1.441926598047798214e+00
-3.786751878728398246e-01
5.562635761049227412e+00
-9.249828788716722983e+00
-3.660556415258690688e+00
9.554150721270535662e-01
-1.934231729546018075e+00
5.476960890520820691e+00
-3.813408500484372521e+00
-2.796946367006972078e+00
3.185234507698162520e+00
-1.136826274356706179e+01
9.922584550039317275e-01
-3.013859153603005159e-01
-8.928298621225874143e+00
-1.863484327223514869e+00
3.352260387420700257e-03
2.264173314750085944e-02
-2.736125315958196857e+00
-1.912868320273276856e-01
-2.394008200353390514e-01
-1.745215343877000169e-01
-4.981681589123190812e-01
5.621559018796875051e+01
7.931247856654455752e+00
7.914710635340503231e+00
2.181393976630548348e+00
-3.194567078757052592e+00
1.023198595215067819e+01
1.031871287496441525e+01
4.625082749528590398e+01
2.054377628451181081e+01
3.180030325118838874e+00
3.173351024366690254e+00
-7.742291818217288124e-02
-2.029039156510934916e+00
4.073939752138605819e+00
4.108054434750700423e+00
1.550492952199743435e+01
-3.369301827458727416e+01
8.576421392193855908e-01
4.171918016546862340e+00
-3.555593782403160930e+01
-3.482236924306368309e+01
-7.196213903928174282e+00
-3.728355742184242594e+00
-4.568300373159353001e+01
-9.852596719688148097e-01
-1.117110342975314641e+00
4.078290514089752072e+00
5.083000305593534662e+00
1.039941465939226289e-01
1.843406870030299405e-01
9.147652554083911258e-02
7.979960339854541562e-01
-8.273784512022780646e+00
-1.805752475046578986e+00
-1.594926430015663366e+00
-3.998926071768099444e+00
-1.011698127181402072e+02
-5.371088193745275241e+00
3.614545456335589435e+00
-9.556602745493127316e+01
-2.834445675663817887e+00
-3.839016354370919926e-01
-3.467362296484069462e-01
-7.643343460518561283e-01
-4.109138250569080952e+01
-1.359253509596850540e+00
2.292288318084618304e+00
-3.820089377334501535e+01
-3.983434230892339389e+00
1.065092911261495301e+00
1.069552980085361815e+00
-2.137755097743081478e+00
3.070643726612456881e+00
1.708730520159180255e+00
2.330599439076170842e+00
2.595813101891751185e+00
-5.638519464938642756e+01
2.698811171775749251e+00
9.239931143132375624e+00
-5.019646620440767748e+01
-3.453122668739031731e+00
-1.799829710086340517e+00
-1.522577423701313437e+00
-4.342469327102273624e+00
1.671541992009573363e+01
-1.091817912612190300e+00
-3.792467547084414026e+00
1.559412903619015900e+01
-1.966922205954480418e+01
2.274612283222250952e-01
2.910789888942032277e+00
-1.737638405553455812e+01
-1.823147057082563194e+01
6.192509039466598253e+00
4.859755706373126038e+00
-1.150346114474423587e+01
8.566682183498775416e+00
-1.244451270044367286e+00
-1.364182137219766444e+00
7.843866944648389072e+00
1.324150559126736937e+01
4.802380143658552925e+00
-9.005821231625472656e-01
7.671108529940859899e-01
7.696828374227180802e+00
-5.502116197020238353e+00
-3.988994539737736211e+00
5.182842424703570039e+00
1.887664678849912514e+00
1.215815782166772774e+00
1.127224583709967698e+00
2.595361646318447235e+00
-5.090783929120607354e+01
9.718158500727048121e+00
2.278696821449177623e+00
-5.797832360605670488e+01
2.762410466702058809e+00
3.510454913801801080e+00
1.345475263182416947e+00
-4.419280675482706311e-01
2.214953637902568051e-01
3.275230462181019764e+00
-3.320596208571917618e-01
-1.142604253590746577e+00
-3.438048447941996244e+01
1.689322304262480978e+00
-3.116263206661467500e+00
-3.592987359639620593e+01
-1.634466109680999679e+01
4.786611622424034707e+00
1.351639814400462214e+00
-1.830654565944380252e+01
3.701156016068441090e+01
-3.282645205690611245e+00
6.165553940553806234e-01
3.991649350219438475e+01
1.878686556367239247e+00
-1.412727352898581618e-02
-2.633442579642643940e-03
1.270890102684715917e+00
1.320193728764793573e-01
1.575315156645211712e-01
1.155864655365155813e-01
3.353518647799485497e-01
-2.219000129955779610e-01
-8.474855432416193712e-02
-8.432181934291058112e-02
-1.363094705161244959e-02
-3.334908015624071104e-02
-8.045322901156717887e-02
-8.065516377792468494e-02
-2.257334979074572257e-01
7.027953756683882602e+01
1.453679463297344832e+01
1.441571904173199670e+01
-2.518028618547935693e+00
5.258856790012402804e+00
1.120979415400289447e+01
1.123334694875315343e+01
8.131819513553629974e+01
2.287056490696771860e+01
-5.768466619227808900e-01
-2.815108655393595338e+00
2.413580385032823727e+01
2.319763448403011097e+01
4.761426053941072212e+00
2.474405439118029015e+00
3.050696990291104171e+01
6.711677435619740617e-01
7.619911486756907326e-01
-2.769274813100564003e+00
-3.469651991661697910e+00
-7.171526462996996587e-02
-1.251799967154630377e-01
-7.044287651390278293e-02
-5.395496601172186102e-01
2.095831226939583528e-02
2.145773319518554448e-02
2.394358580712219187e-02
1.456971176217559255e-02
3.388745168436304023e-01
4.608359052548129109e-02
2.189102603197557936e-02
3.414624132987409966e-01
-1.222919914804863950e+01
-3.326339025044828812e+00
-2.971332556005150227e+00
-7.250917521972198188e+00
-1.367570060538713506e+02
-9.297642972365304459e+00
2.794353384566560905e+00
-1.307049857683090579e+02
-4.423213647634738521e+01
2.786389168738279576e+00
8.633173614823027586e-01
-3.185232069800535371e+01
2.031887992870385684e+00
2.108875106791970211e+00
1.841815250090910627e+00
3.511884075215172096e+00
-4.288111615422394163e-01
5.918788454819778888e-01
1.172049958935635017e+00
3.874120823694737314e+00
6.151891085472970921e+00
4.033731544407285874e+00
3.623651877052015635e+00
6.431984840227589650e+00
-1.605540756650021805e+01
1.209605107405436364e+00
1.098351169017411921e+00
-1.181483670640519534e+01
-5.797384937391647064e+00
-2.092454689808698198e-01
8.436181533627005180e-01
-6.939335726493142786e+00
-1.296429276367523364e-01
-1.533367256073723539e-01
3.751743894655003020e-01
-6.479760414029585025e-01
-7.497573645866818792e-02
-4.052580791112481151e-02
-1.026677656777946757e+00
4.620451802443814038e-01
-5.417095312958669640e-02
-3.960897141859126558e-01
-4.031928334604641395e-01
-3.176945591687621584e-02
3.489701743738957140e-01
-5.419584110924972886e-02
-6.742240673227770098e-02
1.254327523768015706e-01
2.161240151471803261e-01
6.046533426129874211e-01
5.927252307988825075e-01
1.692415335075475868e-01
-2.244002002918873695e-01
6.742460779078604527e-02
2.868762009607655691e-02
8.408597065140242799e-02
5.285417023113816448e+00
-3.274745092375403455e-01
-8.521206691215031936e-01
5.073510765677374579e+00
1.040970758072737451e-01
9.450202282747618976e-02
-6.577333584899722752e-01
-9.705217687821762196e-01
-3.292963251831436400e-02
-5.446942397874580261e-02
-3.040764756650324308e-01
-5.555634748828863767e-03
4.483647831915961168e-01
9.324175396615570766e-02
-1.599627298162408506e-01
9.848772389307760555e-01
-2.145931891181638740e+00
4.204287502176599078e-01
8.040131259778117157e-01
-1.960225798254806362e+00
-5.462017314853469863e+00
3.103274276832582168e-01
1.297498639453858127e+00
-4.683809308573822605e+00
1.033063803294161254e+00
1.832355863992598088e+00
1.114489166815892496e+00
-3.246041693404888018e-01
9.598540632021249075e-02
1.761157342653556571e-02
1.115375755028675947e-01
2.316681480165532214e-01
-1.419498765748980762e-01
-6.320114247809172081e-01
-4.893628876346499679e-01
1.337833994250688663e-01
-8.990636364291220151e-01
-1.231636180271245662e+00
-9.138420894482623957e-01
9.568502899328032996e-01
-3.082041776260414645e-01
-1.367708140469289679e+00
-1.200766504386468370e+00
-4.035168690597413788e-01
9.090008265192793535e-02
1.067722705606424238e+00
1.352454580076740909e+00
-3.435244775601344336e-01
-6.289112560605355506e-01
-1.574370260845327385e+00
-1.122289069656278171e+00
3.193167672723172812e-01
1.015078198230145445e-01
4.192761219490396485e+00
8.477333626165611591e+00
-3.265304050628315746e+00
2.495379463062766145e+00
-1.123935402097883118e+00
6.229310058519029747e-01
3.423413596221290600e+00
1.967770616713461429e+00
-1.268709148277725296e+00
-3.252222907053142986e+00
2.772198253936722701e+00
4.694049003103249795e+00
-2.508130768917073983e+00
-9.876725721382401346e+00
9.810800226271767954e+00
9.889970100274801668e-02
-3.491218219430778813e+00
-9.799767188027608711e+00
1.629693711169180048e+00
-8.013869298589188617e+00
2.264568631778318242e+00
1.422493451304425705e+01
-1.163423607183570496e+01
2.912791503270269811e+00
-3.381149426302306082e+00
-8.798821370735680603e+00
5.511097643292303339e+00
4.397212393918536577e+00
1.487925644643350198e+00
2.451489571887327801e-01
1.799602212861500516e-01
-1.113038616430842787e+00
-1.227918294643858335e-02
-4.789097060682491858e+00
-2.743987809704707459e+00
-3.594069332234258951e+00
-4.277052925875703820e-02
4.683745993214818881e+00
1.214263841823186585e+00
-3.701826645280374528e+00
-8.998355276859661966e-01
3.582079601039803163e-02
3.638919148833316797e+00
1.019749610655623639e+00
-3.007031612354755246e-01
1.596432453537469098e-01
-6.438612066717136484e-01
8.130601919164226477e-02
-2.167435297828882224e+00
1.753745007916509419e-02
-4.328139518588321799e+00
-2.281880317369186784e-01
2.930323313415307052e+00
6.561445447104422013e-02
-2.610968886488907792e+00
1.012917950179706139e+01
-2.813295364861427283e-01
-1.138337799513080562e+00
8.880531028175017383e+00
-8.529246634273379257e+00
2.243484054532917105e-01
1.586944157557290902e+00
-7.525158891393909144e+00
1.280095846888635513e+01
-3.237115323397802280e-01
-1.579214382717996079e+00
1.350868935813048211e+01
1.309232791102863303e+01
2.694537252764229063e+00
1.398278267157740951e+00
1.719543124922745747e+01
-1.397654970870857143e-03
7.098835653935314793e-01
1.046494609877854476e+00
-8.177044951447569668e-03
3.750751095546145386e-01
4.255456637885179916e-01
-1.549624650896314071e+00
-1.937352352714199810e+00
8.929374433937735389e-02
7.332914321255692980e-02
1.883284089917703907e-01
6.533759822832779784e-02
-3.987334113333326768e-02
-7.005458239264976406e-02
-3.745802732559161408e-02
-3.024678126623723817e-01
1.792026730681887781e+00
1.425365323621576863e+01
1.687619151018931341e+00
1.788270621415249950e+00
2.300411438947664866e+00
3.178318038681040569e-01
1.354485468729042452e+01
2.319742649171102400e+00
-2.278667295223248512e+00
-8.327172202180206373e-01
-7.427685529153575938e-01
-1.848329446762083661e+00
-2.041705165546406064e+01
-2.170445172076114204e+00
-3.761046087575580787e-01
-2.009861903232193470e+01
-1.212548834523407421e-01
-9.683914295052368226e-01
-1.145580060003055650e-01
-1.210009974025521295e-01
-1.558456476625250942e-01
-2.147279616374940872e-02
-9.201938508269064121e-01
-1.571578333609709721e-01
1.549538728614988925e-01
5.651062349113175620e-02
5.036477423031218703e-02
1.257040515787855028e-01
1.386951568636479504e+00
1.472843658654668375e-01
2.533572667426779029e-02
1.365300864685455418e+00
2.350980688318916023e+01
-2.748223273964614410e+00
-5.636728568894623370e-01
2.227777045160780744e+01
2.990564151125752090e+01
2.431432706842662217e+00
4.684495142934926193e+00
2.276369889201141561e+01
-1.421484538382749609e-02
1.821965361454501275e+00
1.235686877686823060e+00
-2.435156480846609010e-03
7.408101369001987013e-01
6.528650736244693276e-01
-3.372411234032786975e+00
-2.697057534949198754e+00
1.552866548784413436e-01
1.277546659162174247e-01
3.276931063332719773e-01
1.136509250622280975e-01
-6.943373016558630761e-02
-1.219171687718410557e-01
-6.548434324239474358e-02
-5.263478330234649949e-01
-4.486906373116945623e+00
-2.618106229510329896e+01
-6.148976926965905587e-01
-4.449533602429206702e+00
-3.459904327263957580e+00
-3.262403996387478688e+00
-2.755060994746241576e+01
-3.467173694115309512e+00
3.571645949847559010e+00
1.436471950578062318e+00
1.610078098557226500e+00
4.403408207598661583e+00
3.884973314069819139e+01
7.280144256141838355e-01
4.195985502684748347e+00
3.946473986729189676e+01
-1.255705103241728793e+01
-7.329029670407268782e+01
-1.720703887032374757e+00
-1.245243915265629298e+01
-9.681775928661295438e+00
-9.132234727824663167e+00
-7.712472817506841238e+01
-9.702115227369766615e+00
9.999485769552563852e+00
4.020342773931569802e+00
4.506619805612723795e+00
1.232793877739920951e+01
1.087536104665900325e+02
2.036822801324931653e+00
1.174531431617962873e+01
1.104758098650879390e+02
1.104675869346569428e+01
1.431557203220668262e+00
-3.135029495052630288e-01
1.050722182799345994e+01
