-1.664627960711833055e-01
4.121643188050356787e-01
-2.025922275327923967e-03
-4.298653124490251498e-01
5.278036331970799022e-01
1.087677627520504961e-03
5.016092845227139163e-01
-2.019064567656323472e-01
7.076434279325458654e-01
-1.146682431724653645e-01
5.273271474405900189e-02
-6.680104380210345472e-01
2.156315770916963359e-01
1.554841361797332927e-02
1.852878750979397582e-02
-4.567054826126056843e-01
1.516604494630515720e-01
1.698264707941315454e-01
1.329626675690925679e-02
4.109344885715240925e-02
2.377473827242388427e-01
3.011072955000964613e-01
4.948830251105660466e-02
1.107494851163626660e-03
1.528598707817103164e-01
4.368273126355853853e-02
-1.763612298490146654e-02
-1.473744435254038462e-02
6.187671089485983350e-02
1.805028785192313093e-02
-1.714018596101632430e-02
-2.808388846495516247e-02
7.390970149510643628e-03
-1.071819239018086643e-02
8.253703316331987335e-04
-1.475831884667552253e-03
9.191380656400275143e-03
-9.726513388987933009e-03
-2.271398632034394779e-02
-2.305141985994835566e-02
1.417376087793095069e-02
-5.266877134926221775e-03
-1.637817551411842876e-01
-1.349121507070731585e-01
-1.566790327451130990e-02
8.516347469380082177e-03
-1.018986572386089001e-01
-9.106966035017488581e-02
-4.815020520400665333e-02
-2.780193255423496837e-02
-3.051797529903983383e-02
9.731446189805783437e-03
1.133123058412403156e-02
2.429198571047394301e-03
3.682933555860048742e-03
-3.978219388661503875e-03
4.945575874176979733e-03
-3.082451720640655380e-04
-9.159992605103854657e-02
1.011630067664361227e-01
-7.207176373538458879e-03
-1.324392702589542292e-03
-3.900497033071383818e-02
1.354226499292660382e-02
4.509640719414273035e-04
2.516904159971104001e-03
-3.964040796961704194e-02
3.288729587847136898e-02
-8.954839494539392972e-03
-2.589264120265502827e-03
-2.550327682408373969e-03
1.054350221854877083e-02
3.909492837974903531e-03
-1.402127632503401625e-03
1.271457303720413025e-02
8.031109226498366754e-03
3.379191718080772934e-03
9.730030711871472116e-02
6.771531148698615166e-01
4.776976025148733096e-01
-2.838871331614729529e-02
5.684897250604559193e-02
2.975100699514257596e-01
5.891928305320653925e-01
2.619409238846232557e-01
-4.305289402598021231e-02
-1.136461758320610332e-01
-6.221398281363089283e-02
-2.610599726819640837e-02
-9.052905727979213349e-03
5.416895338668763910e-02
9.468701221098123344e-02
7.251621022042404122e-03
-8.129616439940225842e-03
-2.786367440526831690e-03
8.700201713165330031e-03
5.518649048268124344e-04
-5.472757420466052569e-03
-2.623139015047823430e-02
-1.522482352844696865e-02
-3.922870187736769557e-04
6.043975527980574233e-03
3.689658156164217582e-03
1.468565468840014410e-04
3.528883054470048283e-03
-1.477783709767789121e-03
-2.867465528907331591e-03
-1.492587361495483975e-02
2.541667232092069059e-02
-8.582754967057739173e-03
1.944966397066729552e-02
2.007913514558670037e-02
-2.282188567165682747e-02
2.407149506660566027e-02
-1.863953130369299131e-03
-9.323043078823870650e-03
-4.275707515482804130e-03
-5.215911003586128081e-03
-5.032954183799354282e-03
-4.125752358487953103e-02
-2.756015282531442886e-02
-3.484926349367890863e-02
-5.898565405185763472e-02
-1.049053092498585492e-02
-5.363181060504569955e-03
1.354811023037288042e-03
4.911887913060468576e-03
-1.859899422871849270e-02
1.924835511628278004e-04
-2.431674188997191583e-03
-8.180385159249979610e-03
-5.626750476201212298e-02
-2.995783170444403162e-02
-8.719228052299625876e-04
3.166042722768389051e-02
2.194481245335673861e-02
2.365304479475937454e-04
8.571711990488408827e-04
-2.639076501114362427e-03
1.312065053019517659e-03
1.533926452881061164e-02
1.441993905663576346e-02
9.530504082376805436e-03
5.306491591258177820e-03
2.791097307299461247e-03
6.859972267444202623e-04
-3.207499999994451226e-04
3.964549764012216711e-03
-9.788001122978203308e-03
1.743069539546063078e-03
4.663362325982497829e-03
-9.977726694117455483e-03
-2.582323152259175403e-03
1.009056700791810795e-03
5.672915162015468478e-03
8.537722610948962837e-04
9.453883845129934516e-03
-1.474552807828502727e-03
1.277830602654188470e-02
-6.782902150907202908e-03
-3.773612091324668287e-03
1.128686040206586076e-02
3.136762384720920283e-02
-1.441257887146512760e-03
-5.585724053086469493e-03
-7.078638024230423167e-03
-4.606746964564783185e-04
8.655591885948601613e-03
2.717595378956975342e-03
-1.052752120563565539e-03
-6.689463912762151111e-03
-5.072633248466349928e-03
-5.338940671848278318e-04
-3.067096726388366876e-02
-2.425140979759205992e-02
1.787692009563640605e-02
-1.594776343852293866e-03
1.490293939980842121e-02
-4.127107979194393622e-03
-2.455823356915460502e-03
1.463923182182290048e-02
3.917336844083908753e-02
-5.554665000591307682e-03
1.262194305043770962e-02
-1.527343688030148713e-03
2.780278240571876832e-03
1.089977078281867103e-03
1.799281013135486202e-03
-1.240865526811906665e-04
6.894444444327800688e-05
8.699999999860011932e-05
-4.913333333330105468e-04
-6.944444445877033295e-06
-4.518650934656205762e-04
8.142775553777325962e-04
-3.030172709368355536e-03
-2.058917720854712245e-04
1.636719447456422033e-04
2.101549884199388485e-03
-4.528071074990791946e-04
7.243800929588829415e-04
1.855555555785382138e-05
-7.613888888882756976e-04
-9.684613739171965725e-04
-1.008983933283422304e-03
-1.660795290458086685e-03
1.079716112321733689e-04
-6.109166666661085786e-04
3.676388888883447585e-04
-4.823714489297955123e-04
-3.725560187720102748e-04
-1.489629884660934695e-03
4.053330510331133534e-05
2.090638888887652851e-03
4.726694806102440909e-03
-1.202989825243546904e-03
1.100555555560423345e-04
4.070000000018542835e-04
-4.846666666658242407e-04
1.194444444513208093e-05
-2.551953394089249549e-04
1.043545560282718764e-03
-1.190871896689279770e-04
-1.296189377041831025e-03
6.208575190941052063e-04
2.460929854941974575e-03
-1.055874937910372029e-03
-4.380838326865787872e-04
5.744444444419181820e-05
1.746388888886470049e-03
-2.507365518974703604e-03
1.613094484113960917e-04
-8.380603314797765253e-04
-1.555710477575448017e-03
-8.125833333348205434e-04
2.848611111088309800e-04
-1.689218692368542525e-04
-2.341034639220493895e-03
-1.723958256239771416e-03
7.865433217388021663e-04
-4.371388888873182989e-04
6.410158478387314139e-03
1.036646101547609604e-04
1.649735054910127507e-01
-3.026863475412193694e-01
-2.390235924146711655e-01
2.497050734672805472e-01
6.252149394972203456e-02
-4.276658764982884109e-01
-4.069705713940586222e-01
1.767896400334423301e-02
1.123869318323999708e-02
3.413705793098834040e-02
4.050103734072892092e-02
-1.816040383185740445e-02
-1.361713077961088265e-02
1.816036113096868368e-02
2.409014712999665853e-02
2.116874556415059352e-02
-1.703327750710284180e-02
-5.153154729959195587e-03
-2.252014418962213632e-02
-1.786554837029874221e-01
-6.950765084195655030e-02
1.427635238838738212e-02
5.197765863893138473e-03
-6.351311773456169880e-03
-1.827064952876673171e-02
-1.632945302930129822e-02
-2.523583847919689573e-03
2.736941085941998336e-02
2.433986334477854230e-02
4.583539403350497116e-02
4.371942847010186484e-02
4.082454591316590775e-02
8.886662353193079678e-02
3.614885597578327420e-02
-1.692901020552553537e-02
-3.617683392346575811e-03
2.281171997402073933e-03
9.698615866126590861e-04
1.491789641977756334e-02
-3.347128987605473959e-03
1.705420282934872443e-04
9.425968617960765305e-04
1.544590071113620400e-02
3.127258831369713037e-03
-5.095918767192191348e-04
-1.256472604965852384e-03
1.882018757081019029e-03
-1.144210109432937036e-02
1.902054194188695967e-03
2.418590587468313988e-03
-7.678660908115611484e-04
6.106791879647174848e-03
7.347246504525588827e-03
-4.880577577647132910e-03
1.315516163945858012e-02
-6.531955078598546127e-02
7.905052335375348238e-03
8.323890384066973125e-02
2.736461774176837114e-01
7.174531979830495176e-02
6.884377966072127795e-04
1.939820365360024890e-01
7.146629425883239094e-03
4.184773060929274785e-03
5.538780008894373177e-03
3.296903475015695167e-02
5.136051038875955391e-03
-1.736687333380770165e-02
-1.116032809010718448e-02
7.131166305103730889e-03
-9.234218925709468048e-03
4.385665723999177847e-03
-7.096436337732638967e-03
-6.503324156572991982e-03
-3.718852490235561702e-03
2.336293233705516014e-03
-4.378982310505279488e-03
-8.268640604587809348e-03
-8.781616741420117389e-02
-1.077913621731534793e-01
-2.389650586024516521e-01
-3.178026440877018133e-01
-4.540245869636503478e-02
2.406251174162722661e-02
-9.089333743100707491e-03
-3.913901436263134137e-02
-8.683281708932280574e-02
2.182810341031359361e-02
-4.539297504862571317e-03
-1.335369208562487142e-01
1.997808874813822022e-01
-1.687573307371410813e-01
-1.140964529698956648e-01
-1.141338383973953576e-02
1.127897222928208876e-01
-8.391770361128944589e-02
-9.526101335151083982e-02
3.017164924344758470e-01
-6.159506563714269023e-02
-4.673457110719869689e-03
-2.294765128404223711e-02
-1.225431148698798989e-01
1.671471188170236405e-02
2.404327676494610877e-02
1.762922652104217947e-02
-1.421157794271358035e-02
3.101762822649032497e-02
5.077043165750565017e-03
2.045631543134312710e-03
2.748923638271376715e-02
-2.814907530661761234e-03
2.918620958819020733e-04
7.921071110802574162e-04
6.600491825899617139e-04
1.832299057819512973e-03
-1.440776821185711480e-02
-2.396789463236968787e-02
5.669049394061527122e-03
-3.014034819848925364e-03
1.710788425088655661e-03
-6.330099906235682255e-04
-2.988436616405948983e-03
-9.060117250409779888e-02
6.447873600587081602e-03
1.195300940248968102e-01
-1.212039526010140339e-01
-1.877846868530930469e-01
5.971641524385608302e-02
1.819323768526246408e-03
-1.198605355398172506e-01
9.390728699984685762e-03
-8.269903672214952428e-03
-9.014231627442834821e-03
1.532920156760464274e-02
1.200613503663826645e-02
-1.851443068096996500e-03
-2.161603315515147014e-05
7.699260662675682862e-03
-2.828355687885282434e-03
-7.417448892808640266e-04
1.675380049583392265e-03
1.181662947755089243e-03
3.300179947087632584e-03
1.468594889622881641e-04
-2.550621941798873575e-04
5.670712479680886653e-03
4.064745075627929950e-04
1.618652420845362620e-03
-4.386029124180119260e-04
1.560636632028543662e-03
5.744285169180564539e-03
5.075599585699497448e-04
-1.195380815384541580e-03
-1.450684251434475065e-03
1.278785616854112572e-02
-3.229267228664395219e-03
3.758715963973277216e-03
-1.498445775837694421e-02
-5.467500413228690119e-03
-1.216313898482339209e-03
-3.902052483285438616e-03
-8.842456631832605607e-03
-3.320335676724444490e-03
2.211447441749603542e-03
-6.945817444558086270e-05
1.581207639313948854e-05
-1.949421330409077668e-02
5.109363941847487600e-03
-3.940741283775542336e-03
2.572805279956166813e-02
-2.407957273106750562e-02
-2.172138904875040716e-02
-3.763844320042843833e-02
-4.903392804882607259e-02
-2.146949690352656370e-02
-8.794890465040465857e-03
-1.052700113663680194e-02
-1.206977128162689799e-03
1.068490297987703848e-02
6.130918993341003161e-03
2.754000946706034684e-03
-1.661366132965355581e-03
8.541041660718103057e-02
3.467239832237724913e-03
2.059757066679681128e-02
1.428048124068868330e-01
6.655010689006300717e-02
1.199952659821247776e-02
7.066766555002124486e-03
3.983184414719197208e-02
-6.045967846058018964e-03
1.292179922187471530e-04
-1.801615166596598166e-05
-9.219691396286857840e-03
-4.067124712954846288e-03
3.695689347650156324e-03
1.263150661222730642e-03
-3.712873259314009283e-03
-2.427667166383281824e-02
-2.676611519843961895e-02
3.103411085547229820e-03
1.541919710202503159e-02
-2.647087015432112844e-03
-3.025544908371995915e-03
-3.117340383328127181e-03
-1.489863793106665536e-03
-4.089024082816496153e-02
-3.349588414164256234e-02
4.903702752818045983e-03
-2.751342616081902531e-02
-4.595709024511784868e-03
6.346258992041875534e-04
1.136600364290931212e-02
-1.021991681311924067e-03
1.794517160396069504e-03
-2.783500116773959115e-02
-2.513797915108729325e-02
3.505990078289258818e-03
-3.969638894502607561e-03
-2.894695188075220842e-03
2.633004481465749634e-03
-1.599665543048382635e-03
-4.085311922762391128e-03
8.540190271758557735e-04
-4.604651071551718079e-03
3.656223403812574636e-03
6.638555892911116550e-04
7.700957652974734424e-04
-6.741230973834255388e-04
5.235172901065337754e-04
2.693576085021335501e-03
2.362463809995103085e-03
6.960175862052544668e-03
-8.742411344463064254e-03
-2.570601756613376254e-02
-6.914780033830463749e-04
8.455351509476903213e-03
-5.618615698168578920e-03
-1.425558469199960862e-02
1.167151236536948314e-02
-4.290076759513442896e-04
-4.787648396182181063e-03
1.203835159333143875e-02
2.534695060845140128e-03
6.709816508795762207e-04
7.914956129347956726e-03
2.936902646787847501e-02
7.713514969250223792e-03
2.277763240839945219e-02
3.532242336251804719e-04
2.988203386403133835e-02
9.863723095879453617e-02
-3.320490570448793310e-02
-4.105491386511461727e-02
-5.536613221329401112e-03
2.868123754644014492e-02
1.865258833411109415e-02
-1.359085545956551476e-02
-1.081374274894122446e-02
2.954378629309709764e-02
2.313880674969776008e-02
-2.823122205031772594e-02
-2.848287316251376100e-01
1.899723309613655930e-02
-1.794099335538948126e-01
-3.927732529909259696e-01
-3.453966217200343108e-02
2.125013643993382134e-02
-5.024583628230815113e-02
-4.861012833106578834e-02
2.665930554178247078e-02
4.359289766413428080e-02
3.385001147360650747e-02
-1.016834526389119933e-02
-5.116705608505432018e-02
-8.587919948743666376e-03
2.521991320744452168e-03
-9.343320155127936288e-02
3.315344029654052668e-03
-3.508174961676209774e-03
-2.155111812262814220e-03
5.871436321545703101e-03
-2.175683709916052626e-04
-2.782244608253885750e-03
3.633021935805972463e-02
3.354573699545122106e-02
-1.774465852705303963e-03
-3.008401501917092481e-03
5.566261058381027742e-03
-5.764853489273327270e-04
-5.940587024564635693e-02
-5.051607923635607726e-03
-1.266231840596888578e-02
-8.055473503185142659e-02
-9.527324119066990504e-02
-1.226320849988208651e-02
-1.912888960406538413e-02
-1.833380132585502864e-01
-1.832154297355878319e-03
1.012650800057172777e-03
5.480117130848785427e-03
-7.251692776564774628e-04
-1.111053997243899088e-03
7.546561580034054232e-04
3.930450794840749905e-03
7.199766566531038033e-03
-8.556271727518830611e-03
-5.404114263787781341e-03
1.886781161215803646e-03
-2.693326523497588040e-02
1.186503086339611669e-03
8.073500619154749119e-03
2.019394953514795643e-03
-3.341801430378871468e-04
1.327003836543372327e-03
-3.352788822937724901e-04
-2.001178213876540768e-03
-1.177286360276019392e-02
-6.251628636859582477e-02
1.200429174629062505e-02
8.490678077414421862e-03
1.126478532293810897e-01
-9.357108632688409741e-03
-4.134894656540524099e-02
-1.771986592962043194e-01
5.425233343778763234e-02
4.869525247504224129e-03
2.015257046405210736e-02
2.786414557036995601e-02
-6.969246086915886068e-03
9.684114001031082775e-02
-4.419428533937879572e-02
2.634527818471064237e-02
9.490911672191879728e-03
-5.758713395391587032e-03
1.362861479887518545e-01
-1.891367373238652533e-02
-4.951676638759947013e-02
-1.115500062537199827e-01
-3.644512721105077485e-02
-1.153466701572984513e-03
4.221001919532429980e-02
2.317208859264771603e-02
4.458164867520827274e-02
2.618176901060539213e-02
-7.584796247303667027e-02
3.026266895262400003e-02
-1.267364392166528235e-02
4.121521783508929671e-04
-2.787372608461642816e-03
-1.628604104580558048e-03
2.242727159056127125e-03
2.136444816452549595e-03
2.162129574270938576e-02
4.177168917770379859e-03
4.773278324679569411e-03
-8.304096923569675992e-03
-1.422834739561648978e-02
4.644883386726549046e-03
3.702071867083870879e-04
-3.981085824141551537e-03
3.578309747899519446e-04
2.025472852330491725e-03
2.731504232592310011e-01
6.126880876439515233e-02
6.768874871458658085e-03
2.168293902592189903e-01
2.796692016371440936e-01
7.397691748206984726e-03
2.238103655984914273e-02
3.949038916360905205e-01
3.725935667507158239e-02
-1.924292720461287173e-03
-2.029033335314285418e-04
1.222663686154908981e-02
1.563597101307430057e-02
3.141152801220898575e-03
-2.698661447709648636e-03
4.120155497077835488e-02
6.792833709423994060e-02
6.278321482055666120e-03
8.228701176110258045e-04
3.652226039807088265e-02
-3.096195676981037680e-04
-2.897898942472379316e-04
-7.293422623627499718e-05
-2.968202302985221627e-04
-4.992186826081305810e-03
-9.811499466453122223e-04
-5.699081616565650254e-04
-2.899322047387527680e-03
2.649618103041928032e-04
2.987501885091737360e-04
-1.317124668648898317e-05
3.142097280737365266e-04
-1.713770584177006992e-02
-1.562922027012543513e-02
-1.588079419647779253e-03
4.225245386443800982e-04
-1.893864244787703223e-03
-3.842648316163483572e-03
-3.914640313017657631e-04
-2.002130912847769131e-04
1.098712733946530413e-02
-5.434852885485791027e-03
-2.586871162569518313e-04
2.959432657299110661e-03
8.003674748632309474e-03
9.738519214329133256e-02
6.850851256364821548e-03
-2.918982132094106660e-02
-6.572430492047839738e-03
-2.409147382155630863e-03
3.463893346521518517e-03
-1.489408148406206056e-01
1.424285557088461086e-02
1.337526501436601609e-02
-2.983686111484927411e-05
-1.173090739391221410e-02
4.836146645562863951e-03
-2.231515025299307241e-03
-2.195477541962028573e-02
-2.040794099342429363e-02
8.208384391418709070e-02
3.527206596367865425e-04
-1.674786424830301129e-02
5.960555069116210691e-02
-2.600984236291331228e-02
2.978612271846443199e-03
-7.092539684518930822e-04
7.679975350123162577e-03
-1.921638095066203642e-03
-1.391766266029794774e-03
-2.498732859296004614e-03
1.185732369526568478e-02
-1.396745735566102820e-01
1.520747618552194301e-03
2.631374297794371320e-02
-1.026988833863672068e-01
1.196542855255058532e-02
1.012752986973710842e-02
-1.629564185792557350e-03
9.339772317183869972e-04
-1.153326612879245275e-03
-1.356842080983732988e-03
-1.807100949234447321e-02
-1.053674611989260414e-02
-1.406110375664008927e-01
-9.365462189325828024e-02
4.212097328846486910e-02
-1.289887192908474763e-02
2.478998567397439848e-03
-1.686189823659108716e-02
2.386832384348382408e-01
1.612671244008503646e-01
4.368397087034590898e-02
1.556016049713457219e-03
-2.621867789311402644e-03
2.747331892401156869e-02
-8.435269817327974845e-03
1.114693693411863019e-03
-4.171878472813498055e-05
5.670445798655026313e-03
-3.355614361147007951e-03
-2.045342147471561345e-03
-1.251280819794047981e-03
-5.339083175881694518e-04
-6.887599687182222041e-02
-4.954523905474805985e-04
4.569664264236074185e-03
-4.595789527628216242e-02
-1.403905971749658818e-03
2.942737515859255009e-03
-1.053138713592157382e-04
4.614588147660322968e-04
-3.359057909499938723e-04
1.218625957932049258e-04
2.771200429106385980e-03
-2.912741647310818170e-03
-7.177535643723423342e-02
-4.501510302662092150e-02
1.397924416602568977e-02
-9.875755387259405049e-03
5.383475691623121166e-03
1.377338892659354073e-03
1.127775629265264923e-01
7.528557280993461442e-02
4.000753320359866035e-04
-8.874899001142301860e-03
-1.763129070938414603e-02
-1.827876691451341042e-03
-2.477291322460015155e-02
1.213360200525871214e-02
6.661040095634477350e-04
-1.229842967645932150e-01
-2.891358899425045415e-03
-7.534481795890008403e-03
2.142733617569327412e-02
-8.345952290843327084e-04
-7.601046431285807606e-03
2.101466893808130454e-01
-2.846816640495649503e-02
-4.869642257198675273e-02
9.242234638323552215e-03
-9.223046374813722095e-03
1.044433585929922977e-02
2.233739108719231311e-03
3.142696575802611265e-04
7.990491930750516503e-02
-1.294229461866195849e-02
-7.893513850532497822e-02
-4.407705417355764141e-03
-1.266896882589001010e-02
-5.115212811383109542e-02
-2.989837005215595714e-02
-1.521917215010315690e-02
3.147979069454531504e-03
-1.229505244513655511e-02
-1.075321699808916721e-03
-4.042186423838379020e-03
-5.714775342495336002e-05
8.300667774323290888e-04
2.885441864801397902e-03
4.089475265130845631e-03
-1.649162826825674628e-04
2.169054174519451962e-03
4.417060289605046104e-03
-1.038777530420140725e-02
-1.831545054928329858e-03
4.538251889358488854e-03
-5.752659071065356101e-03
6.705749434071813647e-03
-2.636685127778035272e-03
-1.468140644962341286e-03
7.819009126245557439e-03
7.780703904788126291e-03
-4.888757502520482343e-03
-2.241808724540072986e-03
-1.776192251501439862e-02
7.710121274052529269e-03
8.336794595727099397e-03
-6.068996155285326377e-03
7.555575324764122851e-03
1.005990224207203854e-02
-7.597144898097007038e-04
3.848124807359377779e-03
2.637328076622521764e-02
1.533990340332422233e-03
-1.803176856689703202e-03
1.438207650978567606e-02
2.454306051138177634e-04
-4.090616913844203153e-04
7.622416621251310725e-05
2.802295769795747982e-04
-2.729010641308975572e-03
-1.913939953019889919e-03
-5.577545685020278291e-04
-1.086570363967458413e-03
-1.776875446038007715e-04
-2.906444777543272604e-04
-4.880174959268547850e-05
-1.640066192866255492e-04
-7.027153967350773661e-03
-6.493433948485703884e-03
6.799698588806262281e-04
1.342351259448269600e-04
-9.986244565188357944e-04
-3.497229159308869184e-03
4.766229301657305228e-04
4.790338841234125758e-04
5.837661710288265769e-03
-2.355937302602675344e-03
-6.273404739297917809e-04
2.577231361662591074e-03
4.753009951777571046e-02
9.577493417115787167e-02
-2.816711406829184791e-02
1.213105154759307192e-02
-7.319675676526392512e-03
1.088262257080136776e-02
-6.351227414550324191e-02
-1.559342277618541162e-01
-1.453559096360499889e-02
6.974678027999413332e-05
-5.779147889924013924e-03
-6.328740996130222812e-03
5.507274884623770440e-03
2.352576549029390088e-04
1.851154906029049696e-02
-2.387063127086998075e-03
1.903874303580116792e-02
3.758909368080824015e-03
2.291646870940643437e-03
8.349017327340290534e-03
-4.049664702387954242e-04
1.916113455930602106e-05
-1.120489649782058141e-03
-1.721615344822781130e-03
-6.856711119675698747e-04
-1.466254988648910465e-04
-6.606749083282027302e-06
-4.873699875275630186e-03
-2.922559809996315427e-02
-4.661541254493605825e-03
-3.472126836183960039e-03
-1.356852594849805756e-02
1.532365816487863807e-03
3.708909801956788554e-03
8.436710491587339888e-04
2.051950527407924222e-04
-3.030202183654492399e-04
1.927263223306668752e-04
-2.156700170336509331e-03
-4.351295457473659464e-03
-3.411182651997853726e-02
-1.652358167572563763e-02
1.308017802885978644e-04
2.409428647572159875e-03
1.452343544312846351e-03
7.817354856681120456e-03
5.232253687395861663e-02
2.683370389177819684e-02
2.064936331982274859e-02
2.271260156881890410e-02
2.066184785217432471e-02
-1.695439121692995585e-02
-2.223120486430143865e-03
-8.454964374506815242e-04
2.555120130620507383e-04
-8.481155712645002676e-03
-6.097126730200986286e-04
-3.367679216878898788e-04
2.854500510698766529e-04
-9.850261332196422193e-03
-3.426840113745143607e-02
-3.448292056341675099e-02
-3.286231052285235738e-02
3.016999122235316730e-02
1.358984236502317876e-03
5.893614009216448929e-03
4.114172627346372908e-03
9.548874419121241566e-04
1.305169830705455804e-05
-1.846454626393179274e-03
-7.538308703560106083e-04
-5.362848257120169694e-03
-4.641532225425810260e-02
2.630479839387909330e-02
-1.950889681756542418e-03
1.304747634884829630e-02
6.131356018230242535e-04
1.783952965557932674e-02
7.646542720033848439e-02
-4.769152845865815699e-02
3.751241580022512956e-02
-2.652810756680272497e-02
-5.118228992904551820e-03
4.135234414728057584e-02
-2.691173682185838897e-02
8.322811300529982248e-03
-6.330093072166347035e-02
-9.427021665614028489e-02
6.168073574702791911e-03
2.975709308521284902e-03
-7.794767030054583490e-02
4.297071000320682246e-03
-1.412413434872341646e-02
1.659824339329578347e-01
1.460880778402956215e-01
-4.565576114381401929e-02
1.115810795458060077e-02
-1.023092860134077603e-02
-1.808978087501151785e-02
-9.120803673358800386e-04
4.432967553785764945e-05
7.688739818295831085e-02
3.786629371561883728e-02
8.770170371986688506e-04
5.836542833828860244e-04
1.908418496075808954e-03
-4.250733431775317352e-03
2.518315118076153158e-03
4.280722698280862645e-03
1.340176176778344608e-02
2.418026522674835907e-02
-4.225290872985678139e-03
-6.897732628262229953e-04
6.856238064305724550e-03
-3.938202371897313639e-04
-1.353619492707934246e-01
-3.181092732370254667e-02
-1.218097621994627955e-02
-7.276572846370917003e-02
-1.034723575016370661e-01
-1.058511910255443937e-02
-1.054816835870121643e-02
-3.643622588812990559e-02
-7.637998202878225514e-03
-1.467128375583680528e-03
-5.768217259678056581e-04
-4.697040586938473934e-03
3.876380316858088829e-03
3.983774871289649301e-04
-5.008981893588368255e-03
4.989495032758250147e-03
9.858360652646896635e-03
-1.306417754431185151e-04
1.749535121337578093e-04
4.799867592662917203e-03
-2.149879193536736056e-03
-1.836871566812139879e-04
-1.749753914631549260e-04
-9.112856520418304278e-04
-2.288283403546629291e-01
-7.285858457552927495e-04
4.751698827973504700e-04
-3.058393755345900633e-01
-2.119029259923507769e-01
2.108345820064136573e-03
-1.518840186882747213e-04
-1.790276134574818601e-01
-9.368503587524595888e-02
-2.630299966564249433e-04
4.039027816422331263e-04
-1.200438479347299553e-01
-8.232108451331102139e-02
1.204379672988632700e-03
-2.398184927244447344e-05
-7.357293228167692545e-02
