5.035000000000015592e-04
1.495029999999998305e-01
2.092500000000003699e-04
1.522400532803482032e-02
-6.045322392743615597e-06
9.929999999999182102e-04
-1.274999999998797203e-05
2.964265000000005923e-01
-1.932500000000730021e-04
3.212499999999993789e-04
1.862500000000359961e-04
-3.721593596989464844e-03
-2.844415171055097048e-03
5.199999999999690547e-04
7.750000000006508939e-06
1.497455000000000591e-01
2.402499999999797647e-04
1.672499999999535957e-04
-1.607499999999809765e-04
9.915000000000064821e-04
-2.749999999986625702e-06
-2.824999999999279571e-05
1.849999999999160665e-05
2.964689999999998715e-01
5.024999999996349119e-05
5.775000000003361131e-05
1.904999999999324768e-04
3.147500000000518047e-04
-5.374999999999912454e-05
-1.197500000000385268e-04
-1.928749999999422517e-04
-4.289108689219336441e-05
-1.935908878629207183e-05
3.990411041606941656e-04
8.880686815095557342e-05
2.873022576368601186e-02
-5.384106412349613791e-02
2.469246852734374026e-03
2.851593897710590249e-03
2.253772286324732393e-02
1.531371220872449791e-03
-6.709307299803430637e-03
-2.938489060199368460e-04
2.174469455115403127e-01
-3.403889089933116036e-02
-1.656022417588861803e-02
-6.281192976028265700e-03
4.080777453947323496e-02
2.787149751089443295e-02
-5.156097740944886286e-03
-3.395086965257678759e-03
3.156311144941221104e-04
-1.124926435621898874e-04
4.050828288217868595e-05
-1.193474139896247071e-04
2.738337096118283534e-02
-5.427939624942106078e-02
3.828831685172585648e-04
-9.766805410034045710e-04
2.004677446539876104e-03
1.195897753412603374e-03
-3.257425531059485332e-04
3.360441151206282231e-04
1.501330880317921362e-02
4.885175804374797086e-04
-1.051190407742786959e-04
1.938873609954798897e-05
-4.441251768367936344e-03
-4.652934018362543130e-05
-4.405143726507447255e-05
3.349746357870379073e-04
2.057640192296040504e-01
-4.038137864614683298e-02
2.104243775897885545e-04
-5.783054016899666355e-05
-1.550771633803234989e-02
-7.086795927676508428e-03
-2.730631240013910554e-05
3.478518693919391508e-05
3.609517613027440897e-02
2.341703493883961693e-02
2.420405868327726764e-04
2.642859565637600133e-04
-5.636281023005786442e-03
-2.750056719355362892e-03
5.289367748515987153e-04
-2.985807963161849800e-04
-8.140503496775539430e-03
-2.261113693033741431e-03
