4.979999999998983721e-04
1.499175000000005364e-01
-3.525000000016821020e-05
1.672499999999946599e-04
6.624999999997482512e-04
1.802948289625614861e-02
8.084741901127672154e-04
1.775952163578011780e-04
1.192939784645146882e-03
1.002499999999831000e-03
2.475000000002595838e-05
-2.499999999969011504e-06
-1.524999999993574207e-05
2.970680000000007759e-01
2.032499999998282696e-04
1.567499999998066479e-04
4.150000000000350240e-05
1.562499999998989014e-04
7.900000000015170278e-05
1.631250000000991445e-04
-1.163749999999724033e-04
-6.420623274373022001e-04
-4.855723220242262194e-04
-3.717642520624372883e-04
-1.980956447590430239e-04
2.309999999999924147e-04
1.193750000000435457e-04
-1.392151450450086845e-03
-1.836149504863177984e-03
3.792500000001377235e-04
-1.708749999998263307e-04
-5.148899656781028402e-04
-4.055135599376612113e-05
4.845000000000310213e-04
3.124999999998376472e-05
-1.574999999998855148e-05
1.200000000002633625e-05
1.500664999999997695e-01
3.774999999999670004e-04
-4.900000000020619334e-05
-5.549999999992716928e-05
1.394999999999915459e-04
-2.466249999999286504e-04
1.933750000001580472e-04
3.499999999992528863e-05
1.722500000000203957e-04
-4.575000000001264524e-05
7.875000000001747247e-05
-3.471249999998632222e-04
1.001499999999931265e-03
1.500000000027369367e-06
-5.000000000260132062e-07
-4.500000000047251000e-06
1.750000000002949215e-05
-2.612500000004552777e-05
-8.749999999998032635e-07
-1.000000000012585382e-06
1.699999999998523439e-05
-4.699999999998973120e-05
8.499999999956841910e-06
-3.875000000023799253e-06
2.970079999999999942e-01
2.649999999986537636e-05
-2.624999999991791682e-05
-4.524999999990541227e-05
1.577500000001140165e-04
-3.324999999999735502e-04
1.021250000000644038e-04
2.787499999983315477e-05
1.357499999999609887e-04
-2.164999999998873826e-04
-7.999999999986633797e-05
3.849999999998119656e-05
2.312499999999720107e-04
-1.474999999992066459e-05
-1.787499999995363083e-05
-4.125000000049690657e-06
-1.671250000000651435e-04
-8.418750000001297645e-05
-1.432500000000996778e-04
8.187500000054205834e-06
7.425690750547475443e-05
-1.245220574222495841e-04
-1.294511739467094342e-05
-1.931788812024797864e-04
-2.133749999999257822e-04
1.156249999999104771e-04
3.026367179681503259e-04
-2.000903305538006573e-04
1.057500000000772449e-04
-3.793750000002085114e-05
-5.975030496464166994e-05
1.774559842444911671e-04
1.837500000000328183e-04
3.487499999997804558e-05
-8.525000000001401194e-05
1.660624999999851781e-04
-3.733537066423060725e-04
-3.320333908774593303e-04
3.659999999999830923e-04
2.912500000002575979e-05
-1.183750000000222710e-04
4.027499999999147322e-04
-4.418422298822895439e-04
-9.516515832888885974e-05
3.174414180389441200e-03
4.400236611195249546e-04
1.347940008264517109e-04
1.681908222613634027e-05
1.597538733866585570e-01
4.835985071167623987e-03
5.347152141064384114e-03
2.660933142450301321e-04
1.624963873521450414e-02
8.371955110826629493e-03
8.324192419593525946e-03
-8.713668772961404832e-05
1.154407342192108506e-02
6.233601842491050087e-03
1.296538204240548593e-03
5.631278472463045444e-04
2.492943587101855915e-02
9.202658962967195412e-04
-3.095176141743087123e-05
2.954442058841391769e-04
-4.275146308327268732e-03
2.538059831590943520e-04
1.680482935551945716e-04
7.343453793234567227e-04
-7.199328998757821303e-04
6.749742880523911361e-05
-1.324247872900556275e-03
2.938437847725094672e-04
3.315298110515883523e-01
1.658364648955959128e-02
1.583157189676633742e-02
1.434568647305558544e-04
-1.182660011793552337e-03
-8.947402444986805132e-04
-1.201468939863841725e-03
3.757064921509796891e-05
-3.172112186460706592e-05
1.091347267232511590e-04
-1.933227844005608656e-04
1.806877130753873996e-05
5.938729870960011287e-02
3.436077497411590270e-02
3.382369262873430316e-02
-1.540859199735367081e-04
-3.055573895132278426e-03
-2.630989908818304277e-03
-2.118894144847346863e-03
-6.719269525620935114e-05
-1.506531566898296941e-03
-1.011415124401175225e-03
-4.089011122139325164e-04
-6.414110892108893696e-04
5.520626763706552170e-02
3.194259614448372725e-02
-3.598266439983075719e-03
-2.694973541592990754e-03
-9.674386435430629583e-04
-5.353527683239682564e-04
1.171725845718954700e-03
5.332958634963070460e-04
1.037241205261740058e-03
1.529299929700682294e-04
6.541034162581205646e-05
1.040704511936592790e-05
-3.451375137042130372e-04
2.596786809206195950e-05
1.049486037562267513e-05
-2.856103935029927752e-05
6.136030997164401018e-05
-1.182183996614087298e-04
9.110273753560360383e-05
-1.640966476895560093e-04
1.368196599643571598e-01
-6.228462504426787380e-03
-5.791172579876791363e-03
-2.840067040037182276e-04
1.152150041426932826e-04
-4.959924705211536189e-04
-6.890299205507498508e-04
-1.198173791440391571e-04
6.300705368581533544e-04
-1.354690379244664780e-04
3.896150293564902773e-05
4.113350121882356413e-04
1.532797868581467406e-03
9.747892273268389876e-04
6.714905077600280981e-04
5.503725778360799915e-05
-9.398567521103637704e-04
-4.569784768389285325e-05
3.675985139272037447e-05
1.767839698580756500e-04
-9.886723137049785622e-04
-6.038438196715858802e-04
4.641366711623446436e-05
-4.731672916645180901e-04
3.050744169806266903e-03
1.617422914839028621e-03
-1.412629556359803053e-04
-4.649991404428641638e-04
-1.781280836161559583e-03
-6.542908874692056256e-04
-4.578705597043428827e-05
3.256740362922149194e-04
1.244432509104862784e-02
7.584259458761367098e-04
2.112475507957313904e-04
-3.958124763500633313e-06
-1.363630762655265987e-03
1.002488151219307747e-04
5.824725243388773733e-05
-3.688611699701947700e-04
-5.572856668760848729e-04
1.558544226104962693e-04
-2.045229077271227473e-04
-1.502503665683791595e-04
-2.671952869227645598e-03
8.702703206886624478e-05
4.560973953745174755e-05
2.709575871905771415e-04
3.889042124127368972e-04
-1.518675507239801740e-04
7.210500590505967316e-05
-2.360716483540041891e-04
2.140744590991212112e-04
-2.508327479590661514e-06
2.573246834650172931e-04
-1.266724400443689814e-04
-1.947486284139300639e-04
-2.301299928285540481e-04
-4.078697671421073197e-04
9.690311656205631617e-05
-7.442308989417773749e-04
-9.164024995522743829e-05
6.003211142504547059e-05
-1.956188499021951942e-04
2.974078985293031607e-01
7.540586879127806090e-04
1.509366695959638276e-03
8.736764293540508902e-05
-1.605242647013209445e-04
2.309906616672737965e-04
-1.336695119935652442e-04
1.128054395354879095e-04
-9.351107910107385554e-05
1.287561100506938811e-05
-8.447087199867713242e-05
1.024246343761680043e-04
-2.285045583070897859e-03
-1.388940816347399585e-03
-1.350638339026902180e-03
-2.518118301188200427e-04
-1.193075004547344852e-04
1.920666410906560803e-04
7.327878415252731198e-04
5.729003784339233517e-05
-3.594984987084103218e-04
3.116924090867882855e-04
-1.065496061187204397e-04
6.078717502123729587e-05
-7.804129849902259608e-04
-1.812822173503466272e-04
-4.253101013093147568e-04
5.807747176750887837e-04
-5.818639227344542296e-04
-2.801003432689585376e-04
6.200496250609369142e-05
-1.094518441391912521e-04
3.870061748822323927e-02
2.135170975726049733e-02
2.176091598415419090e-02
1.030766094831116328e-06
-6.245010240242798152e-04
-6.483972078709358431e-04
-2.409451121195327382e-04
7.514575304270081416e-05
-2.302845269012405267e-04
-1.697876247574031119e-04
-3.666093310424183038e-04
-5.160012527318699490e-06
-4.828219996379146638e-03
-2.315122457940428820e-03
-2.373841513282223814e-03
-3.743629185131354148e-05
3.211965151920307933e-04
2.655064424160097944e-04
2.366137426070852735e-04
6.254073858652850612e-05
1.586995227125316196e-02
2.259602681561596698e-04
1.072428488485822456e-05
-2.041181980884124126e-04
5.376350971477433663e-04
1.188299538785558921e-04
1.046970463355515902e-05
-4.395304891780817645e-04
6.272770072449039276e-05
2.051834352672313871e-04
-1.974568667060596380e-04
-3.516105068513490075e-04
-1.123882307996057787e-03
-6.190538670971645202e-04
5.871017912886233045e-04
1.492425800896290337e-05
-6.482155254262578952e-04
-5.577459714192125467e-04
-1.222857212161424000e-03
-6.431377549075843660e-04
-5.907441491641744280e-04
4.886132060662950419e-04
-6.612406183119816979e-04
-4.737516500926308889e-05
3.675831128436181372e-02
2.114738318484009685e-02
-8.658430446394063586e-04
-5.788629590334397682e-04
-4.619170076119176634e-03
-2.431448718319512495e-03
1.312626563044246635e-05
4.535488954207143701e-04
1.236326603106977819e-02
-4.337423741274229255e-04
-2.437410987762166428e-03
-1.023392988954248276e-03
-3.832044293994967530e-04
-2.653303326787154496e-04
3.631202987838445958e-04
1.151806641264892814e-04
-4.870169909938698105e-04
-1.506057060617745026e-04
-2.732388992919966932e-04
3.106331128823825241e-04
