-3.526062024894244707e-04
5.870246019006885446e-02
3.191820903228908407e-02
-6.510315161316459348e-03
1.436384286056072712e-01
-1.579187103453046775e-02
-4.315044547576921824e-03
-4.967769280341040664e-03
-5.925753184822204339e-02
-1.955885203227060165e-01
-5.362658625823468750e-02
-1.245559880724162079e-02
-6.125036717614966084e-03
-6.444905622538413953e-03
-9.321065009903159795e-03
-4.186690893858593249e-02
-2.847205799490217237e-01
2.275368413543429197e-02
1.790497703966087775e-02
-1.000326317748312149e-04
2.139778861764527092e-04
-9.648435164063429853e-04
-1.791017598289151240e-04
-9.986341622061417004e-05
6.805971966459766452e-04
-2.907468325072092963e+00
1.121434049603196037e+00
-2.468591406202460814e-01
3.911873975430565586e+00
-2.245893254271961667e-02
-5.117134430900887633e-03
-2.981993603037772986e-03
-2.464749289681856387e-02
9.412417610283849712e-01
-4.658810244104869547e-01
8.890545897738037773e-02
-1.406795607477890231e+00
-4.872731942798922550e-02
-8.121310119184300957e-03
-9.629328818406515667e-03
-4.768907571822087604e-02
-3.347626220069915837e-02
-8.159161858667288159e-03
-3.400623746808484164e-03
-1.626704273498888551e-03
-2.611097266889659835e-03
-3.050016905277590749e-03
-8.179445178670861558e-03
-5.309511586514661236e-02
-2.334121428794746766e-01
8.748892923359613549e-02
-1.925941666543931965e-02
3.039306666522456624e-01
-2.397790837403552255e-01
-5.469122173957342153e-02
-4.679518042955292667e-02
-1.886419234870430894e-01
3.836067357161437208e+00
-1.471749498623394992e+00
3.187164444236638139e-01
-5.036487110864770855e+00
3.938140809815020571e+00
8.969928702636361662e-01
7.484422408600656107e-01
3.104652008487519765e+00
-3.825147791731166314e-02
-3.335082129233656739e-02
-2.659849993975411681e-03
5.059557188728922711e-02
-6.010503232175492747e-03
-4.596624334949605054e-03
-1.846187854739331918e-02
2.971288267690647689e-01
-5.584310097329601291e-03
-3.069489424065970605e-03
-1.362037171576443301e-02
2.349536349303399940e-01
-5.689432139615588531e-03
-1.094505769525584878e-02
-5.189484046608339174e-02
8.745187295607455003e-01
2.371888886803038068e-02
-4.288897099315409044e-03
3.853970617734144103e-05
-1.257470969515690881e-04
9.478471085383227863e-05
-1.692420066901941379e-04
-1.863004676886423458e-04
-5.828045144354903262e-04
-1.345259928223225598e+00
5.490191415704549494e-01
-1.188862105250744622e-01
1.856931436369528399e+00
-1.979259117327064957e-02
-3.594740213617776160e-03
-5.437083883023907140e-03
-2.739641531805841676e-02
4.856323227944494003e-01
-1.966383848668014356e-01
4.090244592420067687e-02
-6.395178978113422730e-01
-2.578024190953860997e-02
-2.909840868686734434e-03
-3.942310218255187446e-03
-2.210135505299408443e-02
-1.091715274617511139e-01
4.484659226364687973e-02
-9.019180558029969361e-03
1.413768889292618958e-01
1.742902836063539684e+00
-7.365906848987449074e-01
1.487973333753364602e-01
-2.320668445132756830e+00
-3.087425808370580088e-02
4.379354065416780732e-03
-3.829988292539792619e-03
7.661738886787704218e-04
-9.423068731081068235e-04
4.789087991194628793e-04
2.377996415334099681e-02
7.598467658965971441e-03
1.071103973163130413e-01
-2.911345288333457362e-02
1.045970657504135745e-02
-1.626933892993453201e-01
7.969070262144062073e-04
3.405045598562475074e-04
3.843137900321814439e-04
1.967931634325939885e-03
-7.671549814664309352e-02
6.766566448904284305e-03
-4.401795900896308955e-03
6.680139461408404755e-02
-1.054745118213734102e-03
-4.743841527365734873e-05
1.933930637816133017e-04
8.841413869993625324e-04
1.054839523791340807e-02
-3.620393454636518932e-03
9.252916662799296268e-04
-1.424266666086798812e-02
-1.585911234581471041e-01
5.685519908184771126e-02
-1.393866665819715883e-02
2.152106665335666580e-01
2.485600072104770668e-05
4.087109423591006249e-03
-1.598512576402034947e-05
4.179466138412762976e-04
-1.974275916708631001e-05
3.156853115652025763e-04
-9.752335878867533217e-04
8.778856992621782325e-04
-7.259951945303476650e-01
9.543992669303302812e-01
-1.646541960596913379e-01
2.543945492117876128e+00
1.284912760191194965e-03
2.955537677956497525e-04
2.139537673848467859e-03
1.133153394553696250e-02
-9.255310530585200146e-01
5.147512010433124452e+00
-4.716659813343978408e-02
7.647351789791556609e-01
-1.024049934601856809e-02
-1.680884117171314212e-03
-5.260978449003829481e-04
-8.554257745813776195e-03
2.668605029984537705e-02
5.234143339710881082e-02
-7.037652778558190284e-03
1.017306666805275484e-01
-4.120250554934378751e-01
-7.364232404705330914e-01
1.101288888970242824e-01
-1.579861333483289831e+00
-9.212214757843914395e-04
-6.438090237240532386e-03
6.933674251152474382e-04
2.555031515638344665e-03
-1.438671864080444656e-03
-2.890643417602492874e-04
8.220309652363958289e-03
-3.590192024452986807e-03
-1.045414773123675367e+00
1.929210936516529973e+00
-4.751776751183633268e-02
8.117047756052394591e-01
-2.392437595572648179e-02
-6.118980742430154239e-03
-5.088464765206395651e-03
-3.347627564270717199e-02
2.657699217090850663e+00
-3.504654157229303735e+00
2.068714676555571119e-01
-3.289021656970723573e+00
4.100173162099202823e-02
5.788129220846520255e-03
5.496748629814755122e-03
2.195863402139872425e-02
-3.104710778296035367e-02
-4.862100623947141625e-03
-1.087125333389021018e-03
-3.015676196643367075e-03
-2.647847777605380742e-03
-5.137560911414889957e-03
-9.015257777400403211e-03
-3.610593497011994890e-02
-1.146795016218654234e-01
1.719583196663018176e-01
-6.034381944697607587e-03
1.010946666669711030e-01
-2.255823134585186740e-01
-5.208762284006967364e-02
-6.057018778781168150e-02
-2.762561451877802998e-01
1.883291727120022241e+00
-2.796166759018166470e+00
9.985022222770550959e-02
-1.678535111133376168e+00
3.488084861793976366e+00
8.009909299732728138e-01
9.341623999220631802e-01
4.340791919241271835e+00
2.239604050509798328e-02
3.111840698115213300e-02
-2.168545503927983911e-02
2.735848530135194800e-01
9.127881214896544802e-04
3.888115185334032123e-03
-1.886364618830716280e-02
2.981486721904336168e-01
4.055466701803137931e-03
5.667108440974765945e-03
-2.133480473140605266e-02
3.446061072659845625e-01
-9.144217273708939902e-04
2.781753130870832924e-02
-1.714725964778811285e-01
2.772171549208136021e+00
1.128777487599838536e-02
4.730123612628663737e-02
-6.761180553114388807e-03
1.114213332916034055e-01
-9.656516277603306719e-02
4.922131129432199548e-01
-6.046104164617049220e-03
9.261644441337837930e-02
-3.028097924769745930e-01
-5.696518694832892332e-02
-6.684400927208863918e-02
-3.075188145403343065e-01
8.224375000340998845e-03
1.864340274239517301e-03
1.494496131100363050e-02
-1.865258056155458533e-01
-1.253182222332460127e-01
-2.190088883511350989e-02
-2.640239020921755220e-01
3.301515358385537446e+00
-9.972763069409329439e-02
-8.140867094453192454e-01
1.113928888444732090e-01
-1.848945777016741454e+00
1.662228069008966358e+00
-7.223416421523791264e+00
1.034537777451973312e-01
-1.589219555056152977e+00
4.525874950266723040e+00
8.530941605411556106e-01
9.956410533308033273e-01
4.665172950920418060e+00
-1.326568888924992418e-01
-3.307955549835126657e-02
-2.490206983626398474e-01
3.171947532621335331e+00
2.030421333481027713e+00
4.012088880244750189e-01
4.300626766154588054e+00
-5.461672443844910418e+01
3.014385958756264292e-02
-9.473272642177293576e-03
5.131158076780519689e-02
2.331630500317945220e-02
7.103697148605972456e-02
-1.024620727340860293e+00
3.247016682422076018e-03
-1.497615426251968935e-03
7.122026505315593239e-03
5.379876453615003648e-03
5.967049883939780190e-03
-5.397361656328438645e-02
6.617054412073286552e-04
-1.192561224375504256e-03
5.105251120537068060e-03
5.663219886421103771e-03
1.093022218438044132e-02
-1.153878170334686065e-01
-2.796364985785480123e-02
-1.330346013582582761e-02
1.727796308695982164e-02
1.487594711638598813e-02
1.876064238738918769e-02
1.007459536628250718e-01
-6.958881412987899528e-02
-6.496726512679619481e-02
3.934976565629384228e-03
-6.092643937677687249e-02
1.869524525661598463e-02
3.773751001069647511e-03
3.648678923570396193e-03
1.698338449754649426e-02
1.355506827880539333e+00
7.699861613729569454e-02
8.393710548469565658e-02
-9.573819637730609511e-01
2.847242399929709664e-02
-9.405161849430252255e-03
-1.311934650823470805e-04
-2.125901436101762867e-02
-1.307676511157887800e-01
-1.000018948606819780e-01
1.120452958585281371e-02
-4.856898538952527516e-02
8.502324070402776657e-02
-1.616129943167719102e-02
2.198650771736263779e-03
-6.789503015607263603e-02
1.667378459321199047e-01
-6.245547874158654048e-03
1.155820701051504633e-02
-1.467582815534070884e-01
-1.763783782985442583e+00
-7.414447044555579069e-02
-1.094310705851851973e-01
1.312931720639227917e+00
2.125013520041582338e-01
1.220101012684759040e-01
2.195272970263910731e-02
1.192541134989200981e-02
3.328773599905844593e-02
1.737491547129261030e-02
1.286466199386580300e-01
3.900771546308952342e-02
-5.786877088827317994e-01
1.108375746270118117e-01
-3.959739115961709299e-02
6.948033840081251356e-01
-1.264669629847494335e-02
1.368266043831635087e-05
-1.244103327380619234e-03
5.205599945699856956e-03
1.713676662512903237e-01
-7.074981355120300852e-02
1.367427239787233871e-02
-2.289852665830034439e-01
-4.729854584958344266e-03
-2.496981875621142981e-03
-1.820903339815071065e-03
-3.077197326130919758e-02
-3.202633782879212021e-02
1.410544337682690524e-02
-2.834098857881173390e-03
5.320857464051822333e-02
5.684947725268699736e-01
-2.470893322049123597e-01
4.814596208914441455e-02
-8.866106629748145007e-01
4.581967420371554217e-02
-1.753111585575206979e-02
5.995126110577048313e-03
-1.886696864745112528e-03
5.558618240966152826e-03
-2.106975289541694520e-03
1.607484595889289297e-02
-7.804057813531855257e-03
5.277051235229340165e+00
2.473104785132389932e-02
4.412680778102092694e-01
-4.786316681485980773e+00
1.512403242354440902e-01
-1.124598147181866611e-02
9.474487948038829918e-03
-3.924147502682062694e-02
-1.367775081848449981e+00
1.717691526485642273e+00
-7.943989501201678682e-02
1.226647866292017053e+00
3.444294236814174348e-02
3.393057167640972822e-03
2.839141362782703504e-03
1.504435623331686588e-02
-2.333630954981569944e-02
8.450898629329728351e-02
-8.780959056320749787e-03
1.526835475527202890e-01
5.232104323561449499e-01
-1.191521609637978596e+00
1.269546283883891402e-01
-2.240186851795199274e+00
-6.239999230631159549e-02
-3.230165858269645751e-02
-4.958442426759909934e-03
-2.120551022067130274e-03
-9.528589366183198850e-03
1.665568966482300307e-03
-2.888068930374770166e-02
2.623319310011420005e-02
-1.250469510306006615e+00
1.257648281416154923e+00
-7.390761300992165772e-02
9.626716397842871586e-01
3.003955375321422094e-01
-2.418445281131781713e-02
2.331689288157805934e-02
-4.063895706903457306e-03
1.468587636358327453e+00
-1.578007543557244707e+00
1.135577634418776932e-01
-1.710097913341751097e+00
2.166858210896767389e-02
9.886225412177712321e-03
5.794004435147765211e-03
3.488305735061250634e-02
-2.470100727184217776e-02
9.218898921644540223e-02
1.068312634108055858e-03
-2.204772105857471035e-02
5.332455103168343147e-01
-1.533130218794317212e+00
4.404277766666335296e-03
-4.786890328443238127e-03
1.190327292472598796e-02
7.600815838922034273e-02
-1.884431700079502612e-03
1.112506996826665567e-02
4.373390163907560704e-03
5.386074512598796118e-03
1.005378317546097924e-02
4.926288407997410834e-04
7.229214936650260048e-01
-5.291274255641466306e-02
5.681995154266814008e-02
-6.970444287865383837e-01
-1.943745903996157709e-01
1.761059037911253400e-01
-1.295437942055976607e-02
1.997282950507672794e-01
9.019380777573474811e-03
3.710129955584238418e-03
-1.137571682456972183e-01
-4.486230618347791105e-02
-8.919516972997673321e+00
7.391722889636931360e-01
-7.052871489848019371e-01
8.626422139406738410e+00
2.714762289952062702e+00
-2.675571831637287179e+00
1.735275975523580816e-01
-2.754372294207259042e+00
-1.451669267725645696e-01
-5.322000825938395796e-02
1.853654093222947274e+00
6.469486286433981936e-01
3.344765028178583455e-01
2.027962718888711158e-01
-7.935546383502455406e-03
-2.143360037493291168e-02
-7.327374561306135292e-02
-4.277692436274607712e-02
1.952111035770581760e-02
1.431311101680183412e-02
3.253871534479056259e-03
3.949324202305566980e-03
1.024646567178212099e-02
2.814249787831704392e-03
-1.887995884799767432e-01
-7.628122933737835343e-02
4.281046946734938519e-02
4.287450414715728020e-02
4.364751679647711491e-01
-8.712005077057712044e-02
2.977302205009304051e-02
-4.560986779871101793e-01
-2.030824316419560169e-02
-4.479298255661909658e-03
-4.598554578375277715e-03
-2.048689210705456620e-02
-1.396899103813766529e-01
5.874600542384404017e-02
-1.344000274551814152e-02
1.983163470450697019e-01
8.320469903981763619e-04
9.128800056168932635e-04
1.263496097286252425e-03
9.932817080847573463e-03
3.518635229674316883e-02
-1.112649386001473249e-02
3.014281374891804831e-03
-4.659861218682138928e-02
-5.213011332433330480e-01
1.656561291964443461e-01
-4.597536841963933973e-02
7.083551347323661096e-01
1.764060269166808437e-03
1.256345275965750456e-02
-9.446799004091181685e-04
1.385411170275100898e-03
-1.410961428608607880e-04
1.009769325526927450e-03
-9.573406927438089450e-03
1.243545460635814108e-02
-3.316048896925061218e-02
1.441029380187954567e+00
-2.017776416354279470e-02
9.455394437814595987e-02
-1.330199537967762247e-01
1.307530171062444742e-02
-4.257017037216223251e-03
5.943749357859220289e-02
-9.595491075013617976e-01
9.711830720358995972e-01
-4.658733869657082083e-02
8.883866526375268080e-01
7.310125826942161231e-02
7.440567045324681869e-03
6.426283605503786515e-03
1.318436925371628207e-04
5.516974114273742041e-02
1.449713071667154685e-01
7.452843487849530966e-04
-5.182528165213377315e-03
-6.908483727152597842e-01
-2.191259133605794052e+00
-1.577447891142127676e-02
1.434131129972066043e-01
-3.591297270798659430e-02
4.689435209822425538e-02
-3.460132157789898646e-03
9.061591228922446020e-03
-8.960145154059744000e-04
9.293830142275057507e-03
4.924784107333635662e-03
1.782681743043209796e-02
-3.501817962665478845e-01
-4.212677635672159582e-01
-3.373408588283345610e-02
3.591779824817251110e-01
-5.076761002819404900e-02
1.101850245559200976e-02
-3.256079052240352500e-03
2.493635125437434347e-02
1.837125191555395665e+00
-1.026424522963153452e+00
1.496720854434727688e-01
-2.333649314051821744e+00
-6.330359406623123353e-02
-8.742532656136687425e-03
-9.056931602888928720e-03
-1.545119308778254187e-02
-3.419198026252737426e-03
-5.504451385110207401e-02
8.180914444101879688e-04
-1.807250730268252989e-02
7.498709624351417025e-02
8.299560997411257190e-01
-7.632141644021840469e-03
1.725034923952999677e-01
4.837162078937609633e-02
-1.415639968769863248e-02
5.788863925183310166e-03
-4.874456689153066312e-03
3.071048631366313231e-03
-3.236162252310761586e-03
-2.118451459888544709e-03
-1.496532735301234901e-03
7.624727832135472054e-03
1.223981144721316833e-01
-1.032260478653985493e-03
6.008704234537154583e-03
-9.138469719648437128e-02
7.551797266449757073e-02
-4.715592581803232548e-03
8.241961461583735549e-02
5.694276642557737772e-03
1.235607451267454679e-02
-6.973050290883249513e-02
-1.906980653407658599e-01
-5.549239858671031200e-01
-1.802427544792355896e+00
-1.696659418395405836e-02
3.293562745955525561e-01
1.399938010379826014e+00
-1.309852566725182133e+00
7.166030164725240015e-02
-1.283962406172511228e+00
-8.062119599090450395e-02
-1.862768420402775571e-01
9.360270327278191749e-01
2.869633962469773092e+00
-1.728963369597502076e-01
-7.116841865501613573e-02
-2.949485589356782775e-02
-2.345687145398693899e-02
-1.199240507303200691e-02
-6.370552976132626798e-03
-5.113879530945592174e-03
-7.275445873720506711e-03
-2.129798171635569753e-02
-1.398722626622167335e-02
-6.690166544164964819e-03
-6.074143965088350978e-03
4.866583061193365672e-02
-1.016807396851900427e-02
-5.050055869297620514e-02
-1.899833406081126788e-02
7.222172767779773406e-02
5.756717840108593887e-01
4.511803698609243019e-02
-7.725406696009854413e-01
-1.725062296420283798e-03
-2.287541812248863795e-03
-1.945303874141230543e-03
-1.474569049866491371e-02
3.833600243901822413e-01
-3.326908444985827717e-01
1.738882528302308425e-02
-2.538288923334712788e-01
-1.825807355195559895e-02
-5.381636847774679856e-03
-4.530139070873765057e-03
-2.401345792690593589e-02
-1.655649764123511003e-02
4.305428491592733914e-02
9.814641976999918284e-04
-1.999247527803817842e-02
2.289668767969988139e-01
-7.922095624810768788e-01
-2.229938194769649079e-02
4.293515430394825305e-01
2.250320704999276417e-02
-2.156158327373029759e-02
3.334706800949516561e-03
-1.360152625163712787e-03
2.629169923145502959e-03
-1.011364410531051918e-03
1.847690732580107437e-02
-3.295157546418211840e-03
-8.188423291109212521e-01
-1.577426688111253361e-01
-6.869788185384174961e-02
1.242401603582778069e+00
7.290025334530193801e-03
1.622777043775993624e-03
-2.820723460569657631e-04
7.531828563891043195e-03
5.785612279259679802e+00
-2.115645796518675681e+00
5.397286519146671235e-01
-7.984576978683639581e+00
2.168870234434494212e-03
2.401629546193587497e-03
3.308715039116684985e-03
2.937056556099111246e-02
-6.269434097557843866e-02
-1.974270062145030286e-02
-4.966675227885523208e-03
9.143903077766510346e-02
9.504975305395321206e-01
3.236517492019152509e-01
7.798193215516951993e-02
-1.437159989822889061e+00
-2.475533215949638974e-02
1.602183695723137513e-02
-1.158176316360861680e-03
1.627896484406579939e-03
-1.329441340628681077e-03
9.877999222883356890e-04
-1.268932395096963005e-02
1.382537942751684186e-02
-2.704158155234803046e-02
6.317274165561723165e-02
1.808263865770777610e-03
-3.081642279541148277e-02
5.736265059816179207e-02
-3.967131918374813826e-02
3.122088940232338461e-03
-5.270954628844903844e-02
-3.047885661702711031e-03
4.856856408008066242e-03
5.121294839419676670e-02
-8.673107570870479399e-02
3.792369272322703710e-01
-9.506980055663314388e-01
-3.449870481616677809e-02
5.719815304446058679e-01
-7.950163037519044629e-01
5.639348919898141688e-01
-4.214680911050250334e-02
6.941986443411725105e-01
4.945433079473295773e-02
-7.364180727730955389e-02
-8.478516870882173428e-01
1.336277550128125213e+00
-5.263380059933334132e-02
2.460981163882778808e-02
1.191755979017081711e-02
6.300653076635898825e-03
-6.887065603987473257e-03
3.017128714755618838e-03
5.713347883909603600e-05
3.399942953973347239e-04
-6.672858669695621268e-03
3.839337954740032650e-03
6.979829051346987320e-04
-7.687816590837166436e-06
-3.005440962765638588e-02
2.565414959395457759e-02
-4.510374352896567157e-03
1.003192188865704819e-02
-8.554188944644018910e-01
1.984444355491486434e+01
-2.529483615417928988e-01
3.349659917464607339e+00
-3.817809674696293325e-03
6.082422399016812302e-03
-5.168402327722295157e-05
-1.147752659755852007e-02
5.988931061587889104e+01
-3.996668492133476747e+01
5.302175439342111218e+00
-8.023407521978386114e+01
-4.770977749254304984e-02
-5.252136011950994145e-03
-4.897021719166129959e-03
8.785449689353144525e-04
6.204861994201249509e-02
2.260056476131047543e+00
-8.870995098054784353e-03
1.462741894634702056e-01
-1.206469074591244084e+00
-2.797976006105803393e+01
1.505091255410418993e-01
-2.482269838279652419e+00
3.815840417054854744e-02
-5.000572950547608336e-02
5.748624123122424504e-03
-1.240231734141313165e-02
3.017488895929159014e-03
-1.307036893377450451e-02
6.493025229163236489e-03
-4.177155312548414684e-02
1.668368531396134813e+01
-2.356185038388909803e+01
1.660073835051393054e+00
-2.281653645616822956e+01
-3.825250775236998385e-02
-2.046423812219664261e-03
-6.553357415692049465e-03
-2.974890040560894747e-02
-8.598234465565707296e+01
3.722482507481122838e+01
-7.742984925564472043e+00
1.148945394724103437e+02
-1.071329886352782701e+01
-2.017354746510691132e+00
-1.717862680296008637e+00
-8.179591031826198844e+00
1.331967291685591803e+00
-2.166956998900048337e+00
1.320860285620912566e-01
-1.847171234236434589e+00
-2.115264657391887582e+01
3.154331282615897081e+01
-2.143154897627567390e+00
2.953289175799084632e+01
3.439540728566795047e-02
-3.329909471726156145e+00
-7.402122853295001192e-04
-6.233316286661946259e-01
-2.291335385175554459e-03
-7.250887431641319658e-01
-1.533595353308271104e-02
-3.415065499772074631e+00
1.312092983906501809e-01
1.487293685099658314e+00
7.181770353327187467e-03
-1.319946272339122539e-01
4.857448747381761578e+00
-3.251537129542287463e+00
4.244180505184551588e-01
-6.462525389456361680e+00
8.181112302723348925e-03
1.751383090083284966e-01
-1.339251295942009701e-01
-2.180594837930398988e+00
-2.308925834231725815e+00
-2.585933638978222149e+01
-1.041485143026952415e-01
1.947713407490432092e+00
-7.788083331315947078e+01
5.236485376742630393e+01
-6.858697143505872340e+00
1.036071265725299639e+02
-1.301694410805815105e-01
-3.028859253458356271e+00
2.143619706261368218e+00
3.762062096277173140e+01
5.500461505840273380e-02
4.938051581002035617e-02
2.924405748654156090e-02
-2.958888343520332587e+00
1.390217415423374969e-03
5.830624744547090177e-03
1.139303958658527139e-04
-6.728497603280815254e-01
6.448826407962437654e-03
9.199228931045461480e-04
3.054158218002973272e-03
-5.581376992281948946e-01
1.030964903461332148e-02
-2.242885428415690094e-02
1.807114282769098010e-02
-2.353237569456410050e+00
6.583106960292673193e+01
-4.523951144576084005e+01
4.767346704795232704e+00
-8.442453305127105523e+01
-2.371158603822329583e-02
3.299467332919096309e-03
-1.679954791925908743e-03
-6.312443860722245260e-03
-6.754170149703999471e+01
3.563643344467526930e+01
-5.608690747283755051e+00
8.758348251586508582e+01
-3.633830744563599779e+00
-5.442809968623858463e-01
-4.146481039951037673e-01
-2.774836501751545836e-01
5.486053374479110012e+00
-4.020866445792196764e+00
4.040743890770720492e-01
-7.098549824471960257e+00
-8.729923998176082023e+01
6.115559739167302666e+01
-6.350745635266310529e+00
1.126164738566008907e+02
-5.412189366205023139e-02
-2.552697369677811690e+00
-5.305391209182327289e-03
-5.841179173639993172e-01
-2.718882994153820620e-03
-6.856446463733423258e-01
1.982502409820209935e-02
-3.219700722767619538e+00
-4.446478184002616985e+01
2.794299683236194198e+01
-3.668126569504603918e+00
5.713806233198735640e+01
-3.532090495097370386e+00
-4.753540081689718866e-01
-4.528603334213952003e-01
-8.184908742345438082e-01
4.960482624724228629e+01
-2.160349236389448535e+01
4.285500947109565750e+00
-6.480628541088438510e+01
7.216330706018540653e+00
1.304488567570015745e+00
1.051375821476803196e+00
3.861047880609808747e+00
-3.706109019260296344e-01
-6.916771066003318813e-02
-1.582257300391113827e-02
-9.365322039954647806e-03
-4.065850630056367515e-03
-3.683468990563312003e-03
-1.113437321034432131e-02
-5.652006821332219988e-02
-3.727737773652048503e+00
2.431558259407696543e+00
-3.100684825635903752e-01
4.818090362526307402e+00
-2.921922372841579962e-01
-3.864014271826374247e-02
-3.691814627776628804e-02
-6.521126393374959695e-02
5.895088257409361177e+01
-3.750333333873008712e+01
4.875861224738124555e+00
-7.608386901731196872e+01
4.654358023369228547e+00
6.229267590202675065e-01
5.961930981139621499e-01
1.096102456002620240e+00
-1.343801637597824783e+00
2.974841276030729009e+00
-1.296316333027772993e-01
1.792081438977523478e+00
-2.284944065771048471e-01
5.976573767155364258e-01
-2.071146783545399148e-02
3.025230985197879807e-01
-3.643177837972904620e-01
7.391687547609859799e-01
-3.233484270246974462e-02
4.882986767901095204e-01
-1.265205818559711259e+00
3.245813268190119061e+00
-1.147822731151292019e-01
1.717746709788207538e+00
5.082159934899409315e+00
-3.506282417220216274e+00
3.586480853157120730e-01
-6.443280672672503151e+00
-5.414427722097457263e+00
2.843275669035987274e+00
-4.482283006877693099e-01
6.992539655035320045e+00
-3.102423886570258582e-01
-4.484055609537612730e-02
-3.370771687538681727e-02
-8.151726134675994079e-03
4.266205341296135378e-01
-3.129628509405894543e-01
3.091763921410492846e-02
-5.477547657993431240e-01
-6.806104691585512789e+00
4.768785299525884369e+00
-4.855913261756026333e-01
8.702742868423550604e+00
-8.711019287089035856e+01
6.092263620166924909e+01
-6.234780960424055607e+00
1.108359548949523941e+02
8.989050603113952320e+01
-4.765084412638067590e+01
7.440806726294437290e+00
-1.162283856144123604e+02
4.946062440879755329e+00
7.360506077913090417e-01
5.618306635970947704e-01
3.496093847396045673e-01
-7.329962117733329841e+00
5.433160497798686706e+00
-5.363062303017231969e-01
9.426021055704133289e+00
1.167500610291487675e+02
-8.276774826296046683e+01
8.430175431801831820e+00
-1.495757404990672228e+02
-8.175688603854987030e-05
-2.840988058742205946e-01
-3.359823062296015461e+00
2.638240739683772151e+00
-3.024814292680252370e-01
4.519219563060906886e+00
1.060346773631950547e-02
-2.381132611671875898e-01
-8.223474005858975033e-01
7.103844184943062245e-01
-7.036956395738518111e-02
1.103486282312230005e+00
3.282652331670168813e-03
-2.697134360588085977e-01
-8.337375638721673532e-01
6.912647754334944050e-01
-6.958481545213045238e-02
1.105440070781165796e+00
5.804877427361515574e-02
-2.121393179817343988e+00
-4.311080660069069204e+00
3.613068147181757617e+00
-3.567499574504043869e-01
5.739164016807240642e+00
-2.191962236784290308e-01
1.751531436342789183e+00
-2.059820084220400499e-02
2.736124338598601158e-01
5.737793660608992319e+00
-3.618441151999526983e+00
4.972488501173915054e-01
-7.625632388808913475e+00
4.677041097810938873e-03
1.945999776017714455e-01
-9.863669233878064047e-02
-2.411826922213179625e+00
2.136611478675299214e+00
-2.334196793124643676e+00
1.930802883145178728e-01
-2.843081872519368503e+00
-8.169802212688907161e+00
3.505091876211935631e+00
-7.236417783825365158e-01
1.086197782679956703e+01
-1.009016318200741891e+00
-1.938820279297959470e-01
-1.581761443814828638e-01
-7.433536695814625395e-01
1.610198435627993585e-01
-2.081839167690937575e-01
1.455409702361602775e-02
-2.169530966188189525e-01
-2.666627583941543644e+00
3.089268104653250635e+00
-2.444774799669172105e-01
3.602976759219307379e+00
-7.575503392246571085e-03
1.309765927899657345e-01
4.630989624689478279e-01
-2.917408612286224723e-01
3.970835143737659612e-02
-6.124959409421200096e-01
8.721795339859136909e-02
-2.334739590279692578e+00
-7.511194074260726161e+00
4.756356607169060169e+00
-6.475267404641981139e-01
9.928200243521404289e+00
2.643308074400496643e+00
-2.897787260885950289e+01
2.872585680039184686e-01
-3.861854159567934541e+00
-8.340157672799421107e+01
5.570861488142880802e+01
-7.303835644349925715e+00
1.108916123324409284e+02
-8.873361091070888773e-02
-3.161489718019181439e+00
1.810960526877561039e+00
3.980257369740880335e+01
-2.605706445917753555e+01
3.428789229828933571e+01
-2.467550178458614241e+00
3.467270526111429518e+01
1.170505882748020525e+02
-5.103028623093121752e+01
1.048430389559002229e+01
-1.559990272539861849e+02
1.471224487202374576e+01
2.790707938726496806e+00
2.351711000034168997e+00
1.115791181838677204e+01
-1.988851906405792125e+00
3.076968840312306774e+00
-1.894401302641913754e-01
2.689233083249990219e+00
3.213083639145907711e+01
-4.542546284889947117e+01
3.110977452375403018e+00
-4.358921928597675333e+01
1.150077237845787276e-01
-2.236526278494813891e+00
-6.805641942646469822e+00
4.547903451075900882e+00
-5.881408270339759659e-01
8.995729705288329825e+00
-1.321351752132043478e+00
3.871844996742245115e+01
1.093969833637458038e+02
-7.338413951627128995e+01
9.523064174466336240e+00
-1.445525608934744355e+02
-1.109524340827008210e-01
-7.228191797111696570e-02
-9.996892921490379072e-03
-3.186353521880751910e-02
4.213772408963210869e-02
6.376174947679430494e-01
-1.220559560294100443e+01
4.795322756631815508e+00
-1.141922863051080483e+00
1.669912438555719802e+01
1.913595318468825496e-02
1.300354689248026455e-02
4.594021863130651044e-04
-2.182732973978470381e-01
2.512678975035318937e-03
8.639613530641023290e-03
-2.191083168721397190e+00
9.721908347238745751e-01
-2.148970451385344427e-01
3.038134562693868279e+00
-2.762496434322899395e-03
1.716645371022645049e-03
-3.732385804144585403e-04
-1.767807327166953657e-01
3.150033593515413465e-03
5.917073081292225506e-02
-1.945228219488139842e+00
8.808765990528695244e-01
-1.872547037104232703e-01
2.683488469624082828e+00
6.391562584755816623e-02
3.064098798943434496e-02
4.670193096786992570e-02
-6.592923462349105090e-01
2.793861120905899789e-02
-2.090703123475237124e-01
-7.960387548666891355e+00
3.417184369909869179e+00
-7.724947144423595091e-01
1.106167765652268287e+01
