5.119999999999067354e-04
1.496075000000001154e-01
-1.167500000000411508e-04
3.416460971322390905e-02
-4.182805406798546510e-01
4.885000000000112776e-04
3.750000000009250965e-06
1.461870000000001502e-01
2.999999999986332014e-05
-1.800000000004820341e-05
-2.072499999999563569e-04
5.701002450681440887e-04
-9.745086609369442085e-03
1.750000000004989887e-05
-2.324999999998219807e-05
-5.350000000010296470e-05
-2.672500000000391034e-04
3.217500000000075768e-04
1.012500000000932291e-05
-1.900000000001699930e-05
2.550000000000369964e-05
-3.600000000000820697e-05
-5.000000000486345975e-07
9.699999999988834036e-05
3.459999999998916416e-04
-3.999999999989163049e-05
-8.174999999981479959e-05
-2.534999999999604627e-04
-2.699999999992508401e-05
1.245000000000049507e-04
1.613749999998835354e-04
2.133203436692664634e-04
-4.458856780224075209e-03
1.562033854385739022e-03
9.300261404053514918e-05
-9.260141922593724539e-02
-4.004869577287678561e-02
1.297807807388983922e-02
8.945594265705007764e-03
2.215857775512380598e-02
9.813620385772715317e-04
-4.291087763474264564e-03
-1.508975456174721985e-04
-4.909021666055105731e-02
-1.279973618138612219e-02
-7.946803830627876056e-03
-3.158606919901218134e-03
3.724362443601687139e-02
2.642017397943966991e-02
-1.622760431999709010e-03
-1.303991889509622647e-03
-1.290126491969832874e-03
-2.099249873759595627e-04
4.025175036083876261e-05
3.464148874226871135e-05
-1.028119846333459299e-02
-7.159778318459951441e-03
8.761658804861362422e-05
9.924084017804077882e-05
-6.330416013980984073e-03
-3.788054676303212985e-03
-3.867290170870184762e-04
-2.424643196838515899e-04
-9.273429663255594244e-03
-2.299413208730798422e-04
-3.239064838966941974e-04
-4.710797768709111820e-05
5.805251788441788624e-04
2.643732453056686659e-04
-1.402603442493928422e-04
-2.427551552940744638e-05
2.934078300036204335e-03
-2.818772671851401974e-03
5.215955799792119235e-04
2.570404699947313309e-04
-2.129902289506665960e-03
-1.247970938714486290e-03
3.607365608170474882e-04
2.814169010211305388e-01
-1.544198214461438507e-03
-5.261669333585347781e-03
6.091048527410962291e-04
7.415805825874237193e-03
-1.939656296459891247e-03
2.973047678931842967e-03
-9.201778915309459170e-03
-1.157702028770414421e-01
-2.763379104201918197e-03
1.957953889894913438e-02
