5.035000000022133316e-04
1.428738333331628918e-01
2.797750000072594164e-03
-3.659166666811235940e-04
7.589333333558893370e-03
1.453202130264347747e-01
-7.143871331150356691e-03
1.360621974202956726e-02
2.397249248507424269e-02
4.531666666064032871e-04
3.083333356900166967e-06
-2.500000051974071762e-07
3.733333341246092583e-05
1.641773333337022411e-01
-1.517116666660816085e-02
1.707333333348125259e-03
-2.716800000022297559e-02
-1.725300000003543444e-02
1.057658333325592163e-02
-1.583333333330505261e-03
2.478399999993669348e-02
-2.614735800543177731e-03
1.483403214383168228e-03
3.715207436237008180e-05
-6.816649682569416065e-03
-1.991666666495935979e-04
-5.528333333225957319e-04
7.799685817800419176e-03
-1.255360913624248564e-01
3.391999999729253517e-03
8.730666666497176667e-03
-1.103294021818020526e-01
1.773999233300710632e+00
2.675000000178493257e-04
-9.808333334283089353e-05
1.591666666795637887e-05
-3.146666666926292840e-04
-2.225933333323041122e-02
2.465350000012318105e-02
-1.246666666719363807e-04
6.048000000082536833e-03
6.173999999957830408e-03
-9.051583333386419364e-03
-2.323333333307944304e-04
1.786666666630295358e-03
-1.344666666652865076e-03
1.711250000008552935e-03
2.231466666644974645e-02
-2.886933333346386812e-02
1.021333333322270746e-03
-1.082499999919115394e-03
-1.533333333559461429e-05
3.093333333797844051e-04
-1.271500000014107483e-03
8.066666666428234543e-04
-5.241666666713116162e-05
9.280000000076066595e-04
1.021666666690983140e-04
-1.111666666615549116e-04
-1.696000000031890314e-03
1.621333333247007005e-03
4.272666666269198284e-03
-6.090350000004531028e-02
9.099999999961830950e-05
-5.514666666668281009e-03
1.842250000007318589e-02
2.516966666641237693e-02
-3.415833333197550560e-04
4.671999999803931949e-03
-9.523333333507550715e-04
-3.370249999996364869e-03
1.654400000025473341e-02
5.220266666661524391e-02
1.233683333340928126e-02
3.871833333317585557e-02
2.920833333375754261e-04
-2.752000000069162230e-03
4.253999999951302811e-03
-4.587908208634702313e-03
1.551083333321013778e-03
-2.404533333314427118e-02
3.359687737343844405e-02
9.260040451857050672e-03
8.764244612224809938e-03
5.206265353443687016e-02
1.382249999995692263e-03
2.613666666653553707e-03
-8.570341440807090899e-03
1.332601262034432410e-01
-2.126933333325022046e-02
-4.142133333310946824e-02
1.269628405908023172e-01
-1.961862177827002451e+00
9.769999999821692149e-04
-1.542416666673167422e-03
1.263916666654405635e-03
6.813333333178653913e-04
6.872970684962876296e-03
-1.047147628085399462e-01
-1.594666666638572608e-02
2.594133333344206954e-02
-2.118399999980310339e-02
-1.026399999976304080e-02
-1.131335792146602043e-01
1.753999718020332832e+00
-4.182606386632686975e-03
1.793456235920892110e-03
-3.181606378011031131e-04
5.350790041995760402e-03
-6.542626882679629663e-01
1.826532065544295147e-01
-6.724172486180250707e-02
8.374945973283738354e-01
6.675334576842693879e-02
-3.136110681745409717e-02
8.439493660595185492e-03
-1.126072271378634054e-01
3.709704349779878972e-03
8.555169882485381917e-04
-4.977214235279236315e-02
-8.084708891511537682e-03
1.775559010303740675e-04
1.357498241963812739e-02
-1.153966764476096118e-03
1.729530018334106065e-02
2.280081596535893720e-02
-1.383187144555513524e-02
2.236044781230319117e-03
-3.460858918046451349e-02
-5.448444361328324886e-05
5.534837477258401335e-04
9.010130507075983508e-03
-9.087592756559979834e-03
6.283503552080171861e-01
2.691001754456353035e-01
2.579561997491214634e-02
-2.807851957438657897e-01
-1.778453089068151305e-01
5.164915215570404367e-03
-1.074289933482789998e-02
1.374637124930172816e-01
-2.282343831637610385e-03
-2.670453800338154406e-03
1.244329655277943633e-02
3.734339742943828394e-02
3.173279444296381868e-01
-2.790265311605921172e-01
4.779858980721794770e-02
-6.031899015386016361e-01
-4.342787417426675206e-02
1.432684426051125670e-02
-5.554984448234769404e-03
7.218472000603323724e-02
3.177619878534075799e-03
6.444606255329968399e-04
-5.697106079343112334e-02
-9.400144593275322133e-03
5.073683716770141516e-02
3.986391775831499285e-02
-8.688134567978117798e-03
-4.441043182582107840e-03
-6.368648712720718086e-01
-5.081101030236554461e-01
1.093145697275036549e-01
5.626331776549182984e-02
-1.826302665841747323e-03
-1.009770157790501046e-03
-1.026104807579280507e-04
1.297987649701997943e-03
1.187370679393598590e-02
-4.436083893801288577e-03
8.973151085925841269e-04
-1.506788265256164654e-02
-1.867699019025303612e-05
-1.261308882942059465e-04
9.135549102682722321e-04
1.675642834483980588e-03
-7.312879572438676923e-02
1.038199055592362169e-01
-7.680486832809577634e-03
1.054160165128855547e-01
-2.217606865378451975e-02
4.095256532116512554e-03
1.553289287540327935e-03
-2.152203069654672063e-02
5.576380356791779853e-04
2.505663071986382988e-03
-1.198046120872233757e-02
-4.315992238541881132e-02
7.911531608987184758e-03
-2.074141321580458969e-02
-3.134310020891964660e-04
-3.579629835427787683e-03
1.572250888621850098e-02
-9.809082006410663884e-03
4.379353954298727388e-04
-3.903385163018190628e-03
3.553392612930150914e-04
-8.637732940823325133e-05
-2.262069743425815065e-03
5.880368051105867118e-04
-1.076446000269074910e-03
3.681027297708220833e-03
-2.510783019362862814e-03
2.107231319647324009e-03
1.100097479698202568e-02
-5.488524370803962021e-02
4.351177345579865935e-02
-3.356196469202731708e-02
5.348746439034481222e-03
-1.002052237578328168e-02
4.404109794999344152e-04
-6.835451494346736490e-03
4.675577218647368320e-04
-8.891415631818999632e-03
-3.054053994263846073e-05
-1.003382147920000179e-03
6.414876639698873645e-04
6.668309113728880836e-05
-1.174030609134808084e-02
-1.976292507352886866e-05
-2.461587561751753597e-02
5.893049236348518911e-03
-9.825796425149441616e-04
1.506500210963521158e-02
-2.693655411481505821e-02
-4.637642429998353744e-02
-2.595991349734402213e-03
4.264317316366633692e-02
-1.557169103009942114e-03
-4.479234835630394783e-05
2.259572528224510629e-02
1.969848803464138709e-03
-1.745168358454096170e-04
-6.965240206992711963e-04
2.841152473654727094e-04
-6.582442902580302796e-04
2.174479845755986941e-03
9.608406820605281534e-03
-4.467010314317288767e-03
1.128778807589489105e-02
-3.911078715354916746e-02
-1.244240177943650022e-01
-1.605283432387102785e-03
-8.337578334296691027e-03
3.749826469706302179e-02
1.006157695962166976e+00
-2.187516469569427205e-03
3.378118659026317638e-02
-8.537241532740574412e-04
-2.377280753755188318e-03
1.838689880761646897e-02
3.968742187139421423e-02
2.282663216313609439e-02
9.412215387725374471e-01
2.463422993843831718e-03
-3.391423977203180534e-02
2.578522791553958804e+00
-1.551154641833527581e+00
2.547051933450378280e-01
-3.619666381937334254e+00
1.501357716645116769e-03
8.539229838091901004e-02
-2.285905759945035948e-02
-1.332724594400378937e+00
1.236400156274907640e-03
2.282162363364549727e-03
1.589211592626042302e-03
8.386549447909223687e-02
-1.865368351691660750e-02
-3.539108051821131251e-02
-2.667991201474772048e-02
-1.346916281290531314e+00
-1.138551034585277288e-01
-9.820851344485840295e-01
-1.017256493969465395e-02
1.306674866200942531e-01
2.121165952449921219e-02
-4.302909167342217067e-03
5.952694330195226757e-03
-1.061436911109967102e-01
-7.389784361782430989e-04
-9.262794639497946847e-02
9.031740539425736625e-03
1.428503578977313060e+00
1.018891521248558529e+00
-2.892995902707085065e-01
8.318056498399625798e-02
-1.346856191946949499e+00
-1.488226105494315332e+00
6.683595344838182406e-01
-1.378985728615542694e-01
2.067604876229951927e+00
-3.876948949007948120e-02
-2.526481523067309123e-02
-1.128532205652632743e-02
-3.642154379304918949e-02
8.931984850218323280e-02
-2.791141651483868349e-02
7.462665888105862559e-03
-1.203038010814607844e-01
-1.382016522448345830e+00
4.163794976414744164e-01
-1.147492082161479104e-01
1.859343942691690676e+00
-2.624953776452222578e-03
-9.927385651875016148e-02
-9.722017094264677126e-03
8.604367313894654978e-03
-5.640363683925948227e-04
7.870531990197387681e-03
4.448897948445443284e-02
1.457940627706749925e+00
-5.164058433678377080e-03
-1.159489991230639068e-02
-4.680592738742292078e-03
8.945899608185281515e-02
-5.429322568308431012e-03
-1.149592831402567426e-02
2.850764246451070478e-03
9.199080252085665987e-02
-1.044558503930623260e-03
7.472069123822853987e-02
2.597917723412393465e-01
-1.387225991297065530e-01
2.682279599326519576e-02
-3.674708029137743748e-01
7.160980277890029166e-02
1.545710043806502454e-01
-4.711988829609686791e-02
-1.294205799273968394e+00
1.509554246242917480e-02
-1.263405613165736963e+00
-3.635187973962649366e+00
2.136625450857210673e+00
-3.621816972327442929e-01
5.092141550831945196e+00
