1.790366446482789808e-02
7.249269579867649582e-02
-5.174475572217694663e-02
-2.175723234913084711e-02
7.508671297765681651e-02
-1.208812307693751852e-03
-2.143061538457843830e-04
-1.138186153846211610e-03
-5.466972307693103265e-03
1.581658151565495593e-02
-1.018917920343618069e-02
-4.941294624799486175e-03
-1.953503211760612614e-03
-2.528481281966571577e-03
-3.237101785116534760e-03
-7.744939737003764604e-03
-1.455375870148629611e-02
1.625479167230439448e-01
-3.214874308439227141e-02
2.275656232978827756e-02
2.333044214300819194e-02
-5.532307691898733728e-06
-4.060615384573630486e-05
6.073846153503995831e-06
1.222276923065613967e-04
1.450305428261848273e-01
-6.472317282645905813e-03
5.732156939912071841e-02
4.436038249406153849e-02
-7.044799999983143409e-04
-8.048199999991815720e-04
-3.392599999999257603e-04
-2.120560000001311951e-03
-2.308986539689826811e-01
-8.436008713431466730e-03
1.253484723315678034e-02
5.274015455617880876e-02
-3.223252307694182868e-03
-1.047216153846631734e-03
-1.352216153845470052e-03
-2.187252307691389935e-03
-1.074031790206104791e-03
-8.262747847783027781e-04
-1.523503809095490529e-03
-4.551305539037426304e-04
-1.143037896674447326e-03
-1.156772695870193421e-03
-1.171300160317594171e-03
-3.217916474116178094e-03
-2.620897354161305648e-01
4.978328943192407430e-02
-4.073377777778941500e-02
-3.423600000000334015e-02
-9.129373153637652602e-03
-1.041991765399357533e-02
-8.123168414491553982e-03
-4.301940981053702442e-03
1.086632217220207947e-01
1.323806221874562587e-02
-5.271822222223428167e-02
-4.937600000000581107e-02
-1.153361892958871746e-02
-1.384638491736745955e-02
-7.345985377716231744e-03
-1.669168065155792954e-02
-2.971575384614015720e-03
-2.181633846153608215e-03
1.256003253860180774e-02
1.152092630925712069e-02
-1.323287692307334538e-03
-8.760769230765025426e-04
-3.110649532469895485e-03
-2.518709707817542044e-03
-1.568527692308023958e-03
-1.442369230756347881e-04
-1.612984371441040284e-03
-4.299468358350454211e-03
-4.001255384615805787e-03
-7.167538461516937288e-04
-1.584213846096130121e-03
1.959573969943280251e-03
1.344443458730200901e-02
-3.035332815853992311e-02
3.961895152197185410e-03
6.099587283975719740e-03
1.014646153851531032e-04
-1.536769230766165512e-05
-3.124769230803462448e-05
3.930461538434456501e-05
1.645378763719485271e-01
-1.497795229950775811e-02
1.872500027473473702e-02
6.399824263945940762e-03
-1.371199999999171172e-03
-3.405199999999581760e-04
-8.889999999997550036e-04
-1.118559999999131334e-03
-7.712807681753237540e-03
-1.873903916073847362e-02
2.448069400443769403e-02
4.267249111303136715e-03
-2.397113846154186410e-03
-4.054469230769804197e-04
-5.607469230767920740e-04
-1.369713846154041199e-03
-1.538284045365443872e-02
5.280378676058854887e-02
-1.815995679012303438e-02
-1.805193209876428118e-02
3.237044057934026359e-02
2.502853573093244410e-02
-2.732748765432783597e-02
-1.804662345678877122e-02
-2.518504615383642883e-03
3.005076923079082001e-04
-1.300552307692389971e-03
1.027738461539168583e-04
-6.190323076923966725e-04
9.915384615350981230e-05
-2.689864615383845154e-03
8.216676923059153866e-04
1.178923253454525338e-01
-4.262955695280728347e-02
1.464456737253249340e-02
1.192798178778398804e-02
6.066461538431861748e-05
1.791230769249915902e-05
3.255230769253788072e-05
9.714461538592973145e-05
-4.869328784404432231e-02
-1.284564125873077951e-02
2.587319202159909723e-02
5.752161962532749417e-02
-9.167999999896835766e-05
-3.381999999997748054e-05
5.283999999990491100e-05
-3.156000000036304786e-05
1.078398227820864981e-02
4.599836397251498565e-02
2.897055555566796069e-03
1.875944444443068118e-03
1.103877422280777690e-02
7.984405333302634078e-02
1.495944444451200372e-03
1.297055555552440289e-03
-9.279999999715053970e-06
3.273999999998616992e-04
-3.659999999964561691e-05
9.171999999963428103e-05
-8.759999999607504399e-06
1.189999999976375022e-05
1.360000000033493908e-05
4.616000000085197812e-05
2.348723895345110058e-01
-2.000443603420231850e-02
3.871224514646354198e-02
2.910271720943623588e-02
-9.920923076923474863e-04
-4.448861538465320536e-04
-3.858461538470888416e-04
-6.948123076949981169e-04
9.898380371281252296e-03
-2.758211019046386686e-02
3.257599092864454926e-02
1.744536708176755435e-02
-6.756461538472795497e-04
-3.392830769234409893e-04
2.567692307729913681e-05
-1.142926153844401682e-03
2.945637599994501907e-02
2.526716175297902614e-02
-1.854128395061739598e-02
-8.193382716034586580e-03
2.073656447652312204e-02
4.518602458840534353e-02
-1.907116049382257331e-02
-2.170172839489779501e-03
-9.912492307686325381e-04
-2.389076923077255218e-03
-6.981246153842680111e-04
5.329615384612077867e-04
-5.442446153843702407e-04
-1.060384615386751611e-04
-2.250892307695040776e-04
-6.210769230761080915e-04
-1.709385298171046119e-01
4.938352551693353347e-03
5.496764323193593926e-02
5.436457710362426615e-02
-3.105953846154927214e-03
-1.162506923076730720e-03
-1.268826923076659622e-03
-3.734193846152967372e-03
8.785099127892926490e-03
8.610323162303860911e-03
1.142069814908501339e-02
-1.498988256508592722e-03
1.613871069806075906e-02
4.096109127302619522e-03
5.132727772403218765e-03
3.015771584624448234e-03
-1.266616547664369506e-03
-9.137331352262185839e-04
-1.795704750017394563e-04
-1.422754284259131240e-03
-8.828774714401655625e-04
-2.301385043630998530e-03
-6.539862892078181309e-04
-1.242945201365143601e-03
-4.624916997614755311e-03
1.691835833777888265e-02
-4.647950682409549700e-02
-1.150333572217266190e-02
-1.050023271993395270e-02
-1.085723983224039062e-02
-1.489184374756644808e-02
-8.888472732126355760e-03
5.017663179847482030e-02
-2.587846143746878533e-02
-8.835336481908998008e-02
-7.932955067987405851e-02
-1.169557134418947389e-02
-6.976650760576604340e-03
-1.118516046576291390e-02
-1.513113438169969883e-02
-7.696800000005425517e-04
1.765601894358998294e-02
2.498310231197074186e-03
8.299449853906792907e-03
-8.339100000003431398e-04
9.811606275650395365e-03
-2.151060697115762463e-03
-7.073367400825407479e-04
-8.846100000003984196e-04
9.031042935026198371e-03
-5.924668520282019846e-03
-7.251243317467124735e-03
-4.159079999999781320e-03
1.630092562147080967e-02
-1.714900170788873426e-02
-1.692143386219496087e-02
-1.819549388432080694e-01
7.194397997398889466e-02
-3.178650617283134555e-02
-3.175416049383152084e-02
7.598286547340644959e-02
-1.670539223253712444e-02
-3.644054704570989095e-02
-9.080260342837198628e-02
-3.040024606377073405e-02
-1.320972063793357867e-02
-1.722112326345036359e-02
-1.678525486403660907e-02
-1.884654938271982175e-02
-8.300623784492403012e-02
3.874151702955001830e-02
-2.950204742621672510e-02
-2.241111728395299776e-02
-1.364300771801266188e-01
1.607287534031081599e-01
-1.621405851025994882e-02
8.552961668572504894e-02
2.874578308357212536e-02
-4.099416049382736266e-02
-4.205317283951668511e-02
-1.041084249177680852e-02
2.351579297501229723e-02
-5.045981812278954592e-02
-1.874024691140221272e-02
-1.736855188621769241e-02
-6.689543550286132685e-03
-8.886613266530309779e-03
-1.739327088031109719e-02
-3.172000617284204127e-02
-5.135988517611472098e-02
8.800156869780106916e-02
2.614566710499688015e-02
-3.270432716049979233e-02
-6.965654287805349287e-02
1.004490615927358665e-01
-8.328108297842239452e-03
-2.884947692307862199e-03
-4.243723076922489672e-04
1.077073846153512714e-03
3.969866434158939028e-02
9.195292955738636545e-03
7.841208529119226417e-03
-1.375833846153560330e-03
-9.775615384613125939e-05
4.743469230768304146e-04
4.357864607062006401e-02
2.650804337166045611e-03
6.497723406229616522e-04
-1.618433846153635508e-03
-1.049561538458761590e-04
1.595669230770098586e-04
2.755157301347910953e-02
5.764964170062159693e-03
-3.797277083266875110e-03
-4.470147692307416959e-03
-5.007723076939027147e-04
1.311138461535077513e-04
2.297587727954808132e-02
2.662455029924698340e-03
-1.530163575383602925e-02
-4.683803257912597107e-02
-1.393195631482463392e-02
-6.444889663096423083e-02
1.315197632373200271e-05
7.334174521465897968e-04
5.373619614505224752e-04
4.796453169052750857e-04
6.266444462746934008e-04
1.334702644488087731e-01
5.110802438601117458e-03
6.463998473809322298e-02
3.499555437434866828e-02
1.149285103207864020e-02
-9.149658946735496606e-04
1.213846744226477760e-04
3.692745595508474445e-04
2.644100961514027348e-02
3.367511766178443722e-02
7.585506475961892314e-02
8.603899533622160270e-03
2.182533939002425163e-02
-1.868459071589115327e-03
-6.845731849946097526e-04
-5.822053643038983817e-03
4.850252173683249762e-02
1.962212976027743333e-02
9.908552827420437359e-02
4.868410886001083362e-03
1.798627910199079513e-02
2.923918781293700486e-03
-4.179060282598622000e-02
-1.600558055100761989e-02
2.049135170145979443e-02
1.179634681060506320e-02
2.761093787006581920e-03
1.955255677001214130e-03
2.758414573534696997e-03
1.628404621171669620e-03
2.953962398237282207e-04
-4.410714770344051068e-04
-2.734734720372233863e-01
-2.125823419822158444e-01
-3.055896830305028788e-01
3.443501272458177054e-02
-9.165838513386743644e-04
4.377421386714561787e-04
4.319288407647424834e-04
1.661238262141248373e-03
-1.305475721546053847e-02
2.181383726565470221e-02
5.558049490351145427e-02
5.593974055497030751e-02
1.472166834686146385e-04
-1.793314294424787239e-04
-5.037847737382978924e-04
-3.058412702282966092e-03
1.548548318270193992e-02
-6.282442623801279789e-03
-2.176356968467692114e-04
-1.261157761646849139e-02
3.150545209942707398e-02
5.954866999382175258e-02
-6.283311928760641936e-03
-1.205738087268696211e-02
3.187261391239303802e-03
-1.439006182779022222e-03
1.046535430765149592e-03
-3.489292630442215426e-04
4.631605529641719056e-04
-2.208198578805807837e-04
3.948006251676268691e-04
-2.614364685163976434e-04
3.302201645749878733e-01
3.971353757552723018e-02
1.569649822753450830e-01
2.362234422604070003e-02
3.911565382574488242e-02
-2.027866562242314902e-03
7.366202760173373818e-05
-2.444062182347868026e-03
2.595311203296171015e-03
-5.568614584482513112e-03
9.999984679336840210e-03
-2.857112233286191773e-03
2.809068242936204642e-03
5.754865091485752418e-04
-2.176644732220266772e-04
-2.135932225569809034e-03
4.348520529821875424e-02
3.432307608051805153e-02
-2.207950455407482054e-02
-4.596782991082643682e-02
5.496209965324676955e-02
4.033931700095753220e-02
-7.478415267877120201e-03
-3.440072539632144100e-02
-4.015756239055342028e-03
-3.679104448579561398e-03
-5.126442080998302618e-04
-1.336439388287791272e-03
-1.053785736945078320e-03
6.599093538975667151e-04
-1.957195887714035642e-03
1.450241951346365517e-03
1.011398573665023420e-01
1.335506170393136738e-01
3.146812293896310009e-01
5.184477561181995153e-02
8.511039972481398985e-02
-5.310982797475678925e-03
5.799234540833361285e-04
-4.295439022726240882e-03
4.311483972085060519e-03
-6.445103306299800397e-03
-4.872115997767178554e-03
-2.323689512667513266e-02
1.571258619069296550e-02
7.917703892123097512e-03
2.970646411639657654e-03
-2.733141216952742359e-03
2.976744647964269311e-02
-2.368435819610178669e-02
-2.684590991850030126e-02
-4.818500835305643271e-02
7.912462786377465196e-02
-3.711619720855683507e-02
-9.001975545687228297e-02
-1.418131642809095094e-01
-2.088753119508736020e-04
1.964539074840335707e-03
-1.509755708337466801e-03
3.733209168928464453e-03
-5.047594783068296053e-04
3.403725987918902306e-03
-3.208429743110158099e-03
9.178767776517184757e-03
3.777969635172193086e-01
2.877800844720259099e-01
5.050301164817649902e-01
-5.207354429675744439e-02
2.531583202080417080e-02
-2.165653447642433213e-02
-8.353013314626779595e-02
-7.157577101629937488e-02
-3.988345380200817789e-03
-2.038991882201344943e-03
-4.101793476122708726e-02
-1.007360053973903741e-01
-1.039823951808335409e-02
-9.920377382000210298e-03
-8.842915776081708423e-02
-1.509700527487859573e-02
2.407767968230741136e-03
8.716245590844199156e-03
-2.041614951937954434e-02
-2.575760874907473581e-03
-2.023795881639807448e-02
-4.665256697914776235e-02
-4.665223431638653578e-02
-6.058068844611127352e-02
1.157731721450717677e-01
7.070066243148701024e-02
-1.515067368235346879e-02
-1.677542085883742054e-02
-8.261241172904089380e-03
-4.155598009787522286e-03
1.789931385359586720e-03
3.149943913718991628e-04
-5.929334887348229263e-04
5.158643339547776697e-04
1.445853595849663428e-03
-2.862336310467708880e-03
-4.203431478722029560e-03
-9.960860085576821545e-05
-2.559838563491017779e-03
1.087652193531613194e-03
-2.139952189288757411e-02
1.827015104386417801e-02
-4.130407194402479359e-02
-4.709986487957463705e-03
1.288832784723140752e-04
-7.033142223802914229e-05
-1.568697762560728132e-04
7.609237807738445227e-05
-2.489830099983899453e-02
-2.414134961121464605e-03
5.775723260197771630e-02
5.041357729344391608e-02
-1.573442360335361033e-04
3.006215414086921506e-05
2.694305168607736092e-04
6.030271733422025828e-04
-4.813579960593586567e-03
-1.328314340884116998e-02
8.540707509857591723e-03
6.818867929176928265e-03
9.425394325120284994e-03
-3.743073884104820837e-02
6.039813216167312128e-03
3.503721556232634610e-03
7.511654114536549286e-04
1.239104993389692540e-03
-9.650019518922289927e-05
2.188124777778761864e-04
-1.443118775701211667e-04
1.358666650180640845e-04
-1.018845798169817560e-03
1.455732806266134098e-03
9.904222385027247610e-02
-2.687461450325551865e-02
-3.634905335705092277e-02
1.708739206667531790e-02
-1.700213963154013561e-02
-2.997625210448325180e-04
4.574390601817852507e-04
3.183104453649183291e-03
-9.524188130973658406e-03
-1.888099037159127191e-03
3.850857722727707433e-02
3.886363774953449646e-02
5.155808464294888566e-03
1.772504273358721776e-03
4.783738392197132354e-04
-1.282323132352549419e-03
1.248358622935952060e-02
3.310000600569584783e-02
1.150310448038925973e-02
1.651415341529411133e-03
1.549080212061806211e-02
2.260260752085417602e-02
1.411229906624648228e-02
2.678158582581497728e-03
-3.237692726781032839e-03
2.786341842375279678e-03
-1.396007155234042308e-03
1.653745478387098249e-03
-6.896121911270890192e-04
1.096515215936565450e-03
-1.888466773716231594e-03
-2.547422137491663920e-04
-2.436993843104881541e-02
1.935349656629502604e-02
5.661663510739155768e-03
6.596969381559958379e-02
6.829086597965869365e-03
-1.899878640380788192e-04
-7.053042043309933366e-04
-3.951500413676615683e-03
2.234950193710169564e-02
-1.139797637759017808e-03
1.190392231437586469e-02
-3.012835430710418885e-02
1.239661516977296103e-02
6.446570031045829527e-03
-8.018452525188400713e-04
-9.734045879281264316e-03
3.273522663260380883e-02
-3.095456422899603086e-02
-3.683385064366297146e-02
-5.390046347244073499e-02
6.927892119102017909e-02
-2.916245786144070970e-02
2.684915536249150511e-03
-1.108705793351040109e-01
3.282908734236522131e-04
7.072221173420978162e-03
9.998581641838125492e-04
5.738572068054135188e-03
-6.492903455966136765e-04
8.739301128782102704e-03
-2.388980990588080496e-03
6.457368846913904246e-03
2.780654269582618840e-02
-2.442984908173018166e-02
6.396106552342532836e-02
1.254050016712422722e-02
5.324800027155941057e-02
5.008995905052457051e-03
-1.011087288839898762e-01
-9.925617891716742580e-02
8.849590200991443167e-03
1.360233325235398610e-02
-1.457186220226453638e-02
4.547919782879141642e-02
4.137085231291361825e-02
-3.134901916810442501e-03
-5.399390519222336572e-03
-1.336548783117661246e-02
1.460402102460642802e-02
5.857985011447692202e-03
-6.215035988394632116e-02
-6.302536900738592296e-02
-1.023405140623031770e-02
-3.054950097295295458e-02
-3.272247622983453369e-02
-1.678484382321120127e-03
3.157698690567162063e-03
4.919854882119938273e-03
-2.094643466038176565e-03
-6.733853460070395557e-03
-1.345674266423338948e-03
9.865556788076993572e-04
-3.682155541800402609e-04
7.896763162687283353e-04
2.254602136339266781e-03
1.246014796985537828e-04
-1.088981331487556955e-03
2.293519097141148635e-04
1.650061929674887656e-02
3.890716750568817828e-03
-2.858172124257766806e-03
1.493890388233240366e-03
-1.771265086421038581e-01
-9.670603778686667762e-02
-2.241758303470598457e-01
1.866009412663600583e-02
-7.838452022718432914e-04
-3.751503193098701958e-04
-5.711029103290831462e-04
2.426158793165804394e-04
-1.264496682024219242e-02
1.136064007329399064e-02
7.567505221903179924e-02
5.624941603270184470e-02
-1.704445757915176924e-04
-6.608782941040622274e-04
-3.425013714195947797e-04
-5.490480457582692497e-04
2.835217461554030358e-03
5.626646554167610143e-02
5.887074796948794236e-03
8.467200534348849270e-03
3.572906755404460597e-03
-2.063293586988792019e-02
1.057177916661797105e-02
1.507144590432862342e-02
2.240723415590620531e-03
-9.930337533950472396e-04
4.776551781318495553e-04
-1.558742640296004753e-04
2.363070318218764049e-04
1.654286762601919856e-04
5.704748237114139241e-04
9.674118405296013761e-04
-1.197955050164476246e-02
2.243514092906769355e-02
7.959227476149895175e-02
5.314650990906736455e-02
2.466039486619044270e-04
1.459400056158372243e-04
-5.830608734238638784e-04
-1.765044532087335898e-03
-3.999273874944322266e-02
-2.310741320157046891e-02
-1.596412246513245065e-02
3.175031496684127541e-02
3.792076262745801979e-02
3.845002012339290148e-02
1.999055039279850135e-02
3.562034427354365818e-02
5.313833791778684035e-02
-1.815904524876892773e-02
-2.997982312240797878e-02
-6.951758944355367065e-02
4.618260611888631850e-02
-1.685063269963311267e-02
-8.817691851135064929e-02
-7.261044282248878268e-02
-3.259075631408103919e-03
1.997343095210491956e-02
-3.001163040760498868e-04
8.187555301226483867e-03
-3.265000049401826568e-05
1.041738351676514684e-02
-1.800765189891506343e-03
1.196154304416716802e-02
2.237094048469666016e-02
-3.692080360660113247e-02
-8.158346612037426730e-04
-8.124544388409189397e-03
3.263744333849097345e-02
-4.584996160592067459e-03
-8.239871464555896530e-02
-6.882621187772045013e-02
-4.260129693737317244e-03
-1.329123053420151399e-02
-3.648285692348587558e-03
3.525396362075852025e-02
2.169530240286157360e-02
-3.395464095127338766e-02
2.806573826192600152e-03
-4.927375221179731979e-03
4.118335589967598437e-02
-2.147277388091424488e-02
-1.294698141970202776e-01
-1.064298409758724223e-01
-1.830013695645542598e-03
-9.524610241892930707e-02
-1.250285682203735281e-02
2.800937826543810349e-02
-7.559844600980094058e-04
7.590220088882074830e-04
1.622255668422561622e-03
6.544691564646870977e-03
-1.062507079231512868e-04
5.343544550906960308e-05
2.566075079280497225e-04
6.272922711593121453e-03
-2.553366536490893324e-04
3.768770040815013758e-04
1.813218171648916488e-05
4.887518699350518019e-03
-1.364741011069207227e-03
1.544334302533940896e-03
-8.126145912138126298e-04
4.261330394532543593e-03
2.891989580929208992e-01
1.929961256757066479e-02
5.642715551687120523e-02
2.651121157542645282e-02
6.297547650958309519e-03
-4.417088302057808782e-04
-2.355530606781467784e-04
-2.618145053449926884e-03
2.579837184884256271e-02
-2.998794481255732253e-03
4.123782237373545267e-02
-1.522953646514053037e-02
2.159440078621100833e-03
-1.381020402182894465e-04
-4.008604220855489743e-04
-4.279905577104867881e-04
2.312033115300188985e-02
3.637220630095859553e-02
-5.347570020938094415e-03
-1.505226548393444157e-02
1.391598332318183702e-02
7.861361966777391519e-03
-5.001418520956754828e-03
-1.682667732490916376e-02
3.988852776778022743e-04
-1.469946881820395177e-05
2.484373111565297480e-04
-4.106841076413361930e-04
1.810300446382272438e-04
-5.585974480220523780e-04
7.489888726383205368e-05
-1.981768020112674713e-05
1.765899071465379389e-02
-2.027057324529854543e-02
-1.485383791668428745e-02
-2.764723532475746315e-02
-2.069620244520392963e-03
7.145464226132571461e-04
-1.297305619895056192e-03
-2.145588763686930456e-03
-1.784340453675150803e-02
4.057919588563287105e-02
1.687446461921909488e-02
-6.518702615197468839e-03
2.717775913574853319e-02
9.631546191172160945e-03
1.311964842643348339e-02
2.409482231456915036e-02
-9.797952630110524919e-03
-1.423353903012845867e-02
-3.732577239294918026e-02
1.165123067551439122e-02
-2.860030169466888650e-02
4.110172900796684251e-03
-1.493346104321516613e-02
3.994453916561653550e-02
7.566542414067826353e-04
9.466204606838061336e-03
-1.428394710962067144e-04
4.150477701437912600e-03
-8.267908608717439980e-04
6.201923216083386238e-03
-2.691215644790504249e-03
1.264051221540818740e-02
1.516713964611831299e-02
2.564673030173156981e-02
-8.753463798591060857e-03
-8.339712574277719989e-03
9.169508737616308136e-03
-6.677403505684734696e-03
-6.195747305459151782e-02
-4.890177804526448652e-02
-7.104083918359349256e-03
-7.257299495658613153e-02
5.304939462197082525e-03
-4.549557020068068641e-02
1.054329772185174686e-02
3.795194509146558245e-03
-5.508656819336016066e-05
-4.195187025537559442e-03
-3.213878488241012077e-02
-4.320780471017383710e-03
-7.762082469388206785e-02
9.364062009626479555e-03
-8.069176954651870529e-03
-6.946723255554093646e-02
7.446665830372865835e-03
-2.249027367399048655e-02
-1.302531752673061248e-03
1.103001268890051222e-03
3.734068881647020690e-03
7.322168210922881150e-03
-1.132038484400021321e-03
6.825484983338659783e-04
6.677595385944284706e-04
9.340289655353951545e-03
-1.251744626744574589e-03
5.252170725552841781e-04
2.998059586927056186e-04
4.528801973940135839e-03
-2.665283585711628565e-03
1.155223058435135780e-03
3.480195575149501431e-04
9.916486919077167200e-03
4.667282595839122167e-02
8.311775500590419530e-02
2.311455964658990780e-01
7.098471396881582407e-02
6.371129094058451681e-02
-3.013549748224151822e-03
4.229752397566667989e-04
-3.909582364906247567e-03
1.170175989956052064e-02
-6.538106675497308822e-04
-2.285850108133111874e-02
-3.415668169954617917e-02
1.161211058404882333e-02
8.619733776442961223e-03
3.342903724952608728e-03
-2.383849817142456515e-03
8.316399772248909972e-02
-3.148115296810370667e-02
-9.248898207221152579e-02
-1.396727302431692019e-01
8.012013120844334313e-02
-1.428326418077513135e-02
-8.308363729045897816e-02
-1.408152620657708576e-01
-3.702829531070736795e-03
7.882335614401866919e-03
-1.287590639982323778e-03
4.734257607456068481e-03
-9.991300114994331166e-04
7.042316805796378261e-03
-1.736573086341701086e-03
9.876301369248840362e-03
9.278344016047311918e-03
-4.519485028305476187e-03
-2.528495506612411445e-02
-3.735537021130957980e-02
1.222341102825641977e-02
6.250834056564769613e-03
3.763000094993996462e-03
2.619194413700690061e-03
1.399764730293009962e-02
-1.231708333830423786e-03
1.986552940586675756e-03
-9.500868840218742659e-03
-1.424821472737415780e-02
-1.231050448692918436e-02
-6.734802769063177527e-03
-8.547699811886440638e-03
-6.559961359035475833e-04
-1.348041190232591655e-02
-5.804641000261119392e-03
-3.825633427166673720e-03
-1.263823287493151971e-03
-1.346903046038115800e-03
-1.552383498451047426e-03
-1.970968933186061870e-03
-2.741494235886528935e-02
4.063296982755397989e-03
1.594523256333992261e-03
3.736095519401617243e-02
-3.042104101642531533e-02
-1.077106769260357914e-02
-3.592944183444454331e-03
6.864558038642106647e-03
-3.754701644543508021e-02
3.148108200902388631e-03
1.883744748017676315e-02
5.845554032671577277e-02
-2.717866891961398523e-02
-1.067186386556618835e-02
-4.743664890165068260e-03
3.965990368816616971e-03
-4.686172990625133631e-04
-7.609213203103412648e-03
-2.228371013779379545e-02
-1.750057686095546003e-03
-5.883717337364982852e-04
-3.990352191243664096e-03
-5.208144699350954372e-03
-6.357386782309461812e-04
3.789178924393980449e-03
-6.406188978905881862e-03
-7.612392441185119631e-03
-5.457635781406855631e-03
-8.064361505582756467e-05
-8.416038125565697414e-03
-3.515911615401218302e-03
2.335686149689630061e-03
6.855912982919463994e-02
-1.716096885301110486e-02
1.349551907010365648e-02
-1.105956230769140486e-01
-4.199828431618235491e-02
1.047453895656601415e-02
4.737577343941666249e-04
5.165890419522885940e-02
-2.672570283479122621e-02
-1.345339223574379406e-02
-4.708115063292745578e-05
1.902765477457034338e-02
-7.589971344720279622e-02
5.529858498965922742e-02
5.974150828705460797e-02
1.117258264550663877e-01
-1.176104442661259214e-01
4.082799340301374036e-02
-4.333900339600967912e-03
1.745074886095304700e-01
8.592405291356057517e-02
-1.503057582297950487e-02
-7.371909929374857728e-02
-1.506486529472899349e-01
-4.646039874648118934e-02
1.228143593909930206e-02
5.616585740390294540e-02
8.307939115793011586e-02
-1.998961907062487761e-02
-1.377284033976643694e-02
-4.626409766854334971e-03
6.592696387281001859e-03
-1.350617299408503613e-01
6.629447911377273073e-02
1.263420740811865561e-01
2.133498393418887529e-01
-1.239024674039226476e-01
3.828011263892941440e-02
9.600824804669043366e-02
2.086318144357208471e-01
-2.404047181819405753e-03
-6.430321193826598128e-03
-4.019258141073897735e-03
-5.195886464167277785e-03
-2.463895721367382816e-02
-6.833344872408874076e-05
-1.232987034037437370e-04
5.087051468787109276e-06
6.130784530495065644e-03
-6.412076475914703540e-03
-1.556518994659629625e-02
-9.822143774852845274e-03
6.126574614078117648e-04
3.525800608219726261e-03
9.656846459566511762e-03
-5.041387729157196032e-03
-1.372696771222352979e-02
-1.586358009954865270e-02
8.902854860308723325e-04
7.739037174217758969e-03
1.841394540577769717e-02
-9.872071987135546539e-03
-2.478823501014605982e-02
-2.420949075362424652e-02
2.458732810373235322e-01
1.255920263761575451e-01
3.591651767994659683e-01
-4.185331935855243074e-02
2.644683766699298597e-02
-1.455367144820924122e-02
-1.269715632519918258e-01
-9.108090243381072870e-02
-1.143686765269280418e-02
-9.287129688122040816e-02
-7.966317351878533792e-03
2.005066575183455865e-02
1.531400684180653921e-02
-2.338685712563624494e-02
-1.264875818194020896e-01
-7.048430217998657987e-02
2.554214891753287670e-02
2.444447595947916649e-02
9.008743111700166784e-02
1.101434145059693691e-02
-6.369358642061286047e-02
-6.400132422594177750e-02
-3.209351620677829836e-02
-5.592772196528147249e-02
-6.920352631284112932e-02
1.971800095607227632e-02
4.017379754531011371e-02
8.018315303875639399e-02
-6.012914096594328822e-02
2.340193191037866563e-02
1.393176569485226612e-01
8.992475580319631012e-02
-2.122739606584012062e-02
4.005775335201836734e-02
-7.620581759286557122e-02
5.565665625798277803e-03
1.489020887950524286e-01
1.428984126055194703e-01
-1.908549535023459573e-02
3.696166771064521989e-02
-7.115029261481393974e-02
2.829639795431712623e-02
2.219653806911592864e-01
1.721174558898725115e-01
1.518646134934165202e-03
-4.671355723361447776e-02
-6.654747747713975203e-02
-2.552334959456303495e-02
-4.406067411690423041e-02
1.297138291956059092e-02
-6.191759312600202125e-02
2.514718421064805753e-02
-1.597180277876446633e-02
-5.481003665568205674e-02
-1.463923081183856126e-02
1.177998264633721599e-02
-3.446008004710982009e-02
2.150006578901409240e-02
2.106490676453650485e-02
5.264142820690522612e-02
1.152535530485842945e-02
-4.498290009671501027e-02
1.019213200217001201e-02
3.119340072374439388e-02
-5.165748197257715585e-02
-1.738433867544306177e-02
-1.960548911143961820e-02
-3.847237308849714432e-02
2.070319433426585226e-02
1.473601323779966284e-02
4.950190366144604365e-02
-3.441816492365610408e-02
5.557935126297128964e-02
-2.681816266200074197e-03
5.293667691856852354e-03
-8.264549011374854037e-02
-2.386939906055198304e-02
-1.382991623984446486e-02
-1.042670739537073302e-02
7.287857266273724439e-03
1.034706162400370194e-01
7.206443794631688105e-02
-2.278595534205547432e-02
2.214583831239087808e-02
5.797151609744712053e-02
-2.879999337548605227e-03
1.165914860724869551e-01
-2.514875896576335146e-02
7.142861092230951003e-02
4.489605039400884623e-02
-3.397057724073978494e-03
-8.212403022905637520e-03
-6.829683455348210981e-03
-1.781501766813606974e-02
4.066407880577667389e-02
2.826859972054419304e-03
-6.538349697957247797e-02
-7.073383278469710933e-02
-8.966580244030636013e-03
-3.600394117796612125e-03
-8.900238453293205258e-04
1.211145905301837678e-03
3.629556866800619491e-03
-2.369011453226755031e-03
9.855655500720081341e-03
-9.411199179132944889e-03
-7.136739665616216588e-02
-1.928894515991333436e-02
-8.457676822951465780e-04
-3.107674233773558529e-05
-7.707310472499517579e-04
2.327210468130584773e-03
2.119643071484256062e-03
2.170391542793998364e-03
7.622291020513058922e-03
-5.121606099718032344e-03
-4.480789156092747361e-02
-1.251400606817914228e-02
1.251824664301253755e-02
3.255980797920891585e-03
1.829108175665780829e-03
-1.974806860851146834e-03
1.437697477660760054e-03
1.197035825768695029e-02
1.979441583206962771e-02
-1.084325271980025353e-02
-3.930941854283447751e-02
-2.429793369802495454e-02
