nakBsplineBoundary
9 4 1141
0
0.000000e+00 1.000000e+00 0 0 0.000000e+00 1.000000e+00 0 0 0.000000e+00 1.000000e+00 0 0 0.000000e+00 1.000000e+00 0 0 
4
0 0 0 0 0 0 0 0 
0
4
0 1 0 0 0 0 0 0 
0
4
1 1 1 1 1 1 1 1 
1
4
0 0 0 1 0 0 0 0 
0
4
0 1 0 1 0 0 0 0 
0
4
0 0 0 0 0 1 0 0 
0
4
0 1 0 0 0 1 0 0 
0
4
0 0 0 1 0 1 0 0 
0
4
0 1 0 1 0 1 0 0 
0
4
0 0 0 0 0 0 0 1 
0
4
0 1 0 0 0 0 0 1 
0
4
0 0 0 1 0 0 0 1 
0
4
0 1 0 1 0 0 0 1 
0
4
0 0 0 0 0 1 0 1 
0
4
0 1 0 0 0 1 0 1 
0
4
0 0 0 1 0 1 0 1 
0
4
0 1 0 1 0 1 0 1 
0
4
1 1 0 1 0 0 0 1 
0
4
1 1 0 0 0 0 0 1 
0
4
1 1 0 0 0 1 0 1 
0
4
1 1 0 1 0 1 0 1 
0
4
1 1 0 1 0 1 0 0 
0
4
1 1 0 0 0 1 0 0 
0
4
1 1 0 0 0 0 0 0 
0
4
1 1 0 1 0 0 0 0 
0
4
0 1 1 1 0 0 0 1 
0
4
0 0 1 1 0 0 0 1 
0
4
0 0 1 1 0 1 0 1 
0
4
0 1 1 1 0 1 0 1 
0
4
0 1 1 1 0 1 0 0 
0
4
0 0 1 1 0 1 0 0 
0
4
0 0 1 1 0 0 0 0 
0
4
0 1 1 1 0 0 0 0 
0
4
0 1 0 1 1 1 0 1 
0
4
0 0 0 1 1 1 0 1 
0
4
0 0 0 0 1 1 0 1 
0
4
0 1 0 0 1 1 0 1 
0
4
0 1 0 0 1 1 0 0 
0
4
0 0 0 0 1 1 0 0 
0
4
0 0 0 1 1 1 0 0 
0
4
0 1 0 1 1 1 0 0 
0
4
0 1 0 1 0 0 1 1 
0
4
0 0 0 1 0 0 1 1 
0
4
0 0 0 0 0 0 1 1 
0
4
0 1 0 0 0 0 1 1 
0
4
0 1 0 0 0 1 1 1 
0
4
0 0 0 0 0 1 1 1 
0
4
0 0 0 1 0 1 1 1 
0
4
0 1 0 1 0 1 1 1 
0
4
1 1 0 1 0 0 1 1 
0
4
1 1 0 0 0 0 1 1 
0
4
1 1 0 0 0 1 1 1 
0
4
1 1 0 1 0 1 1 1 
0
4
0 1 1 1 0 0 1 1 
0
4
0 0 1 1 0 0 1 1 
0
4
0 0 1 1 0 1 1 1 
0
4
0 1 1 1 0 1 1 1 
0
4
0 1 0 1 1 1 1 1 
0
4
0 0 0 1 1 1 1 1 
0
4
0 0 0 0 1 1 1 1 
0
4
0 1 0 0 1 1 1 1 
0
4
0 1 0 1 0 0 2 1 
0
4
0 0 0 1 0 0 2 1 
0
4
0 0 0 0 0 0 2 1 
0
4
0 1 0 0 0 0 2 1 
0
4
0 1 0 0 0 1 2 1 
0
4
0 0 0 0 0 1 2 1 
0
4
0 0 0 1 0 1 2 1 
0
4
0 1 0 1 0 1 2 1 
0
4
0 1 0 1 0 0 2 3 
0
4
0 0 0 1 0 0 2 3 
0
4
0 0 0 0 0 0 2 3 
0
4
0 1 0 0 0 0 2 3 
0
4
0 1 0 0 0 1 2 3 
0
4
0 0 0 0 0 1 2 3 
0
4
0 0 0 1 0 1 2 3 
0
4
0 1 0 1 0 1 2 3 
0
4
2 1 0 0 0 1 0 1 
0
4
2 1 0 1 0 1 0 1 
0
4
2 1 0 1 0 0 0 1 
0
4
2 1 0 0 0 0 0 1 
0
4
2 1 0 0 0 0 0 0 
0
4
2 1 0 1 0 0 0 0 
0
4
2 1 0 1 0 1 0 0 
0
4
2 1 0 0 0 1 0 0 
0
4
2 3 0 0 0 1 0 1 
0
4
2 3 0 1 0 1 0 1 
0
4
2 3 0 1 0 0 0 1 
0
4
2 3 0 0 0 0 0 1 
0
4
2 3 0 0 0 0 0 0 
0
4
2 3 0 1 0 0 0 0 
0
4
2 3 0 1 0 1 0 0 
0
4
2 3 0 0 0 1 0 0 
0
4
1 1 1 1 0 1 0 1 
0
4
1 1 1 1 0 0 0 1 
0
4
1 1 1 1 0 0 0 0 
0
4
1 1 1 1 0 1 0 0 
0
4
1 1 0 0 1 1 0 1 
0
4
1 1 0 1 1 1 0 1 
0
4
1 1 0 1 1 1 0 0 
0
4
1 1 0 0 1 1 0 0 
0
4
1 1 0 0 0 1 2 3 
0
4
1 1 0 1 0 1 2 3 
0
4
1 1 0 1 0 0 2 3 
0
4
1 1 0 0 0 0 2 3 
0
4
0 0 1 1 0 1 2 3 
1
4
0 1 1 1 0 1 2 3 
1
4
0 1 1 1 0 0 2 3 
1
4
0 0 1 1 0 0 2 3 
1
4
0 0 0 0 1 1 2 3 
1
4
0 1 0 0 1 1 2 3 
1
4
0 1 0 1 1 1 2 3 
1
4
0 0 0 1 1 1 2 3 
1
4
0 0 0 0 0 1 3 5 
1
4
0 1 0 0 0 1 3 5 
1
4
0 1 0 1 0 1 3 5 
1
4
0 0 0 1 0 1 3 5 
1
4
0 0 0 1 0 0 3 5 
1
4
0 1 0 1 0 0 3 5 
1
4
0 1 0 0 0 0 3 5 
1
4
0 0 0 0 0 0 3 5 
1
4
0 0 0 0 0 1 3 7 
1
4
0 1 0 0 0 1 3 7 
1
4
0 1 0 1 0 1 3 7 
1
4
0 0 0 1 0 1 3 7 
1
4
0 0 0 1 0 0 3 7 
1
4
0 1 0 1 0 0 3 7 
1
4
0 1 0 0 0 0 3 7 
1
4
0 0 0 0 0 0 3 7 
1
4
1 1 0 0 0 0 2 1 
0
4
1 1 0 1 0 0 2 1 
0
4
1 1 0 1 0 1 2 1 
0
4
1 1 0 0 0 1 2 1 
0
4
0 1 1 1 0 0 2 1 
0
4
0 0 1 1 0 0 2 1 
0
4
0 0 1 1 0 1 2 1 
0
4
0 1 1 1 0 1 2 1 
0
4
0 1 0 0 1 1 2 1 
0
4
0 0 0 0 1 1 2 1 
0
4
0 0 0 1 1 1 2 1 
0
4
0 1 0 1 1 1 2 1 
0
4
0 1 0 0 0 0 3 1 
0
4
0 0 0 0 0 0 3 1 
0
4
0 0 0 1 0 0 3 1 
0
4
0 1 0 1 0 0 3 1 
0
4
0 1 0 1 0 1 3 1 
0
4
0 0 0 1 0 1 3 1 
0
4
0 0 0 0 0 1 3 1 
0
4
0 1 0 0 0 1 3 1 
0
4
0 1 0 0 0 0 3 3 
0
4
0 0 0 0 0 0 3 3 
0
4
0 0 0 1 0 0 3 3 
0
4
0 1 0 1 0 0 3 3 
0
4
0 1 0 1 0 1 3 3 
0
4
0 0 0 1 0 1 3 3 
0
4
0 0 0 0 0 1 3 3 
0
4
0 1 0 0 0 1 3 3 
0
4
3 1 0 1 0 1 0 1 
0
4
3 1 0 0 0 1 0 1 
0
4
3 1 0 0 0 0 0 1 
0
4
3 1 0 1 0 0 0 1 
0
4
3 1 0 1 0 0 0 0 
0
4
3 1 0 0 0 0 0 0 
0
4
3 1 0 0 0 1 0 0 
0
4
3 1 0 1 0 1 0 0 
0
4
3 3 0 1 0 1 0 1 
0
4
3 3 0 0 0 1 0 1 
0
4
3 3 0 0 0 0 0 1 
0
4
3 3 0 1 0 0 0 1 
0
4
3 3 0 1 0 0 0 0 
0
4
3 3 0 0 0 0 0 0 
0
4
3 3 0 0 0 1 0 0 
0
4
3 3 0 1 0 1 0 0 
0
4
2 1 1 1 0 1 0 1 
0
4
2 1 1 1 0 0 0 1 
0
4
2 1 1 1 0 0 0 0 
0
4
2 1 1 1 0 1 0 0 
0
4
2 1 0 1 1 1 0 1 
0
4
2 1 0 0 1 1 0 1 
0
4
2 1 0 0 1 1 0 0 
0
4
2 1 0 1 1 1 0 0 
0
4
2 1 0 1 0 1 1 1 
0
4
2 1 0 0 0 1 1 1 
0
4
2 1 0 0 0 0 1 1 
0
4
2 1 0 1 0 0 1 1 
0
4
1 1 0 1 0 0 3 1 
0
4
1 1 0 0 0 0 3 1 
0
4
1 1 0 0 0 1 3 1 
0
4
1 1 0 1 0 1 3 1 
0
4
0 1 1 1 0 0 3 1 
0
4
0 0 1 1 0 0 3 1 
0
4
0 0 1 1 0 1 3 1 
0
4
0 1 1 1 0 1 3 1 
0
4
0 1 0 1 1 1 3 1 
0
4
0 0 0 1 1 1 3 1 
0
4
0 0 0 0 1 1 3 1 
0
4
0 1 0 0 1 1 3 1 
0
4
0 1 0 1 0 0 4 1 
0
4
0 0 0 1 0 0 4 1 
0
4
0 0 0 0 0 0 4 1 
0
4
0 1 0 0 0 0 4 1 
0
4
0 1 0 0 0 1 4 1 
0
4
0 0 0 0 0 1 4 1 
0
4
0 0 0 1 0 1 4 1 
0
4
0 1 0 1 0 1 4 1 
0
4
0 1 0 1 0 0 4 3 
0
4
0 0 0 1 0 0 4 3 
0
4
0 0 0 0 0 0 4 3 
0
4
0 1 0 0 0 0 4 3 
0
4
0 1 0 0 0 1 4 3 
0
4
0 0 0 0 0 1 4 3 
0
4
0 0 0 1 0 1 4 3 
0
4
0 1 0 1 0 1 4 3 
0
4
2 1 0 1 0 0 2 1 
0
4
2 1 0 0 0 0 2 1 
0
4
2 1 0 0 0 1 2 1 
0
4
2 1 0 1 0 1 2 1 
0
4
2 3 0 1 0 0 1 1 
0
4
2 3 0 0 0 0 1 1 
0
4
2 3 0 0 0 1 1 1 
0
4
2 3 0 1 0 1 1 1 
0
4
2 3 0 1 0 0 2 1 
0
4
2 3 0 0 0 0 2 1 
0
4
2 3 0 0 0 1 2 1 
0
4
2 3 0 1 0 1 2 1 
0
4
1 1 1 1 0 0 1 1 
0
4
1 1 1 1 0 1 1 1 
0
4
1 1 1 1 0 0 2 1 
0
4
1 1 1 1 0 1 2 1 
0
4
1 1 0 1 1 1 1 1 
0
4
1 1 0 0 1 1 1 1 
0
4
1 1 0 1 1 1 2 1 
0
4
1 1 0 0 1 1 2 1 
0
4
1 1 0 1 0 0 3 3 
0
4
1 1 0 0 0 0 3 3 
0
4
1 1 0 0 0 1 3 3 
0
4
1 1 0 1 0 1 3 3 
0
4
3 5 0 0 0 0 0 0 
0
4
3 5 0 1 0 0 0 0 
0
4
3 5 0 1 0 1 0 0 
0
4
3 5 0 0 0 1 0 0 
0
4
3 5 0 0 0 1 0 1 
0
4
3 5 0 1 0 1 0 1 
0
4
3 5 0 1 0 0 0 1 
0
4
3 5 0 0 0 0 0 1 
0
4
3 5 0 0 0 0 1 1 
0
4
3 5 0 1 0 0 1 1 
0
4
3 5 0 1 0 1 1 1 
0
4
3 5 0 0 0 1 1 1 
0
4
3 5 0 0 0 0 2 1 
0
4
3 5 0 1 0 0 2 1 
0
4
3 5 0 1 0 1 2 1 
0
4
3 5 0 0 0 1 2 1 
0
4
3 7 0 0 0 0 0 0 
0
4
3 7 0 1 0 0 0 0 
0
4
3 7 0 1 0 1 0 0 
0
4
3 7 0 0 0 1 0 0 
0
4
3 7 0 0 0 1 0 1 
0
4
3 7 0 1 0 1 0 1 
0
4
3 7 0 1 0 0 0 1 
0
4
3 7 0 0 0 0 0 1 
0
4
3 7 0 0 0 0 1 1 
0
4
3 7 0 1 0 0 1 1 
0
4
3 7 0 1 0 1 1 1 
0
4
3 7 0 0 0 1 1 1 
0
4
3 7 0 0 0 0 2 1 
0
4
3 7 0 1 0 0 2 1 
0
4
3 7 0 1 0 1 2 1 
0
4
3 7 0 0 0 1 2 1 
0
4
2 3 1 1 0 0 0 0 
0
4
2 3 1 1 0 1 0 0 
0
4
2 3 1 1 0 1 0 1 
0
4
2 3 1 1 0 0 0 1 
0
4
2 3 1 1 0 0 1 1 
0
4
2 3 1 1 0 1 1 1 
0
4
2 3 1 1 0 0 2 1 
0
4
2 3 1 1 0 1 2 1 
0
4
2 3 0 0 1 1 0 0 
0
4
2 3 0 1 1 1 0 0 
0
4
2 3 0 1 1 1 0 1 
0
4
2 3 0 0 1 1 0 1 
0
4
2 3 0 0 1 1 1 1 
0
4
2 3 0 1 1 1 1 1 
0
4
2 3 0 0 1 1 2 1 
0
4
2 3 0 1 1 1 2 1 
0
4
2 3 0 0 0 0 3 1 
0
4
2 3 0 1 0 0 3 1 
0
4
2 3 0 1 0 1 3 1 
0
4
2 3 0 0 0 1 3 1 
0
4
2 3 0 0 0 0 3 3 
0
4
2 3 0 1 0 0 3 3 
0
4
2 3 0 1 0 1 3 3 
0
4
2 3 0 0 0 1 3 3 
0
4
2 1 0 0 0 0 3 1 
0
4
2 1 0 1 0 0 3 1 
0
4
2 1 0 1 0 1 3 1 
0
4
2 1 0 0 0 1 3 1 
0
4
1 1 1 1 0 0 3 1 
0
4
1 1 1 1 0 1 3 1 
0
4
1 1 0 0 1 1 3 1 
0
4
1 1 0 1 1 1 3 1 
0
4
1 1 0 0 0 0 4 1 
0
4
1 1 0 1 0 0 4 1 
0
4
1 1 0 1 0 1 4 1 
0
4
1 1 0 0 0 1 4 1 
0
4
1 1 0 0 0 0 4 3 
0
4
1 1 0 1 0 0 4 3 
0
4
1 1 0 1 0 1 4 3 
0
4
1 1 0 0 0 1 4 3 
0
4
0 1 1 1 0 1 4 1 
0
4
0 0 1 1 0 1 4 1 
0
4
0 0 1 1 0 0 4 1 
0
4
0 1 1 1 0 0 4 1 
0
4
0 1 0 0 1 1 4 1 
0
4
0 0 0 0 1 1 4 1 
0
4
0 0 0 1 1 1 4 1 
0
4
0 1 0 1 1 1 4 1 
0
4
0 1 0 0 0 1 5 1 
0
4
0 0 0 0 0 1 5 1 
0
4
0 0 0 1 0 1 5 1 
0
4
0 1 0 1 0 1 5 1 
0
4
0 1 0 1 0 0 5 1 
0
4
0 0 0 1 0 0 5 1 
0
4
0 0 0 0 0 0 5 1 
0
4
0 1 0 0 0 0 5 1 
0
4
0 1 0 0 0 1 5 3 
0
4
0 0 0 0 0 1 5 3 
0
4
0 0 0 1 0 1 5 3 
0
4
0 1 0 1 0 1 5 3 
0
4
0 1 0 1 0 0 5 3 
0
4
0 0 0 1 0 0 5 3 
0
4
0 0 0 0 0 0 5 3 
0
4
0 1 0 0 0 0 5 3 
0
4
3 1 0 1 0 0 1 1 
0
4
3 1 0 0 0 0 1 1 
0
4
3 1 0 0 0 1 1 1 
0
4
3 1 0 1 0 1 1 1 
0
4
3 1 0 1 0 0 2 1 
0
4
3 1 0 0 0 0 2 1 
0
4
3 1 0 0 0 1 2 1 
0
4
3 1 0 1 0 1 2 1 
0
4
3 3 0 1 0 0 1 1 
0
4
3 3 0 0 0 0 1 1 
0
4
3 3 0 0 0 1 1 1 
0
4
3 3 0 1 0 1 1 1 
0
4
3 3 0 1 0 0 2 1 
0
4
3 3 0 0 0 0 2 1 
0
4
3 3 0 0 0 1 2 1 
0
4
3 3 0 1 0 1 2 1 
0
4
2 1 1 1 0 0 1 1 
0
4
2 1 1 1 0 1 1 1 
0
4
2 1 1 1 0 0 2 1 
0
4
2 1 1 1 0 1 2 1 
0
4
2 1 0 1 1 1 1 1 
0
4
2 1 0 0 1 1 1 1 
0
4
2 1 0 1 1 1 2 1 
0
4
2 1 0 0 1 1 2 1 
0
4
2 1 0 1 0 0 3 3 
1
4
2 1 0 0 0 0 3 3 
1
4
2 1 0 0 0 1 3 3 
1
4
2 1 0 1 0 1 3 3 
1
4
1 1 0 0 0 1 5 1 
0
4
1 1 0 1 0 1 5 1 
0
4
1 1 0 1 0 0 5 1 
0
4
1 1 0 0 0 0 5 1 
0
4
0 1 1 1 0 1 5 1 
0
4
0 0 1 1 0 1 5 1 
0
4
0 0 1 1 0 0 5 1 
0
4
0 1 1 1 0 0 5 1 
0
4
0 1 0 0 1 1 5 1 
0
4
0 0 0 0 1 1 5 1 
0
4
0 0 0 1 1 1 5 1 
0
4
0 1 0 1 1 1 5 1 
0
4
0 1 0 0 0 1 6 1 
0
4
0 0 0 0 0 1 6 1 
0
4
0 0 0 1 0 1 6 1 
0
4
0 1 0 1 0 1 6 1 
0
4
0 1 0 1 0 0 6 1 
0
4
0 0 0 1 0 0 6 1 
0
4
0 0 0 0 0 0 6 1 
0
4
0 1 0 0 0 0 6 1 
0
4
0 1 0 0 0 1 6 3 
0
4
0 0 0 0 0 1 6 3 
0
4
0 0 0 1 0 1 6 3 
0
4
0 1 0 1 0 1 6 3 
0
4
0 1 0 1 0 0 6 3 
0
4
0 0 0 1 0 0 6 3 
0
4
0 0 0 0 0 0 6 3 
0
4
0 1 0 0 0 0 6 3 
0
4
2 3 0 0 0 0 2 3 
1
4
2 3 0 1 0 0 2 3 
1
4
2 3 0 1 0 1 2 3 
1
4
2 3 0 0 0 1 2 3 
1
4
3 1 0 0 0 0 3 1 
0
4
3 1 0 1 0 0 3 1 
0
4
3 1 0 1 0 1 3 1 
0
4
3 1 0 0 0 1 3 1 
0
4
3 3 0 0 0 0 3 1 
0
4
3 3 0 1 0 0 3 1 
0
4
3 3 0 1 0 1 3 1 
0
4
3 3 0 0 0 1 3 1 
0
4
2 1 1 1 0 0 3 1 
0
4
2 1 1 1 0 1 3 1 
0
4
2 1 0 0 1 1 3 1 
0
4
2 1 0 1 1 1 3 1 
0
4
2 1 0 0 0 0 4 1 
0
4
2 1 0 1 0 0 4 1 
0
4
2 1 0 1 0 1 4 1 
0
4
2 1 0 0 0 1 4 1 
0
4
2 1 0 0 0 0 4 3 
1
4
2 1 0 1 0 0 4 3 
1
4
2 1 0 1 0 1 4 3 
1
4
2 1 0 0 0 1 4 3 
1
4
3 5 0 0 0 0 3 1 
0
4
3 5 0 1 0 0 3 1 
0
4
3 5 0 1 0 1 3 1 
0
4
3 5 0 0 0 1 3 1 
0
4
3 7 0 0 0 0 3 1 
0
4
3 7 0 1 0 0 3 1 
0
4
3 7 0 1 0 1 3 1 
0
4
3 7 0 0 0 1 3 1 
0
4
2 3 1 1 0 0 3 1 
0
4
2 3 1 1 0 1 3 1 
0
4
2 3 0 0 1 1 3 1 
0
4
2 3 0 1 1 1 3 1 
0
4
2 3 0 0 0 0 4 1 
0
4
2 3 0 1 0 0 4 1 
0
4
2 3 0 1 0 1 4 1 
0
4
2 3 0 0 0 1 4 1 
0
4
2 3 0 0 0 0 4 3 
0
4
2 3 0 1 0 0 4 3 
0
4
2 3 0 1 0 1 4 3 
0
4
2 3 0 0 0 1 4 3 
0
4
1 1 0 1 0 0 6 1 
0
4
1 1 0 0 0 0 6 1 
0
4
1 1 0 0 0 1 6 1 
0
4
1 1 0 1 0 1 6 1 
0
4
0 0 1 1 0 0 6 1 
1
4
0 1 1 1 0 0 6 1 
1
4
0 1 1 1 0 1 6 1 
1
4
0 0 1 1 0 1 6 1 
1
4
0 0 0 1 1 1 6 1 
1
4
0 1 0 1 1 1 6 1 
1
4
0 1 0 0 1 1 6 1 
1
4
0 0 0 0 1 1 6 1 
1
4
0 0 0 1 0 0 7 1 
1
4
0 1 0 1 0 0 7 1 
1
4
0 1 0 0 0 0 7 1 
1
4
0 0 0 0 0 0 7 1 
1
4
0 0 0 0 0 1 7 1 
1
4
0 1 0 0 0 1 7 1 
1
4
0 1 0 1 0 1 7 1 
1
4
0 0 0 1 0 1 7 1 
1
4
0 0 0 1 0 0 7 3 
1
4
0 1 0 1 0 0 7 3 
1
4
0 1 0 0 0 0 7 3 
1
4
0 0 0 0 0 0 7 3 
1
4
0 0 0 0 0 1 7 3 
1
4
0 1 0 0 0 1 7 3 
1
4
0 1 0 1 0 1 7 3 
1
4
0 0 0 1 0 1 7 3 
1
4
4 13 0 0 0 1 0 0 
0
4
4 13 0 1 0 1 0 0 
0
4
4 13 0 1 0 0 0 0 
0
4
4 13 0 0 0 0 0 0 
0
4
4 13 0 0 0 0 0 1 
0
4
4 13 0 1 0 0 0 1 
0
4
4 13 0 1 0 1 0 1 
0
4
4 13 0 0 0 1 0 1 
0
4
4 13 0 0 0 1 1 1 
0
4
4 13 0 1 0 1 1 1 
0
4
4 13 0 1 0 0 1 1 
0
4
4 13 0 0 0 0 1 1 
0
4
4 13 0 0 0 1 2 1 
0
4
4 13 0 1 0 1 2 1 
0
4
4 13 0 1 0 0 2 1 
0
4
4 13 0 0 0 0 2 1 
0
4
4 15 0 0 0 1 0 0 
0
4
4 15 0 1 0 1 0 0 
0
4
4 15 0 1 0 0 0 0 
0
4
4 15 0 0 0 0 0 0 
0
4
4 15 0 0 0 0 0 1 
0
4
4 15 0 1 0 0 0 1 
0
4
4 15 0 1 0 1 0 1 
0
4
4 15 0 0 0 1 0 1 
0
4
4 15 0 0 0 1 1 1 
0
4
4 15 0 1 0 1 1 1 
0
4
4 15 0 1 0 0 1 1 
0
4
4 15 0 0 0 0 1 1 
0
4
4 15 0 0 0 1 2 1 
0
4
4 15 0 1 0 1 2 1 
0
4
4 15 0 1 0 0 2 1 
0
4
4 15 0 0 0 0 2 1 
0
4
3 7 1 1 0 1 0 0 
0
4
3 7 1 1 0 0 0 0 
0
4
3 7 1 1 0 0 0 1 
0
4
3 7 1 1 0 1 0 1 
0
4
3 7 1 1 0 1 1 1 
0
4
3 7 1 1 0 0 1 1 
0
4
3 7 1 1 0 1 2 1 
0
4
3 7 1 1 0 0 2 1 
0
4
3 7 0 0 1 1 0 0 
0
4
3 7 0 1 1 1 0 0 
0
4
3 7 0 1 1 1 0 1 
0
4
3 7 0 0 1 1 0 1 
0
4
3 7 0 0 1 1 1 1 
0
4
3 7 0 1 1 1 1 1 
0
4
3 7 0 0 1 1 2 1 
0
4
3 7 0 1 1 1 2 1 
0
4
3 7 0 0 0 1 3 3 
1
4
3 7 0 1 0 1 3 3 
1
4
3 7 0 1 0 0 3 3 
1
4
3 7 0 0 0 0 3 3 
1
4
4 13 0 0 0 1 3 1 
0
4
4 13 0 1 0 1 3 1 
0
4
4 13 0 1 0 0 3 1 
0
4
4 13 0 0 0 0 3 1 
0
4
4 15 0 0 0 1 3 1 
0
4
4 15 0 1 0 1 3 1 
0
4
4 15 0 1 0 0 3 1 
0
4
4 15 0 0 0 0 3 1 
0
4
3 7 1 1 0 1 3 1 
0
4
3 7 1 1 0 0 3 1 
0
4
3 7 0 0 1 1 3 1 
0
4
3 7 0 1 1 1 3 1 
0
4
3 7 0 0 0 1 4 1 
0
4
3 7 0 1 0 1 4 1 
0
4
3 7 0 1 0 0 4 1 
0
4
3 7 0 0 0 0 4 1 
0
4
3 7 0 0 0 1 4 3 
0
4
3 7 0 1 0 1 4 3 
0
4
3 7 0 1 0 0 4 3 
0
4
3 7 0 0 0 0 4 3 
0
4
3 5 0 0 0 0 4 1 
0
4
3 5 0 1 0 0 4 1 
0
4
3 5 0 1 0 1 4 1 
0
4
3 5 0 0 0 1 4 1 
0
4
1 1 1 1 0 0 4 1 
0
4
1 1 1 1 0 1 4 1 
0
4
2 3 1 1 0 0 4 1 
0
4
2 3 1 1 0 1 4 1 
0
4
1 1 0 0 1 1 4 1 
0
4
1 1 0 1 1 1 4 1 
0
4
2 3 0 0 1 1 4 1 
0
4
2 3 0 1 1 1 4 1 
0
4
2 3 0 0 0 0 5 1 
0
4
2 3 0 1 0 0 5 1 
0
4
2 3 0 1 0 1 5 1 
0
4
2 3 0 0 0 1 5 1 
0
4
1 1 0 0 0 0 5 3 
0
4
1 1 0 1 0 0 5 3 
0
4
1 1 0 1 0 1 5 3 
0
4
1 1 0 0 0 1 5 3 
0
4
2 3 0 0 0 0 5 3 
0
4
2 3 0 1 0 0 5 3 
0
4
2 3 0 1 0 1 5 3 
0
4
2 3 0 0 0 1 5 3 
0
4
4 9 0 0 0 1 0 0 
0
4
4 9 0 1 0 1 0 0 
0
4
4 9 0 1 0 0 0 0 
0
4
4 9 0 0 0 0 0 0 
0
4
4 9 0 0 0 0 0 1 
0
4
4 9 0 1 0 0 0 1 
0
4
4 9 0 1 0 1 0 1 
0
4
4 9 0 0 0 1 0 1 
0
4
4 9 0 0 0 1 1 1 
0
4
4 9 0 1 0 1 1 1 
0
4
4 9 0 1 0 0 1 1 
0
4
4 9 0 0 0 0 1 1 
0
4
4 9 0 0 0 1 2 1 
0
4
4 9 0 1 0 1 2 1 
0
4
4 9 0 1 0 0 2 1 
0
4
4 9 0 0 0 0 2 1 
0
4
4 9 0 0 0 1 3 1 
0
4
4 9 0 1 0 1 3 1 
0
4
4 9 0 1 0 0 3 1 
0
4
4 9 0 0 0 0 3 1 
0
4
4 9 0 0 0 1 4 1 
1
4
4 9 0 1 0 1 4 1 
1
4
4 9 0 1 0 0 4 1 
1
4
4 9 0 0 0 0 4 1 
1
4
4 11 0 0 0 1 0 0 
0
4
4 11 0 1 0 1 0 0 
0
4
4 11 0 1 0 0 0 0 
0
4
4 11 0 0 0 0 0 0 
0
4
4 11 0 0 0 0 0 1 
0
4
4 11 0 1 0 0 0 1 
0
4
4 11 0 1 0 1 0 1 
0
4
4 11 0 0 0 1 0 1 
0
4
4 11 0 0 0 1 1 1 
0
4
4 11 0 1 0 1 1 1 
0
4
4 11 0 1 0 0 1 1 
0
4
4 11 0 0 0 0 1 1 
0
4
4 11 0 0 0 1 2 1 
0
4
4 11 0 1 0 1 2 1 
0
4
4 11 0 1 0 0 2 1 
0
4
4 11 0 0 0 0 2 1 
0
4
4 11 0 0 0 1 3 1 
0
4
4 11 0 1 0 1 3 1 
0
4
4 11 0 1 0 0 3 1 
0
4
4 11 0 0 0 0 3 1 
0
4
4 11 0 0 0 1 4 1 
0
4
4 11 0 1 0 1 4 1 
0
4
4 11 0 1 0 0 4 1 
0
4
4 11 0 0 0 0 4 1 
0
4
3 5 1 1 0 1 0 0 
0
4
3 5 1 1 0 0 0 0 
0
4
3 5 1 1 0 0 0 1 
0
4
3 5 1 1 0 1 0 1 
0
4
3 5 1 1 0 1 1 1 
0
4
3 5 1 1 0 0 1 1 
0
4
3 5 1 1 0 1 2 1 
0
4
3 5 1 1 0 0 2 1 
0
4
3 5 1 1 0 1 3 1 
0
4
3 5 1 1 0 0 3 1 
0
4
3 5 1 1 0 1 4 1 
0
4
3 5 1 1 0 0 4 1 
0
4
3 5 0 0 1 1 0 0 
0
4
3 5 0 1 1 1 0 0 
0
4
3 5 0 1 1 1 0 1 
0
4
3 5 0 0 1 1 0 1 
0
4
3 5 0 0 1 1 1 1 
0
4
3 5 0 1 1 1 1 1 
0
4
3 5 0 0 1 1 2 1 
0
4
3 5 0 1 1 1 2 1 
0
4
3 5 0 0 1 1 3 1 
0
4
3 5 0 1 1 1 3 1 
0
4
3 5 0 0 1 1 4 1 
0
4
3 5 0 1 1 1 4 1 
0
4
3 5 0 0 0 1 5 1 
0
4
3 5 0 1 0 1 5 1 
0
4
3 5 0 1 0 0 5 1 
0
4
3 5 0 0 0 0 5 1 
0
4
3 5 0 0 0 1 5 3 
0
4
3 5 0 1 0 1 5 3 
0
4
3 5 0 1 0 0 5 3 
0
4
3 5 0 0 0 0 5 3 
0
4
3 7 0 0 0 0 5 1 
0
4
3 7 0 1 0 0 5 1 
0
4
3 7 0 1 0 1 5 1 
0
4
3 7 0 0 0 1 5 1 
0
4
1 1 1 1 0 0 5 1 
0
4
1 1 1 1 0 1 5 1 
0
4
2 3 1 1 0 0 5 1 
0
4
2 3 1 1 0 1 5 1 
0
4
1 1 0 0 1 1 5 1 
0
4
1 1 0 1 1 1 5 1 
0
4
2 3 0 0 1 1 5 1 
0
4
2 3 0 1 1 1 5 1 
0
4
2 3 0 0 0 0 6 1 
0
4
2 3 0 1 0 0 6 1 
0
4
2 3 0 1 0 1 6 1 
0
4
2 3 0 0 0 1 6 1 
0
4
1 1 0 0 0 0 6 3 
0
4
1 1 0 1 0 0 6 3 
0
4
1 1 0 1 0 1 6 3 
0
4
1 1 0 0 0 1 6 3 
0
4
2 3 0 0 0 0 6 3 
0
4
2 3 0 1 0 0 6 3 
0
4
2 3 0 1 0 1 6 3 
0
4
2 3 0 0 0 1 6 3 
0
4
0 1 1 1 0 1 5 3 
0
4
0 0 1 1 0 1 5 3 
0
4
0 0 1 1 0 0 5 3 
0
4
0 1 1 1 0 0 5 3 
0
4
0 1 0 0 1 1 5 3 
0
4
0 0 0 0 1 1 5 3 
0
4
0 0 0 1 1 1 5 3 
0
4
0 1 0 1 1 1 5 3 
0
4
0 1 0 0 0 1 6 5 
0
4
0 0 0 0 0 1 6 5 
0
4
0 0 0 1 0 1 6 5 
0
4
0 1 0 1 0 1 6 5 
0
4
0 1 0 1 0 0 6 5 
0
4
0 0 0 1 0 0 6 5 
0
4
0 0 0 0 0 0 6 5 
0
4
0 1 0 0 0 0 6 5 
0
4
0 1 0 0 0 1 6 7 
0
4
0 0 0 0 0 1 6 7 
0
4
0 0 0 1 0 1 6 7 
0
4
0 1 0 1 0 1 6 7 
0
4
0 1 0 1 0 0 6 7 
0
4
0 0 0 1 0 0 6 7 
0
4
0 0 0 0 0 0 6 7 
0
4
0 1 0 0 0 0 6 7 
0
4
3 1 0 0 0 1 4 1 
1
4
3 1 0 1 0 1 4 1 
1
4
3 1 0 1 0 0 4 1 
1
4
3 1 0 0 0 0 4 1 
1
4
3 3 0 0 0 1 4 1 
1
4
3 3 0 1 0 1 4 1 
1
4
3 3 0 1 0 0 4 1 
1
4
3 3 0 0 0 0 4 1 
1
4
2 1 1 1 0 1 4 1 
1
4
2 1 1 1 0 0 4 1 
1
4
2 1 0 0 1 1 4 1 
1
4
2 1 0 1 1 1 4 1 
1
4
2 1 0 0 0 1 5 1 
1
4
2 1 0 1 0 1 5 1 
1
4
2 1 0 1 0 0 5 1 
1
4
2 1 0 0 0 0 5 1 
1
4
2 1 0 0 0 1 5 3 
1
4
2 1 0 1 0 1 5 3 
1
4
2 1 0 1 0 0 5 3 
1
4
2 1 0 0 0 0 5 3 
1
4
3 7 0 0 0 0 5 3 
0
4
3 7 0 1 0 0 5 3 
0
4
3 7 0 1 0 1 5 3 
0
4
3 7 0 0 0 1 5 3 
0
4
1 1 1 1 0 0 5 3 
0
4
1 1 1 1 0 1 5 3 
0
4
2 3 1 1 0 0 5 3 
0
4
2 3 1 1 0 1 5 3 
0
4
1 1 0 0 1 1 5 3 
0
4
1 1 0 1 1 1 5 3 
0
4
2 3 0 0 1 1 5 3 
0
4
2 3 0 1 1 1 5 3 
0
4
1 1 0 0 0 0 6 5 
0
4
1 1 0 1 0 0 6 5 
0
4
1 1 0 1 0 1 6 5 
0
4
1 1 0 0 0 1 6 5 
0
4
2 3 0 0 0 0 6 5 
1
4
2 3 0 1 0 0 6 5 
1
4
2 3 0 1 0 1 6 5 
1
4
2 3 0 0 0 1 6 5 
1
4
1 1 0 0 0 0 6 7 
0
4
1 1 0 1 0 0 6 7 
0
4
1 1 0 1 0 1 6 7 
0
4
1 1 0 0 0 1 6 7 
0
4
2 3 0 0 0 0 6 7 
0
4
2 3 0 1 0 0 6 7 
0
4
2 3 0 1 0 1 6 7 
0
4
2 3 0 0 0 1 6 7 
0
4
4 13 0 0 0 0 4 1 
0
4
4 13 0 1 0 0 4 1 
0
4
4 13 0 1 0 1 4 1 
0
4
4 13 0 0 0 1 4 1 
0
4
4 15 0 0 0 0 4 1 
0
4
4 15 0 1 0 0 4 1 
0
4
4 15 0 1 0 1 4 1 
0
4
4 15 0 0 0 1 4 1 
0
4
3 7 1 1 0 0 4 1 
0
4
3 7 1 1 0 1 4 1 
0
4
3 7 0 0 1 1 4 1 
0
4
3 7 0 1 1 1 4 1 
0
4
5 21 0 0 0 0 0 0 
0
4
5 21 0 1 0 0 0 0 
0
4
5 21 0 1 0 1 0 0 
0
4
5 21 0 0 0 1 0 0 
0
4
5 21 0 0 0 1 0 1 
0
4
5 21 0 1 0 1 0 1 
0
4
5 21 0 1 0 0 0 1 
0
4
5 21 0 0 0 0 0 1 
0
4
5 23 0 0 0 0 0 0 
0
4
5 23 0 1 0 0 0 0 
0
4
5 23 0 1 0 1 0 0 
0
4
5 23 0 0 0 1 0 0 
0
4
5 23 0 0 0 1 0 1 
0
4
5 23 0 1 0 1 0 1 
0
4
5 23 0 1 0 0 0 1 
0
4
5 23 0 0 0 0 0 1 
0
4
4 11 1 1 0 0 0 0 
0
4
4 11 1 1 0 1 0 0 
0
4
4 11 1 1 0 1 0 1 
0
4
4 11 1 1 0 0 0 1 
0
4
4 11 0 0 1 1 0 0 
0
4
4 11 0 1 1 1 0 0 
0
4
4 11 0 1 1 1 0 1 
0
4
4 11 0 0 1 1 0 1 
0
4
5 21 0 0 0 1 1 1 
0
4
5 21 0 1 0 1 1 1 
0
4
5 21 0 1 0 0 1 1 
0
4
5 21 0 0 0 0 1 1 
0
4
5 21 0 0 0 1 2 1 
0
4
5 21 0 1 0 1 2 1 
0
4
5 21 0 1 0 0 2 1 
0
4
5 21 0 0 0 0 2 1 
0
4
5 21 0 0 0 1 3 1 
0
4
5 21 0 1 0 1 3 1 
0
4
5 21 0 1 0 0 3 1 
0
4
5 21 0 0 0 0 3 1 
0
4
5 23 0 0 0 1 1 1 
0
4
5 23 0 1 0 1 1 1 
0
4
5 23 0 1 0 0 1 1 
0
4
5 23 0 0 0 0 1 1 
0
4
5 23 0 0 0 1 2 1 
0
4
5 23 0 1 0 1 2 1 
0
4
5 23 0 1 0 0 2 1 
0
4
5 23 0 0 0 0 2 1 
0
4
5 23 0 0 0 1 3 1 
0
4
5 23 0 1 0 1 3 1 
0
4
5 23 0 1 0 0 3 1 
0
4
5 23 0 0 0 0 3 1 
0
4
4 11 1 1 0 1 1 1 
0
4
4 11 1 1 0 0 1 1 
0
4
4 11 1 1 0 1 2 1 
0
4
4 11 1 1 0 0 2 1 
0
4
4 11 1 1 0 1 3 1 
0
4
4 11 1 1 0 0 3 1 
0
4
4 11 0 0 1 1 1 1 
0
4
4 11 0 1 1 1 1 1 
0
4
4 11 0 0 1 1 2 1 
0
4
4 11 0 1 1 1 2 1 
0
4
4 11 0 0 1 1 3 1 
0
4
4 11 0 1 1 1 3 1 
0
4
3 5 0 0 0 1 4 3 
0
4
3 5 0 1 0 1 4 3 
0
4
3 5 0 1 0 0 4 3 
0
4
3 5 0 0 0 0 4 3 
0
4
4 11 0 0 0 1 4 3 
1
4
4 11 0 1 0 1 4 3 
1
4
4 11 0 1 0 0 4 3 
1
4
4 11 0 0 0 0 4 3 
1
4
5 21 0 0 0 0 4 1 
1
4
5 21 0 1 0 0 4 1 
1
4
5 21 0 1 0 1 4 1 
1
4
5 21 0 0 0 1 4 1 
1
4
5 23 0 0 0 0 4 1 
0
4
5 23 0 1 0 0 4 1 
0
4
5 23 0 1 0 1 4 1 
0
4
5 23 0 0 0 1 4 1 
0
4
4 11 1 1 0 0 4 1 
0
4
4 11 1 1 0 1 4 1 
0
4
4 11 0 0 1 1 4 1 
0
4
4 11 0 1 1 1 4 1 
0
4
4 11 0 0 0 0 5 1 
0
4
4 11 0 1 0 0 5 1 
0
4
4 11 0 1 0 1 5 1 
0
4
4 11 0 0 0 1 5 1 
0
4
4 11 0 0 0 0 5 3 
0
4
4 11 0 1 0 0 5 3 
0
4
4 11 0 1 0 1 5 3 
0
4
4 11 0 0 0 1 5 3 
0
4
3 5 0 0 0 0 6 7 
0
4
3 5 0 1 0 0 6 7 
0
4
3 5 0 1 0 1 6 7 
0
4
3 5 0 0 0 1 6 7 
0
4
3 7 0 0 0 0 6 7 
0
4
3 7 0 1 0 0 6 7 
0
4
3 7 0 1 0 1 6 7 
0
4
3 7 0 0 0 1 6 7 
0
4
0 0 1 1 0 0 6 7 
0
4
0 1 1 1 0 0 6 7 
0
4
0 1 1 1 0 1 6 7 
0
4
0 0 1 1 0 1 6 7 
0
4
1 1 1 1 0 0 6 7 
0
4
1 1 1 1 0 1 6 7 
0
4
2 3 1 1 0 0 6 7 
0
4
2 3 1 1 0 1 6 7 
0
4
0 0 0 0 1 1 6 7 
0
4
0 1 0 0 1 1 6 7 
0
4
0 1 0 1 1 1 6 7 
0
4
0 0 0 1 1 1 6 7 
0
4
1 1 0 0 1 1 6 7 
0
4
1 1 0 1 1 1 6 7 
0
4
2 3 0 0 1 1 6 7 
0
4
2 3 0 1 1 1 6 7 
0
4
0 0 0 0 0 0 7 13 
0
4
0 1 0 0 0 0 7 13 
0
4
0 1 0 1 0 0 7 13 
0
4
0 0 0 1 0 0 7 13 
0
4
0 0 0 1 0 1 7 13 
0
4
0 1 0 1 0 1 7 13 
0
4
0 1 0 0 0 1 7 13 
0
4
0 0 0 0 0 1 7 13 
0
4
1 1 0 0 0 0 7 13 
0
4
1 1 0 1 0 0 7 13 
0
4
1 1 0 1 0 1 7 13 
0
4
1 1 0 0 0 1 7 13 
0
4
2 3 0 0 0 0 7 13 
0
4
2 3 0 1 0 0 7 13 
0
4
2 3 0 1 0 1 7 13 
0
4
2 3 0 0 0 1 7 13 
0
4
0 0 0 0 0 0 7 15 
0
4
0 1 0 0 0 0 7 15 
0
4
0 1 0 1 0 0 7 15 
0
4
0 0 0 1 0 0 7 15 
0
4
0 0 0 1 0 1 7 15 
0
4
0 1 0 1 0 1 7 15 
0
4
0 1 0 0 0 1 7 15 
0
4
0 0 0 0 0 1 7 15 
0
4
1 1 0 0 0 0 7 15 
0
4
1 1 0 1 0 0 7 15 
0
4
1 1 0 1 0 1 7 15 
0
4
1 1 0 0 0 1 7 15 
0
4
2 3 0 0 0 0 7 15 
1
4
2 3 0 1 0 0 7 15 
1
4
2 3 0 1 0 1 7 15 
1
4
2 3 0 0 0 1 7 15 
1
4
3 5 0 0 0 1 3 3 
0
4
3 5 0 1 0 1 3 3 
0
4
3 5 0 1 0 0 3 3 
0
4
3 5 0 0 0 0 3 3 
0
4
4 11 0 0 0 1 3 3 
0
4
4 11 0 1 0 1 3 3 
0
4
4 11 0 1 0 0 3 3 
0
4
4 11 0 0 0 0 3 3 
0
4
4 9 0 0 0 0 4 3 
1
4
4 9 0 1 0 0 4 3 
1
4
4 9 0 1 0 1 4 3 
1
4
4 9 0 0 0 1 4 3 
1
4
0 0 1 1 0 0 4 3 
0
4
0 1 1 1 0 0 4 3 
0
4
0 1 1 1 0 1 4 3 
0
4
0 0 1 1 0 1 4 3 
0
4
1 1 1 1 0 0 4 3 
0
4
1 1 1 1 0 1 4 3 
0
4
2 3 1 1 0 0 4 3 
0
4
2 3 1 1 0 1 4 3 
0
4
3 5 1 1 0 0 4 3 
1
4
3 5 1 1 0 1 4 3 
1
4
0 0 0 0 1 1 4 3 
0
4
0 1 0 0 1 1 4 3 
0
4
0 1 0 1 1 1 4 3 
0
4
0 0 0 1 1 1 4 3 
0
4
1 1 0 0 1 1 4 3 
0
4
1 1 0 1 1 1 4 3 
0
4
2 3 0 0 1 1 4 3 
0
4
2 3 0 1 1 1 4 3 
0
4
3 5 0 0 1 1 4 3 
1
4
3 5 0 1 1 1 4 3 
1
4
0 0 0 0 0 0 5 5 
0
4
0 1 0 0 0 0 5 5 
0
4
0 1 0 1 0 0 5 5 
0
4
0 0 0 1 0 0 5 5 
0
4
0 0 0 1 0 1 5 5 
0
4
0 1 0 1 0 1 5 5 
0
4
0 1 0 0 0 1 5 5 
0
4
0 0 0 0 0 1 5 5 
0
4
1 1 0 0 0 0 5 5 
0
4
1 1 0 1 0 0 5 5 
0
4
1 1 0 1 0 1 5 5 
0
4
1 1 0 0 0 1 5 5 
0
4
2 3 0 0 0 0 5 5 
0
4
2 3 0 1 0 0 5 5 
0
4
2 3 0 1 0 1 5 5 
0
4
2 3 0 0 0 1 5 5 
0
4
3 5 0 0 0 0 5 5 
1
4
3 5 0 1 0 0 5 5 
1
4
3 5 0 1 0 1 5 5 
1
4
3 5 0 0 0 1 5 5 
1
4
0 0 0 0 0 0 5 7 
0
4
0 1 0 0 0 0 5 7 
0
4
0 1 0 1 0 0 5 7 
0
4
0 0 0 1 0 0 5 7 
0
4
0 0 0 1 0 1 5 7 
0
4
0 1 0 1 0 1 5 7 
0
4
0 1 0 0 0 1 5 7 
0
4
0 0 0 0 0 1 5 7 
0
4
1 1 0 0 0 0 5 7 
0
4
1 1 0 1 0 0 5 7 
0
4
1 1 0 1 0 1 5 7 
0
4
1 1 0 0 0 1 5 7 
0
4
2 3 0 0 0 0 5 7 
0
4
2 3 0 1 0 0 5 7 
0
4
2 3 0 1 0 1 5 7 
0
4
2 3 0 0 0 1 5 7 
0
4
3 5 0 0 0 0 5 7 
1
4
3 5 0 1 0 0 5 7 
1
4
3 5 0 1 0 1 5 7 
1
4
3 5 0 0 0 1 5 7 
1
4
6 45 0 0 0 1 0 0 
0
4
6 45 0 1 0 1 0 0 
0
4
6 45 0 1 0 0 0 0 
0
4
6 45 0 0 0 0 0 0 
0
4
6 45 0 0 0 0 0 1 
0
4
6 45 0 1 0 0 0 1 
0
4
6 45 0 1 0 1 0 1 
0
4
6 45 0 0 0 1 0 1 
0
4
6 45 0 0 0 1 1 1 
0
4
6 45 0 1 0 1 1 1 
0
4
6 45 0 1 0 0 1 1 
0
4
6 45 0 0 0 0 1 1 
0
4
6 45 0 0 0 1 2 1 
0
4
6 45 0 1 0 1 2 1 
0
4
6 45 0 1 0 0 2 1 
0
4
6 45 0 0 0 0 2 1 
0
4
6 47 0 0 0 1 0 0 
0
4
6 47 0 1 0 1 0 0 
0
4
6 47 0 1 0 0 0 0 
0
4
6 47 0 0 0 0 0 0 
0
4
6 47 0 0 0 0 0 1 
0
4
6 47 0 1 0 0 0 1 
0
4
6 47 0 1 0 1 0 1 
0
4
6 47 0 0 0 1 0 1 
0
4
6 47 0 0 0 1 1 1 
0
4
6 47 0 1 0 1 1 1 
0
4
6 47 0 1 0 0 1 1 
0
4
6 47 0 0 0 0 1 1 
0
4
6 47 0 0 0 1 2 1 
0
4
6 47 0 1 0 1 2 1 
0
4
6 47 0 1 0 0 2 1 
0
4
6 47 0 0 0 0 2 1 
0
4
5 23 1 1 0 1 0 0 
0
4
5 23 1 1 0 0 0 0 
0
4
5 23 1 1 0 0 0 1 
0
4
5 23 1 1 0 1 0 1 
0
4
5 23 1 1 0 1 1 1 
0
4
5 23 1 1 0 0 1 1 
0
4
5 23 1 1 0 1 2 1 
0
4
5 23 1 1 0 0 2 1 
0
4
5 23 0 0 1 1 0 0 
0
4
5 23 0 1 1 1 0 0 
0
4
5 23 0 1 1 1 0 1 
0
4
5 23 0 0 1 1 0 1 
0
4
5 23 0 0 1 1 1 1 
0
4
5 23 0 1 1 1 1 1 
0
4
5 23 0 0 1 1 2 1 
0
4
5 23 0 1 1 1 2 1 
0
4
5 23 0 0 0 1 3 3 
1
4
5 23 0 1 0 1 3 3 
1
4
5 23 0 1 0 0 3 3 
1
4
5 23 0 0 0 0 3 3 
1
4
6 45 0 0 0 0 3 1 
0
4
6 45 0 1 0 0 3 1 
0
4
6 45 0 1 0 1 3 1 
0
4
6 45 0 0 0 1 3 1 
0
4
6 45 0 0 0 0 4 1 
1
4
6 45 0 1 0 0 4 1 
1
4
6 45 0 1 0 1 4 1 
1
4
6 45 0 0 0 1 4 1 
1
4
6 47 0 0 0 0 3 1 
0
4
6 47 0 1 0 0 3 1 
0
4
6 47 0 1 0 1 3 1 
0
4
6 47 0 0 0 1 3 1 
0
4
6 47 0 0 0 0 4 1 
1
4
6 47 0 1 0 0 4 1 
1
4
6 47 0 1 0 1 4 1 
1
4
6 47 0 0 0 1 4 1 
1
4
5 23 1 1 0 0 3 1 
0
4
5 23 1 1 0 1 3 1 
0
4
5 23 1 1 0 0 4 1 
1
4
5 23 1 1 0 1 4 1 
1
4
5 23 0 0 1 1 3 1 
0
4
5 23 0 1 1 1 3 1 
0
4
5 23 0 0 1 1 4 1 
1
4
5 23 0 1 1 1 4 1 
1
4
5 23 0 0 0 0 5 1 
1
4
5 23 0 1 0 0 5 1 
1
4
5 23 0 1 0 1 5 1 
1
4
5 23 0 0 0 1 5 1 
1
4
5 23 0 0 0 0 5 3 
1
4
5 23 0 1 0 0 5 3 
1
4
5 23 0 1 0 1 5 3 
1
4
5 23 0 0 0 1 5 3 
1
4
4 13 0 0 0 0 5 1 
1
4
4 13 0 1 0 0 5 1 
1
4
4 13 0 1 0 1 5 1 
1
4
4 13 0 0 0 1 5 1 
1
4
4 15 0 0 0 0 5 1 
1
4
4 15 0 1 0 0 5 1 
1
4
4 15 0 1 0 1 5 1 
1
4
4 15 0 0 0 1 5 1 
1
4
3 7 1 1 0 0 5 1 
1
4
3 7 1 1 0 1 5 1 
1
4
3 7 0 0 1 1 5 1 
1
4
3 7 0 1 1 1 5 1 
1
4
3 7 0 0 0 0 6 1 
1
4
3 7 0 1 0 0 6 1 
1
4
3 7 0 1 0 1 6 1 
1
4
3 7 0 0 0 1 6 1 
1
4
3 7 0 0 0 0 6 3 
1
4
3 7 0 1 0 0 6 3 
1
4
3 7 0 1 0 1 6 3 
1
4
3 7 0 0 0 1 6 3 
1
4
4 13 0 0 0 1 4 3 
1
4
4 13 0 1 0 1 4 3 
1
4
4 13 0 1 0 0 4 3 
1
4
4 13 0 0 0 0 4 3 
1
4
4 15 0 0 0 1 4 3 
1
4
4 15 0 1 0 1 4 3 
1
4
4 15 0 1 0 0 4 3 
1
4
4 15 0 0 0 0 4 3 
1
4
3 7 1 1 0 1 4 3 
1
4
3 7 1 1 0 0 4 3 
1
4
3 7 0 0 1 1 4 3 
1
4
3 7 0 1 1 1 4 3 
1
4
3 7 0 0 0 1 5 5 
1
4
3 7 0 1 0 1 5 5 
1
4
3 7 0 1 0 0 5 5 
1
4
3 7 0 0 0 0 5 5 
1
4
3 7 0 0 0 1 5 7 
1
4
3 7 0 1 0 1 5 7 
1
4
3 7 0 1 0 0 5 7 
1
4
3 7 0 0 0 0 5 7 
1
4
3 5 0 0 0 1 7 13 
1
4
3 5 0 1 0 1 7 13 
1
4
3 5 0 1 0 0 7 13 
1
4
3 5 0 0 0 0 7 13 
1
4
3 7 0 0 0 1 7 13 
1
4
3 7 0 1 0 1 7 13 
1
4
3 7 0 1 0 0 7 13 
1
4
3 7 0 0 0 0 7 13 
1
4
0 0 1 1 0 1 7 13 
0
4
0 1 1 1 0 1 7 13 
0
4
0 1 1 1 0 0 7 13 
0
4
0 0 1 1 0 0 7 13 
0
4
1 1 1 1 0 1 7 13 
0
4
1 1 1 1 0 0 7 13 
0
4
2 3 1 1 0 1 7 13 
1
4
2 3 1 1 0 0 7 13 
1
4
0 0 0 0 1 1 7 13 
0
4
0 1 0 0 1 1 7 13 
0
4
0 1 0 1 1 1 7 13 
0
4
0 0 0 1 1 1 7 13 
0
4
1 1 0 0 1 1 7 13 
0
4
1 1 0 1 1 1 7 13 
0
4
2 3 0 0 1 1 7 13 
1
4
2 3 0 1 1 1 7 13 
1
4
0 0 0 0 0 1 8 25 
0
4
0 1 0 0 0 1 8 25 
0
4
0 1 0 1 0 1 8 25 
0
4
0 0 0 1 0 1 8 25 
0
4
0 0 0 1 0 0 8 25 
0
4
0 1 0 1 0 0 8 25 
0
4
0 1 0 0 0 0 8 25 
0
4
0 0 0 0 0 0 8 25 
0
4
1 1 0 0 0 1 8 25 
0
4
1 1 0 1 0 1 8 25 
0
4
1 1 0 1 0 0 8 25 
0
4
1 1 0 0 0 0 8 25 
0
4
2 3 0 0 0 1 8 25 
1
4
2 3 0 1 0 1 8 25 
1
4
2 3 0 1 0 0 8 25 
1
4
2 3 0 0 0 0 8 25 
1
4
0 0 0 0 0 1 8 27 
0
4
0 1 0 0 0 1 8 27 
0
4
0 1 0 1 0 1 8 27 
0
4
0 0 0 1 0 1 8 27 
0
4
0 0 0 1 0 0 8 27 
0
4
0 1 0 1 0 0 8 27 
0
4
0 1 0 0 0 0 8 27 
0
4
0 0 0 0 0 0 8 27 
0
4
1 1 0 0 0 1 8 27 
0
4
1 1 0 1 0 1 8 27 
0
4
1 1 0 1 0 0 8 27 
0
4
1 1 0 0 0 0 8 27 
0
4
2 3 0 0 0 1 8 27 
1
4
2 3 0 1 0 1 8 27 
1
4
2 3 0 1 0 0 8 27 
1
4
2 3 0 0 0 0 8 27 
1
3
2
