nakBsplineBoundary
9 4 101
0
0.000000e+00 1.000000e+00 0 0 0.000000e+00 1.000000e+00 0 0 0.000000e+00 1.000000e+00 0 0 0.000000e+00 1.000000e+00 0 0 
4
0 0 0 0 0 0 0 0 
0
4
0 1 0 0 0 0 0 0 
0
4
1 1 1 1 1 1 1 1 
1
4
0 0 0 1 0 0 0 0 
0
4
0 1 0 1 0 0 0 0 
0
4
0 0 0 0 0 1 0 0 
0
4
0 1 0 0 0 1 0 0 
0
4
0 0 0 1 0 1 0 0 
0
4
0 1 0 1 0 1 0 0 
0
4
0 0 0 0 0 0 0 1 
0
4
0 1 0 0 0 0 0 1 
0
4
0 0 0 1 0 0 0 1 
0
4
0 1 0 1 0 0 0 1 
0
4
0 0 0 0 0 1 0 1 
0
4
0 1 0 0 0 1 0 1 
0
4
0 0 0 1 0 1 0 1 
0
4
0 1 0 1 0 1 0 1 
0
4
1 1 0 0 0 0 0 0 
0
4
1 1 0 1 0 0 0 0 
0
4
1 1 0 1 0 1 0 0 
0
4
1 1 0 0 0 1 0 0 
0
4
1 1 0 0 0 1 0 1 
0
4
1 1 0 1 0 1 0 1 
0
4
1 1 0 1 0 0 0 1 
0
4
1 1 0 0 0 0 0 1 
0
4
0 0 1 1 0 0 0 0 
0
4
0 1 1 1 0 0 0 0 
0
4
0 1 1 1 0 1 0 0 
0
4
0 0 1 1 0 1 0 0 
0
4
0 0 1 1 0 1 0 1 
0
4
0 1 1 1 0 1 0 1 
0
4
0 1 1 1 0 0 0 1 
0
4
0 0 1 1 0 0 0 1 
0
4
0 0 0 0 1 1 0 0 
0
4
0 1 0 0 1 1 0 0 
0
4
0 1 0 1 1 1 0 0 
0
4
0 0 0 1 1 1 0 0 
0
4
0 0 0 1 1 1 0 1 
0
4
0 1 0 1 1 1 0 1 
0
4
0 1 0 0 1 1 0 1 
0
4
0 0 0 0 1 1 0 1 
0
4
0 0 0 0 0 0 1 1 
0
4
0 1 0 0 0 0 1 1 
0
4
0 1 0 1 0 0 1 1 
0
4
0 0 0 1 0 0 1 1 
0
4
0 0 0 1 0 1 1 1 
0
4
0 1 0 1 0 1 1 1 
0
4
0 1 0 0 0 1 1 1 
0
4
0 0 0 0 0 1 1 1 
0
4
2 1 0 0 0 1 0 1 
1
4
2 1 0 1 0 1 0 1 
1
4
2 1 0 1 0 0 0 1 
1
4
2 1 0 0 0 0 0 1 
1
4
2 1 0 0 0 0 0 0 
1
4
2 1 0 1 0 0 0 0 
1
4
2 1 0 1 0 1 0 0 
1
4
2 1 0 0 0 1 0 0 
1
4
2 3 0 0 0 1 0 1 
1
4
2 3 0 1 0 1 0 1 
1
4
2 3 0 1 0 0 0 1 
1
4
2 3 0 0 0 0 0 1 
1
4
2 3 0 0 0 0 0 0 
1
4
2 3 0 1 0 0 0 0 
1
4
2 3 0 1 0 1 0 0 
1
4
2 3 0 0 0 1 0 0 
1
4
1 1 1 1 0 1 0 1 
1
4
1 1 1 1 0 0 0 1 
1
4
1 1 1 1 0 0 0 0 
1
4
1 1 1 1 0 1 0 0 
1
4
1 1 0 0 1 1 0 1 
1
4
1 1 0 1 1 1 0 1 
1
4
1 1 0 1 1 1 0 0 
1
4
1 1 0 0 1 1 0 0 
1
4
1 1 0 0 0 1 1 1 
1
4
1 1 0 1 0 1 1 1 
1
4
1 1 0 1 0 0 1 1 
1
4
1 1 0 0 0 0 1 1 
1
4
0 1 1 1 0 0 1 1 
1
4
0 0 1 1 0 0 1 1 
1
4
0 0 1 1 0 1 1 1 
1
4
0 1 1 1 0 1 1 1 
1
4
0 1 0 0 1 1 1 1 
1
4
0 0 0 0 1 1 1 1 
1
4
0 0 0 1 1 1 1 1 
1
4
0 1 0 1 1 1 1 1 
1
4
0 1 0 0 0 0 2 1 
1
4
0 0 0 0 0 0 2 1 
1
4
0 0 0 1 0 0 2 1 
1
4
0 1 0 1 0 0 2 1 
1
4
0 1 0 1 0 1 2 1 
1
4
0 0 0 1 0 1 2 1 
1
4
0 0 0 0 0 1 2 1 
1
4
0 1 0 0 0 1 2 1 
1
4
0 1 0 0 0 0 2 3 
1
4
0 0 0 0 0 0 2 3 
1
4
0 0 0 1 0 0 2 3 
1
4
0 1 0 1 0 0 2 3 
1
4
0 1 0 1 0 1 2 3 
1
4
0 0 0 1 0 1 2 3 
1
4
0 0 0 0 0 1 2 3 
1
4
0 1 0 0 0 1 2 3 
1
3
2
