nakBsplineBoundary
9 4 1717
0
0.000000e+00 1.000000e+00 0 0 0.000000e+00 1.000000e+00 0 0 0.000000e+00 1.000000e+00 0 0 0.000000e+00 1.000000e+00 0 0 
4
0 0 0 0 0 0 0 0 
0
4
0 1 0 0 0 0 0 0 
0
4
1 1 1 1 1 1 1 1 
0
4
0 0 0 1 0 0 0 0 
0
4
0 1 0 1 0 0 0 0 
0
4
0 0 0 0 0 1 0 0 
0
4
0 1 0 0 0 1 0 0 
0
4
0 0 0 1 0 1 0 0 
0
4
0 1 0 1 0 1 0 0 
0
4
0 0 0 0 0 0 0 1 
0
4
0 1 0 0 0 0 0 1 
0
4
0 0 0 1 0 0 0 1 
0
4
0 1 0 1 0 0 0 1 
0
4
0 0 0 0 0 1 0 1 
0
4
0 1 0 0 0 1 0 1 
0
4
0 0 0 1 0 1 0 1 
0
4
0 1 0 1 0 1 0 1 
0
4
1 1 0 1 0 0 0 1 
0
4
1 1 0 0 0 0 0 1 
0
4
1 1 0 0 0 1 0 1 
0
4
1 1 0 1 0 1 0 1 
0
4
1 1 0 1 0 1 0 0 
0
4
1 1 0 0 0 1 0 0 
0
4
1 1 0 0 0 0 0 0 
0
4
1 1 0 1 0 0 0 0 
0
4
0 0 1 1 0 0 0 1 
0
4
0 1 1 1 0 0 0 1 
0
4
0 1 1 1 0 1 0 1 
0
4
0 0 1 1 0 1 0 1 
0
4
0 0 1 1 0 1 0 0 
0
4
0 1 1 1 0 1 0 0 
0
4
0 1 1 1 0 0 0 0 
0
4
0 0 1 1 0 0 0 0 
0
4
0 0 0 1 1 1 0 1 
0
4
0 1 0 1 1 1 0 1 
0
4
0 1 0 0 1 1 0 1 
0
4
0 0 0 0 1 1 0 1 
0
4
0 0 0 0 1 1 0 0 
0
4
0 1 0 0 1 1 0 0 
0
4
0 1 0 1 1 1 0 0 
0
4
0 0 0 1 1 1 0 0 
0
4
0 0 0 1 0 0 1 1 
0
4
0 1 0 1 0 0 1 1 
0
4
0 1 0 0 0 0 1 1 
0
4
0 0 0 0 0 0 1 1 
0
4
0 0 0 0 0 1 1 1 
0
4
0 1 0 0 0 1 1 1 
0
4
0 1 0 1 0 1 1 1 
0
4
0 0 0 1 0 1 1 1 
0
4
0 0 0 0 1 1 1 1 
0
4
0 1 0 0 1 1 1 1 
0
4
0 1 0 1 1 1 1 1 
0
4
0 0 0 1 1 1 1 1 
0
4
1 1 0 0 0 0 1 1 
0
4
1 1 0 1 0 0 1 1 
0
4
1 1 0 1 0 1 1 1 
0
4
1 1 0 0 0 1 1 1 
0
4
1 1 0 0 1 1 0 0 
0
4
1 1 0 1 1 1 0 0 
0
4
1 1 0 1 1 1 0 1 
0
4
1 1 0 0 1 1 0 1 
0
4
1 1 0 0 1 1 1 1 
0
4
1 1 0 1 1 1 1 1 
0
4
2 1 0 0 0 0 0 0 
0
4
2 1 0 1 0 0 0 0 
0
4
2 1 0 1 0 1 0 0 
0
4
2 1 0 0 0 1 0 0 
0
4
2 1 0 0 0 1 0 1 
0
4
2 1 0 1 0 1 0 1 
0
4
2 1 0 1 0 0 0 1 
0
4
2 1 0 0 0 0 0 1 
0
4
2 1 0 0 0 0 1 1 
0
4
2 1 0 1 0 0 1 1 
0
4
2 1 0 1 0 1 1 1 
0
4
2 1 0 0 0 1 1 1 
0
4
2 1 0 0 1 1 0 0 
0
4
2 1 0 1 1 1 0 0 
0
4
2 1 0 1 1 1 0 1 
0
4
2 1 0 0 1 1 0 1 
0
4
2 1 0 0 1 1 1 1 
0
4
2 1 0 1 1 1 1 1 
0
4
0 0 1 1 0 0 1 1 
0
4
0 1 1 1 0 0 1 1 
0
4
0 1 1 1 0 1 1 1 
0
4
0 0 1 1 0 1 1 1 
0
4
1 1 1 1 0 0 0 0 
0
4
1 1 1 1 0 1 0 0 
0
4
1 1 1 1 0 1 0 1 
0
4
1 1 1 1 0 0 0 1 
0
4
1 1 1 1 0 0 1 1 
0
4
1 1 1 1 0 1 1 1 
0
4
2 1 1 1 0 0 0 0 
0
4
2 1 1 1 0 1 0 0 
0
4
2 1 1 1 0 1 0 1 
0
4
2 1 1 1 0 0 0 1 
0
4
2 1 1 1 0 0 1 1 
0
4
2 1 1 1 0 1 1 1 
0
4
0 0 1 1 1 1 0 0 
0
4
0 1 1 1 1 1 0 0 
0
4
0 1 1 1 1 1 0 1 
0
4
0 0 1 1 1 1 0 1 
0
4
1 1 1 1 1 1 0 0 
0
4
1 1 1 1 1 1 0 1 
0
4
2 1 1 1 1 1 0 0 
0
4
2 1 1 1 1 1 0 1 
0
4
2 1 1 1 1 1 1 1 
0
4
2 3 0 0 0 0 0 0 
0
4
2 3 0 1 0 0 0 0 
0
4
2 3 0 1 0 1 0 0 
0
4
2 3 0 0 0 1 0 0 
0
4
2 3 0 0 0 1 0 1 
0
4
2 3 0 1 0 1 0 1 
0
4
2 3 0 1 0 0 0 1 
0
4
2 3 0 0 0 0 0 1 
0
4
2 3 0 0 0 0 1 1 
0
4
2 3 0 1 0 0 1 1 
0
4
2 3 0 1 0 1 1 1 
0
4
2 3 0 0 0 1 1 1 
0
4
2 3 0 0 1 1 0 0 
0
4
2 3 0 1 1 1 0 0 
0
4
2 3 0 1 1 1 0 1 
0
4
2 3 0 0 1 1 0 1 
0
4
2 3 0 0 1 1 1 1 
0
4
2 3 0 1 1 1 1 1 
0
4
2 3 1 1 0 0 0 0 
0
4
2 3 1 1 0 1 0 0 
0
4
2 3 1 1 0 1 0 1 
0
4
2 3 1 1 0 0 0 1 
0
4
2 3 1 1 0 0 1 1 
0
4
2 3 1 1 0 1 1 1 
0
4
2 3 1 1 1 1 0 0 
0
4
2 3 1 1 1 1 0 1 
0
4
2 3 1 1 1 1 1 1 
0
4
0 0 1 1 1 1 1 1 
0
4
0 1 1 1 1 1 1 1 
0
4
0 0 2 1 0 0 0 0 
0
4
0 1 2 1 0 0 0 0 
0
4
0 1 2 1 0 1 0 0 
0
4
0 0 2 1 0 1 0 0 
0
4
0 0 2 1 0 1 0 1 
0
4
0 1 2 1 0 1 0 1 
0
4
0 1 2 1 0 0 0 1 
0
4
0 0 2 1 0 0 0 1 
0
4
0 0 2 1 0 0 1 1 
0
4
0 1 2 1 0 0 1 1 
0
4
0 1 2 1 0 1 1 1 
0
4
0 0 2 1 0 1 1 1 
0
4
0 0 2 1 1 1 0 0 
0
4
0 1 2 1 1 1 0 0 
0
4
0 1 2 1 1 1 0 1 
0
4
0 0 2 1 1 1 0 1 
0
4
0 0 2 1 1 1 1 1 
0
4
0 1 2 1 1 1 1 1 
0
4
1 1 2 1 0 0 0 0 
0
4
1 1 2 1 0 1 0 0 
0
4
1 1 2 1 0 1 0 1 
0
4
1 1 2 1 0 0 0 1 
0
4
1 1 2 1 0 0 1 1 
0
4
1 1 2 1 0 1 1 1 
0
4
1 1 2 1 1 1 0 0 
0
4
1 1 2 1 1 1 0 1 
0
4
1 1 2 1 1 1 1 1 
0
4
0 0 2 3 0 0 0 0 
0
4
0 1 2 3 0 0 0 0 
0
4
0 1 2 3 0 1 0 0 
0
4
0 0 2 3 0 1 0 0 
0
4
0 0 2 3 0 1 0 1 
0
4
0 1 2 3 0 1 0 1 
0
4
0 1 2 3 0 0 0 1 
0
4
0 0 2 3 0 0 0 1 
0
4
0 0 2 3 0 0 1 1 
0
4
0 1 2 3 0 0 1 1 
0
4
0 1 2 3 0 1 1 1 
0
4
0 0 2 3 0 1 1 1 
0
4
0 0 2 3 1 1 0 0 
0
4
0 1 2 3 1 1 0 0 
0
4
0 1 2 3 1 1 0 1 
0
4
0 0 2 3 1 1 0 1 
0
4
0 0 2 3 1 1 1 1 
0
4
0 1 2 3 1 1 1 1 
0
4
1 1 2 3 0 0 0 0 
0
4
1 1 2 3 0 1 0 0 
0
4
1 1 2 3 0 1 0 1 
0
4
1 1 2 3 0 0 0 1 
0
4
1 1 2 3 0 0 1 1 
0
4
1 1 2 3 0 1 1 1 
0
4
1 1 2 3 1 1 0 0 
0
4
1 1 2 3 1 1 0 1 
0
4
1 1 2 3 1 1 1 1 
0
4
0 0 0 0 2 1 0 0 
0
4
0 1 0 0 2 1 0 0 
0
4
0 1 0 1 2 1 0 0 
0
4
0 0 0 1 2 1 0 0 
0
4
0 0 0 1 2 1 0 1 
0
4
0 1 0 1 2 1 0 1 
0
4
0 1 0 0 2 1 0 1 
0
4
0 0 0 0 2 1 0 1 
0
4
0 0 0 0 2 1 1 1 
0
4
0 1 0 0 2 1 1 1 
0
4
0 1 0 1 2 1 1 1 
0
4
0 0 0 1 2 1 1 1 
0
4
0 0 1 1 2 1 0 0 
0
4
0 1 1 1 2 1 0 0 
0
4
0 1 1 1 2 1 0 1 
0
4
0 0 1 1 2 1 0 1 
0
4
0 0 1 1 2 1 1 1 
0
4
0 1 1 1 2 1 1 1 
0
4
1 1 0 0 2 1 0 0 
0
4
1 1 0 1 2 1 0 0 
0
4
1 1 0 1 2 1 0 1 
0
4
1 1 0 0 2 1 0 1 
0
4
1 1 0 0 2 1 1 1 
0
4
1 1 0 1 2 1 1 1 
0
4
1 1 1 1 2 1 0 0 
0
4
1 1 1 1 2 1 0 1 
0
4
1 1 1 1 2 1 1 1 
0
4
0 0 0 0 2 3 0 0 
0
4
0 1 0 0 2 3 0 0 
0
4
0 1 0 1 2 3 0 0 
0
4
0 0 0 1 2 3 0 0 
0
4
0 0 0 1 2 3 0 1 
0
4
0 1 0 1 2 3 0 1 
0
4
0 1 0 0 2 3 0 1 
0
4
0 0 0 0 2 3 0 1 
0
4
0 0 0 0 2 3 1 1 
0
4
0 1 0 0 2 3 1 1 
0
4
0 1 0 1 2 3 1 1 
0
4
0 0 0 1 2 3 1 1 
0
4
0 0 1 1 2 3 0 0 
0
4
0 1 1 1 2 3 0 0 
0
4
0 1 1 1 2 3 0 1 
0
4
0 0 1 1 2 3 0 1 
0
4
0 0 1 1 2 3 1 1 
0
4
0 1 1 1 2 3 1 1 
0
4
1 1 0 0 2 3 0 0 
0
4
1 1 0 1 2 3 0 0 
0
4
1 1 0 1 2 3 0 1 
0
4
1 1 0 0 2 3 0 1 
0
4
1 1 0 0 2 3 1 1 
0
4
1 1 0 1 2 3 1 1 
0
4
1 1 1 1 2 3 0 0 
0
4
1 1 1 1 2 3 0 1 
0
4
1 1 1 1 2 3 1 1 
0
4
0 0 0 0 0 0 2 1 
0
4
0 1 0 0 0 0 2 1 
0
4
0 1 0 1 0 0 2 1 
0
4
0 0 0 1 0 0 2 1 
0
4
0 0 0 1 0 1 2 1 
0
4
0 1 0 1 0 1 2 1 
0
4
0 1 0 0 0 1 2 1 
0
4
0 0 0 0 0 1 2 1 
0
4
0 0 0 0 1 1 2 1 
0
4
0 1 0 0 1 1 2 1 
0
4
0 1 0 1 1 1 2 1 
0
4
0 0 0 1 1 1 2 1 
0
4
0 0 1 1 0 0 2 1 
0
4
0 1 1 1 0 0 2 1 
0
4
0 1 1 1 0 1 2 1 
0
4
0 0 1 1 0 1 2 1 
0
4
0 0 1 1 1 1 2 1 
0
4
0 1 1 1 1 1 2 1 
0
4
1 1 0 0 0 0 2 1 
0
4
1 1 0 1 0 0 2 1 
0
4
1 1 0 1 0 1 2 1 
0
4
1 1 0 0 0 1 2 1 
0
4
1 1 0 0 1 1 2 1 
0
4
1 1 0 1 1 1 2 1 
0
4
1 1 1 1 0 0 2 1 
0
4
1 1 1 1 0 1 2 1 
0
4
1 1 1 1 1 1 2 1 
0
4
0 0 0 0 0 0 2 3 
0
4
0 1 0 0 0 0 2 3 
0
4
0 1 0 1 0 0 2 3 
0
4
0 0 0 1 0 0 2 3 
0
4
0 0 0 1 0 1 2 3 
0
4
0 1 0 1 0 1 2 3 
0
4
0 1 0 0 0 1 2 3 
0
4
0 0 0 0 0 1 2 3 
0
4
0 0 0 0 1 1 2 3 
0
4
0 1 0 0 1 1 2 3 
0
4
0 1 0 1 1 1 2 3 
0
4
0 0 0 1 1 1 2 3 
0
4
0 0 1 1 0 0 2 3 
0
4
0 1 1 1 0 0 2 3 
0
4
0 1 1 1 0 1 2 3 
0
4
0 0 1 1 0 1 2 3 
0
4
0 0 1 1 1 1 2 3 
0
4
0 1 1 1 1 1 2 3 
0
4
1 1 0 0 0 0 2 3 
0
4
1 1 0 1 0 0 2 3 
0
4
1 1 0 1 0 1 2 3 
0
4
1 1 0 0 0 1 2 3 
0
4
1 1 0 0 1 1 2 3 
0
4
1 1 0 1 1 1 2 3 
0
4
1 1 1 1 0 0 2 3 
0
4
1 1 1 1 0 1 2 3 
0
4
1 1 1 1 1 1 2 3 
1
4
3 1 0 0 0 0 0 0 
0
4
3 1 0 1 0 0 0 0 
0
4
3 1 0 1 0 1 0 0 
0
4
3 1 0 0 0 1 0 0 
0
4
3 1 0 0 0 1 0 1 
0
4
3 1 0 1 0 1 0 1 
0
4
3 1 0 1 0 0 0 1 
0
4
3 1 0 0 0 0 0 1 
0
4
3 1 0 0 0 0 1 1 
0
4
3 1 0 1 0 0 1 1 
0
4
3 1 0 1 0 1 1 1 
0
4
3 1 0 0 0 1 1 1 
0
4
3 3 0 0 0 0 0 0 
0
4
3 3 0 1 0 0 0 0 
0
4
3 3 0 1 0 1 0 0 
0
4
3 3 0 0 0 1 0 0 
0
4
3 3 0 0 0 1 0 1 
0
4
3 3 0 1 0 1 0 1 
0
4
3 3 0 1 0 0 0 1 
0
4
3 3 0 0 0 0 0 1 
0
4
3 3 0 0 0 0 1 1 
0
4
3 3 0 1 0 0 1 1 
0
4
3 3 0 1 0 1 1 1 
0
4
3 3 0 0 0 1 1 1 
0
4
2 1 0 0 0 0 2 1 
0
4
2 1 0 1 0 0 2 1 
0
4
2 1 0 1 0 1 2 1 
0
4
2 1 0 0 0 1 2 1 
0
4
2 1 0 0 0 0 2 3 
0
4
2 1 0 1 0 0 2 3 
0
4
2 1 0 1 0 1 2 3 
0
4
2 1 0 0 0 1 2 3 
0
4
2 3 0 0 0 0 2 1 
0
4
2 3 0 1 0 0 2 1 
0
4
2 3 0 1 0 1 2 1 
0
4
2 3 0 0 0 1 2 1 
0
4
0 0 0 0 0 0 3 1 
0
4
0 1 0 0 0 0 3 1 
0
4
0 1 0 1 0 0 3 1 
0
4
0 0 0 1 0 0 3 1 
0
4
0 0 0 1 0 1 3 1 
0
4
0 1 0 1 0 1 3 1 
0
4
0 1 0 0 0 1 3 1 
0
4
0 0 0 0 0 1 3 1 
0
4
1 1 0 0 0 0 3 1 
0
4
1 1 0 1 0 0 3 1 
0
4
1 1 0 1 0 1 3 1 
0
4
1 1 0 0 0 1 3 1 
0
4
0 0 0 0 0 0 3 3 
0
4
0 1 0 0 0 0 3 3 
0
4
0 1 0 1 0 0 3 3 
0
4
0 0 0 1 0 0 3 3 
0
4
0 0 0 1 0 1 3 3 
0
4
0 1 0 1 0 1 3 3 
0
4
0 1 0 0 0 1 3 3 
0
4
0 0 0 0 0 1 3 3 
0
4
1 1 0 0 0 0 3 3 
0
4
1 1 0 1 0 0 3 3 
0
4
1 1 0 1 0 1 3 3 
0
4
1 1 0 0 0 1 3 3 
0
4
3 5 0 1 0 0 0 1 
0
4
3 5 0 0 0 0 0 1 
0
4
3 5 0 0 0 1 0 1 
0
4
3 5 0 1 0 1 0 1 
0
4
3 5 0 1 0 1 0 0 
0
4
3 5 0 0 0 1 0 0 
0
4
3 5 0 0 0 0 0 0 
0
4
3 5 0 1 0 0 0 0 
0
4
3 7 0 1 0 0 0 1 
0
4
3 7 0 0 0 0 0 1 
0
4
3 7 0 0 0 1 0 1 
0
4
3 7 0 1 0 1 0 1 
0
4
3 7 0 1 0 1 0 0 
0
4
3 7 0 0 0 1 0 0 
0
4
3 7 0 0 0 0 0 0 
0
4
3 7 0 1 0 0 0 0 
0
4
3 5 0 1 0 0 1 1 
0
4
3 5 0 0 0 0 1 1 
0
4
3 5 0 0 0 1 1 1 
0
4
3 5 0 1 0 1 1 1 
0
4
3 5 0 1 0 0 2 1 
0
4
3 5 0 0 0 0 2 1 
0
4
3 5 0 0 0 1 2 1 
0
4
3 5 0 1 0 1 2 1 
0
4
3 7 0 1 0 0 1 1 
0
4
3 7 0 0 0 0 1 1 
0
4
3 7 0 0 0 1 1 1 
0
4
3 7 0 1 0 1 1 1 
0
4
3 7 0 1 0 0 2 1 
0
4
3 7 0 0 0 0 2 1 
0
4
3 7 0 0 0 1 2 1 
0
4
3 7 0 1 0 1 2 1 
0
4
2 3 1 1 0 0 2 1 
0
4
2 3 1 1 0 1 2 1 
0
4
2 3 0 1 1 1 2 1 
0
4
2 3 0 0 1 1 2 1 
0
4
2 3 0 1 0 0 3 1 
0
4
2 3 0 0 0 0 3 1 
0
4
2 3 0 0 0 1 3 1 
0
4
2 3 0 1 0 1 3 1 
0
4
2 3 0 1 0 0 3 3 
0
4
2 3 0 0 0 0 3 3 
0
4
2 3 0 0 0 1 3 3 
0
4
2 3 0 1 0 1 3 3 
0
4
2 1 0 1 0 1 3 1 
0
4
2 1 0 0 0 1 3 1 
0
4
2 1 0 0 0 0 3 1 
0
4
2 1 0 1 0 0 3 1 
0
4
0 0 1 1 0 1 3 1 
0
4
0 1 1 1 0 1 3 1 
0
4
0 1 1 1 0 0 3 1 
0
4
0 0 1 1 0 0 3 1 
0
4
1 1 1 1 0 1 3 1 
0
4
1 1 1 1 0 0 3 1 
0
4
0 0 0 1 1 1 3 1 
0
4
0 1 0 1 1 1 3 1 
0
4
0 1 0 0 1 1 3 1 
0
4
0 0 0 0 1 1 3 1 
0
4
1 1 0 1 1 1 3 1 
0
4
1 1 0 0 1 1 3 1 
0
4
0 0 0 1 0 1 4 1 
0
4
0 1 0 1 0 1 4 1 
0
4
0 1 0 0 0 1 4 1 
0
4
0 0 0 0 0 1 4 1 
0
4
0 0 0 0 0 0 4 1 
0
4
0 1 0 0 0 0 4 1 
0
4
0 1 0 1 0 0 4 1 
0
4
0 0 0 1 0 0 4 1 
0
4
1 1 0 1 0 1 4 1 
0
4
1 1 0 0 0 1 4 1 
0
4
1 1 0 0 0 0 4 1 
0
4
1 1 0 1 0 0 4 1 
0
4
0 0 0 1 0 1 4 3 
0
4
0 1 0 1 0 1 4 3 
0
4
0 1 0 0 0 1 4 3 
0
4
0 0 0 0 0 1 4 3 
0
4
0 0 0 0 0 0 4 3 
0
4
0 1 0 0 0 0 4 3 
0
4
0 1 0 1 0 0 4 3 
0
4
0 0 0 1 0 0 4 3 
0
4
1 1 0 1 0 1 4 3 
0
4
1 1 0 0 0 1 4 3 
0
4
1 1 0 0 0 0 4 3 
0
4
1 1 0 1 0 0 4 3 
0
4
4 1 0 1 0 0 0 0 
0
4
4 1 0 0 0 0 0 0 
0
4
4 1 0 0 0 1 0 0 
0
4
4 1 0 1 0 1 0 0 
0
4
4 1 0 1 0 1 0 1 
0
4
4 1 0 0 0 1 0 1 
0
4
4 1 0 0 0 0 0 1 
0
4
4 1 0 1 0 0 0 1 
0
4
4 1 0 1 0 0 1 1 
0
4
4 1 0 0 0 0 1 1 
0
4
4 1 0 0 0 1 1 1 
0
4
4 1 0 1 0 1 1 1 
0
4
4 3 0 1 0 0 0 0 
0
4
4 3 0 0 0 0 0 0 
0
4
4 3 0 0 0 1 0 0 
0
4
4 3 0 1 0 1 0 0 
0
4
4 3 0 1 0 1 0 1 
0
4
4 3 0 0 0 1 0 1 
0
4
4 3 0 0 0 0 0 1 
0
4
4 3 0 1 0 0 0 1 
0
4
4 3 0 1 0 0 1 1 
0
4
4 3 0 0 0 0 1 1 
0
4
4 3 0 0 0 1 1 1 
0
4
4 3 0 1 0 1 1 1 
0
4
3 1 1 1 0 0 0 0 
0
4
3 1 1 1 0 1 0 0 
0
4
3 1 1 1 0 1 0 1 
0
4
3 1 1 1 0 0 0 1 
0
4
3 1 1 1 0 0 1 1 
0
4
3 1 1 1 0 1 1 1 
0
4
3 1 0 1 1 1 0 0 
0
4
3 1 0 0 1 1 0 0 
0
4
3 1 0 0 1 1 0 1 
0
4
3 1 0 1 1 1 0 1 
0
4
3 1 0 1 1 1 1 1 
0
4
3 1 0 0 1 1 1 1 
0
4
3 1 0 1 0 0 2 1 
0
4
3 1 0 0 0 0 2 1 
0
4
3 1 0 0 0 1 2 1 
0
4
3 1 0 1 0 1 2 1 
0
4
3 1 0 1 0 0 2 3 
0
4
3 1 0 0 0 0 2 3 
0
4
3 1 0 0 0 1 2 3 
0
4
3 1 0 1 0 1 2 3 
0
4
3 3 0 0 0 0 2 1 
0
4
3 3 0 1 0 0 2 1 
0
4
3 3 0 1 0 1 2 1 
0
4
3 3 0 0 0 1 2 1 
0
4
2 1 1 1 0 0 2 1 
0
4
2 1 1 1 0 1 2 1 
0
4
2 1 0 0 1 1 2 1 
0
4
2 1 0 1 1 1 2 1 
0
4
2 1 0 0 0 0 3 3 
0
4
2 1 0 1 0 0 3 3 
0
4
2 1 0 1 0 1 3 3 
0
4
2 1 0 0 0 1 3 3 
0
4
5 1 0 1 0 0 0 1 
0
4
5 1 0 0 0 0 0 1 
0
4
5 1 0 0 0 1 0 1 
0
4
5 1 0 1 0 1 0 1 
0
4
5 1 0 1 0 1 0 0 
0
4
5 1 0 0 0 1 0 0 
0
4
5 1 0 0 0 0 0 0 
0
4
5 1 0 1 0 0 0 0 
0
4
5 3 0 1 0 0 0 1 
0
4
5 3 0 0 0 0 0 1 
0
4
5 3 0 0 0 1 0 1 
0
4
5 3 0 1 0 1 0 1 
0
4
5 3 0 1 0 1 0 0 
0
4
5 3 0 0 0 1 0 0 
0
4
5 3 0 0 0 0 0 0 
0
4
5 3 0 1 0 0 0 0 
0
4
4 1 1 1 0 0 0 1 
0
4
4 1 1 1 0 1 0 1 
0
4
4 1 1 1 0 1 0 0 
0
4
4 1 1 1 0 0 0 0 
0
4
4 1 0 1 1 1 0 1 
0
4
4 1 0 0 1 1 0 1 
0
4
4 1 0 0 1 1 0 0 
0
4
4 1 0 1 1 1 0 0 
0
4
4 1 0 1 0 0 2 3 
0
4
4 1 0 0 0 0 2 3 
0
4
4 1 0 0 0 1 2 3 
0
4
4 1 0 1 0 1 2 3 
0
4
4 3 0 1 0 0 2 3 
0
4
4 3 0 0 0 0 2 3 
0
4
4 3 0 0 0 1 2 3 
0
4
4 3 0 1 0 1 2 3 
0
4
2 1 1 1 0 0 2 3 
0
4
2 1 1 1 0 1 2 3 
0
4
3 1 1 1 0 0 2 3 
0
4
3 1 1 1 0 1 2 3 
0
4
2 1 0 1 1 1 2 3 
0
4
2 1 0 0 1 1 2 3 
0
4
3 1 0 1 1 1 2 3 
0
4
3 1 0 0 1 1 2 3 
0
4
0 0 0 1 0 0 3 5 
0
4
0 1 0 1 0 0 3 5 
0
4
0 1 0 0 0 0 3 5 
0
4
0 0 0 0 0 0 3 5 
0
4
0 0 0 0 0 1 3 5 
0
4
0 1 0 0 0 1 3 5 
0
4
0 1 0 1 0 1 3 5 
0
4
0 0 0 1 0 1 3 5 
0
4
1 1 0 1 0 0 3 5 
0
4
1 1 0 0 0 0 3 5 
0
4
1 1 0 0 0 1 3 5 
0
4
1 1 0 1 0 1 3 5 
0
4
2 1 0 1 0 0 3 5 
0
4
2 1 0 0 0 0 3 5 
0
4
2 1 0 0 0 1 3 5 
0
4
2 1 0 1 0 1 3 5 
0
4
3 1 0 1 0 0 3 5 
0
4
3 1 0 0 0 0 3 5 
0
4
3 1 0 0 0 1 3 5 
0
4
3 1 0 1 0 1 3 5 
0
4
0 0 0 1 0 0 3 7 
0
4
0 1 0 1 0 0 3 7 
0
4
0 1 0 0 0 0 3 7 
0
4
0 0 0 0 0 0 3 7 
0
4
0 0 0 0 0 1 3 7 
0
4
0 1 0 0 0 1 3 7 
0
4
0 1 0 1 0 1 3 7 
0
4
0 0 0 1 0 1 3 7 
0
4
1 1 0 1 0 0 3 7 
0
4
1 1 0 0 0 0 3 7 
0
4
1 1 0 0 0 1 3 7 
0
4
1 1 0 1 0 1 3 7 
0
4
2 1 0 1 0 0 3 7 
0
4
2 1 0 0 0 0 3 7 
0
4
2 1 0 0 0 1 3 7 
0
4
2 1 0 1 0 1 3 7 
0
4
3 1 0 1 0 0 3 7 
0
4
3 1 0 0 0 0 3 7 
0
4
3 1 0 0 0 1 3 7 
0
4
3 1 0 1 0 1 3 7 
0
4
4 1 0 1 0 1 2 1 
0
4
4 1 0 0 0 1 2 1 
0
4
4 1 0 0 0 0 2 1 
0
4
4 1 0 1 0 0 2 1 
0
4
4 3 0 1 0 1 2 1 
0
4
4 3 0 0 0 1 2 1 
0
4
4 3 0 0 0 0 2 1 
0
4
4 3 0 1 0 0 2 1 
0
4
3 1 1 1 0 1 2 1 
0
4
3 1 1 1 0 0 2 1 
0
4
3 1 0 1 1 1 2 1 
0
4
3 1 0 0 1 1 2 1 
0
4
3 1 0 1 0 1 3 1 
0
4
3 1 0 0 0 1 3 1 
0
4
3 1 0 0 0 0 3 1 
0
4
3 1 0 1 0 0 3 1 
0
4
3 1 0 1 0 1 3 3 
0
4
3 1 0 0 0 1 3 3 
0
4
3 1 0 0 0 0 3 3 
0
4
3 1 0 1 0 0 3 3 
0
4
3 3 0 1 0 0 2 3 
1
4
3 3 0 0 0 0 2 3 
1
4
3 3 0 0 0 1 2 3 
1
4
3 3 0 1 0 1 2 3 
1
4
2 3 0 1 0 0 2 3 
1
4
2 3 0 0 0 0 2 3 
1
4
2 3 0 0 0 1 2 3 
1
4
2 3 0 1 0 1 2 3 
1
4
3 5 0 1 0 0 3 1 
0
4
3 5 0 0 0 0 3 1 
0
4
3 5 0 0 0 1 3 1 
0
4
3 5 0 1 0 1 3 1 
0
4
3 7 0 1 0 0 3 1 
0
4
3 7 0 0 0 0 3 1 
0
4
3 7 0 0 0 1 3 1 
0
4
3 7 0 1 0 1 3 1 
0
4
2 3 1 1 0 0 3 1 
0
4
2 3 1 1 0 1 3 1 
0
4
2 3 0 1 1 1 3 1 
0
4
2 3 0 0 1 1 3 1 
0
4
2 3 0 1 0 0 4 1 
0
4
2 3 0 0 0 0 4 1 
0
4
2 3 0 0 0 1 4 1 
0
4
2 3 0 1 0 1 4 1 
0
4
2 3 0 1 0 0 4 3 
0
4
2 3 0 0 0 0 4 3 
0
4
2 3 0 0 0 1 4 3 
0
4
2 3 0 1 0 1 4 3 
0
4
3 3 0 1 0 1 3 1 
0
4
3 3 0 0 0 1 3 1 
0
4
3 3 0 0 0 0 3 1 
0
4
3 3 0 1 0 0 3 1 
0
4
2 1 1 1 0 1 3 1 
0
4
2 1 1 1 0 0 3 1 
0
4
2 1 0 1 1 1 3 1 
0
4
2 1 0 0 1 1 3 1 
0
4
2 1 0 1 0 1 4 1 
0
4
2 1 0 0 0 1 4 1 
0
4
2 1 0 0 0 0 4 1 
0
4
2 1 0 1 0 0 4 1 
0
4
2 1 0 1 0 1 4 3 
0
4
2 1 0 0 0 1 4 3 
0
4
2 1 0 0 0 0 4 3 
0
4
2 1 0 1 0 0 4 3 
0
4
4 13 0 0 0 1 0 0 
0
4
4 13 0 1 0 1 0 0 
0
4
4 13 0 1 0 0 0 0 
0
4
4 13 0 0 0 0 0 0 
0
4
4 13 0 0 0 0 0 1 
0
4
4 13 0 1 0 0 0 1 
0
4
4 13 0 1 0 1 0 1 
0
4
4 13 0 0 0 1 0 1 
0
4
4 13 0 0 0 1 1 1 
0
4
4 13 0 1 0 1 1 1 
0
4
4 13 0 1 0 0 1 1 
0
4
4 13 0 0 0 0 1 1 
0
4
4 13 0 0 0 1 2 1 
0
4
4 13 0 1 0 1 2 1 
0
4
4 13 0 1 0 0 2 1 
0
4
4 13 0 0 0 0 2 1 
0
4
4 15 0 0 0 1 0 0 
0
4
4 15 0 1 0 1 0 0 
0
4
4 15 0 1 0 0 0 0 
0
4
4 15 0 0 0 0 0 0 
0
4
4 15 0 0 0 0 0 1 
0
4
4 15 0 1 0 0 0 1 
0
4
4 15 0 1 0 1 0 1 
0
4
4 15 0 0 0 1 0 1 
0
4
4 15 0 0 0 1 1 1 
0
4
4 15 0 1 0 1 1 1 
0
4
4 15 0 1 0 0 1 1 
0
4
4 15 0 0 0 0 1 1 
0
4
4 15 0 0 0 1 2 1 
0
4
4 15 0 1 0 1 2 1 
0
4
4 15 0 1 0 0 2 1 
0
4
4 15 0 0 0 0 2 1 
0
4
3 7 1 1 0 1 0 0 
0
4
3 7 1 1 0 0 0 0 
0
4
3 7 1 1 0 0 0 1 
0
4
3 7 1 1 0 1 0 1 
0
4
3 7 1 1 0 1 1 1 
0
4
3 7 1 1 0 0 1 1 
0
4
3 7 1 1 0 1 2 1 
0
4
3 7 1 1 0 0 2 1 
0
4
3 7 0 0 1 1 0 0 
0
4
3 7 0 1 1 1 0 0 
0
4
3 7 0 1 1 1 0 1 
0
4
3 7 0 0 1 1 0 1 
0
4
3 7 0 0 1 1 1 1 
0
4
3 7 0 1 1 1 1 1 
0
4
3 7 0 0 1 1 2 1 
0
4
3 7 0 1 1 1 2 1 
0
4
3 7 0 0 0 1 3 3 
1
4
3 7 0 1 0 1 3 3 
1
4
3 7 0 1 0 0 3 3 
1
4
3 7 0 0 0 0 3 3 
1
4
0 1 1 1 0 0 4 1 
0
4
0 0 1 1 0 0 4 1 
0
4
0 0 1 1 0 1 4 1 
0
4
0 1 1 1 0 1 4 1 
0
4
0 1 0 1 1 1 4 1 
0
4
0 0 0 1 1 1 4 1 
0
4
0 0 0 0 1 1 4 1 
0
4
0 1 0 0 1 1 4 1 
0
4
0 1 0 1 0 0 5 1 
0
4
0 0 0 1 0 0 5 1 
0
4
0 0 0 0 0 0 5 1 
0
4
0 1 0 0 0 0 5 1 
0
4
0 1 0 0 0 1 5 1 
0
4
0 0 0 0 0 1 5 1 
0
4
0 0 0 1 0 1 5 1 
0
4
0 1 0 1 0 1 5 1 
0
4
0 1 0 1 0 0 5 3 
0
4
0 0 0 1 0 0 5 3 
0
4
0 0 0 0 0 0 5 3 
0
4
0 1 0 0 0 0 5 3 
0
4
0 1 0 0 0 1 5 3 
0
4
0 0 0 0 0 1 5 3 
0
4
0 0 0 1 0 1 5 3 
0
4
0 1 0 1 0 1 5 3 
0
4
3 1 0 1 0 1 4 1 
1
4
3 1 0 0 0 1 4 1 
1
4
3 1 0 0 0 0 4 1 
1
4
3 1 0 1 0 0 4 1 
1
4
3 3 0 1 0 1 4 1 
1
4
3 3 0 0 0 1 4 1 
1
4
3 3 0 0 0 0 4 1 
1
4
3 3 0 1 0 0 4 1 
1
4
1 1 1 1 0 1 4 1 
0
4
1 1 1 1 0 0 4 1 
0
4
2 1 1 1 0 1 4 1 
1
4
2 1 1 1 0 0 4 1 
1
4
1 1 0 1 1 1 4 1 
0
4
1 1 0 0 1 1 4 1 
0
4
2 1 0 1 1 1 4 1 
1
4
2 1 0 0 1 1 4 1 
1
4
1 1 0 1 0 1 5 1 
0
4
1 1 0 0 0 1 5 1 
0
4
1 1 0 0 0 0 5 1 
0
4
1 1 0 1 0 0 5 1 
0
4
2 1 0 1 0 1 5 1 
0
4
2 1 0 0 0 1 5 1 
0
4
2 1 0 0 0 0 5 1 
0
4
2 1 0 1 0 0 5 1 
0
4
1 1 0 1 0 1 5 3 
0
4
1 1 0 0 0 1 5 3 
0
4
1 1 0 0 0 0 5 3 
0
4
1 1 0 1 0 0 5 3 
0
4
2 1 0 1 0 1 5 3 
1
4
2 1 0 0 0 1 5 3 
1
4
2 1 0 0 0 0 5 3 
1
4
2 1 0 1 0 0 5 3 
1
4
0 0 1 1 0 0 3 7 
0
4
0 1 1 1 0 0 3 7 
0
4
0 1 1 1 0 1 3 7 
0
4
0 0 1 1 0 1 3 7 
0
4
0 0 0 0 1 1 3 7 
0
4
0 1 0 0 1 1 3 7 
0
4
0 1 0 1 1 1 3 7 
0
4
0 0 0 1 1 1 3 7 
0
4
0 0 0 0 0 0 4 13 
0
4
0 1 0 0 0 0 4 13 
0
4
0 1 0 1 0 0 4 13 
0
4
0 0 0 1 0 0 4 13 
0
4
0 0 0 1 0 1 4 13 
0
4
0 1 0 1 0 1 4 13 
0
4
0 1 0 0 0 1 4 13 
0
4
0 0 0 0 0 1 4 13 
0
4
0 0 0 0 0 0 4 15 
0
4
0 1 0 0 0 0 4 15 
0
4
0 1 0 1 0 0 4 15 
0
4
0 0 0 1 0 0 4 15 
0
4
0 0 0 1 0 1 4 15 
0
4
0 1 0 1 0 1 4 15 
0
4
0 1 0 0 0 1 4 15 
0
4
0 0 0 0 0 1 4 15 
0
4
3 5 0 1 0 0 4 1 
0
4
3 5 0 0 0 0 4 1 
0
4
3 5 0 0 0 1 4 1 
0
4
3 5 0 1 0 1 4 1 
0
4
3 7 0 1 0 0 4 1 
0
4
3 7 0 0 0 0 4 1 
0
4
3 7 0 0 0 1 4 1 
0
4
3 7 0 1 0 1 4 1 
0
4
2 3 1 1 0 0 4 1 
0
4
2 3 1 1 0 1 4 1 
0
4
2 3 0 1 1 1 4 1 
0
4
2 3 0 0 1 1 4 1 
0
4
2 3 0 1 0 0 5 1 
0
4
2 3 0 0 0 0 5 1 
0
4
2 3 0 0 0 1 5 1 
0
4
2 3 0 1 0 1 5 1 
0
4
2 3 0 1 0 0 5 3 
0
4
2 3 0 0 0 0 5 3 
0
4
2 3 0 0 0 1 5 3 
0
4
2 3 0 1 0 1 5 3 
0
4
4 13 0 0 0 1 3 1 
0
4
4 13 0 1 0 1 3 1 
0
4
4 13 0 1 0 0 3 1 
0
4
4 13 0 0 0 0 3 1 
0
4
4 15 0 0 0 1 3 1 
0
4
4 15 0 1 0 1 3 1 
0
4
4 15 0 1 0 0 3 1 
0
4
4 15 0 0 0 0 3 1 
0
4
3 7 1 1 0 1 3 1 
0
4
3 7 1 1 0 0 3 1 
0
4
3 7 0 0 1 1 3 1 
0
4
3 7 0 1 1 1 3 1 
0
4
3 7 0 0 0 1 4 3 
1
4
3 7 0 1 0 1 4 3 
1
4
3 7 0 1 0 0 4 3 
1
4
3 7 0 0 0 0 4 3 
1
4
4 1 0 0 0 0 3 7 
0
4
4 1 0 1 0 0 3 7 
0
4
4 1 0 1 0 1 3 7 
0
4
4 1 0 0 0 1 3 7 
0
4
4 3 0 0 0 0 3 7 
1
4
4 3 0 1 0 0 3 7 
1
4
4 3 0 1 0 1 3 7 
1
4
4 3 0 0 0 1 3 7 
1
4
1 1 1 1 0 0 3 7 
0
4
1 1 1 1 0 1 3 7 
0
4
2 1 1 1 0 0 3 7 
0
4
2 1 1 1 0 1 3 7 
0
4
3 1 1 1 0 0 3 7 
0
4
3 1 1 1 0 1 3 7 
0
4
1 1 0 0 1 1 3 7 
0
4
1 1 0 1 1 1 3 7 
0
4
2 1 0 0 1 1 3 7 
0
4
2 1 0 1 1 1 3 7 
0
4
3 1 0 0 1 1 3 7 
0
4
3 1 0 1 1 1 3 7 
0
4
1 1 0 0 0 0 4 13 
0
4
1 1 0 1 0 0 4 13 
0
4
1 1 0 1 0 1 4 13 
0
4
1 1 0 0 0 1 4 13 
0
4
2 1 0 0 0 0 4 13 
0
4
2 1 0 1 0 0 4 13 
0
4
2 1 0 1 0 1 4 13 
0
4
2 1 0 0 0 1 4 13 
0
4
3 1 0 0 0 0 4 13 
0
4
3 1 0 1 0 0 4 13 
0
4
3 1 0 1 0 1 4 13 
0
4
3 1 0 0 0 1 4 13 
0
4
1 1 0 0 0 0 4 15 
0
4
1 1 0 1 0 0 4 15 
0
4
1 1 0 1 0 1 4 15 
0
4
1 1 0 0 0 1 4 15 
0
4
2 1 0 0 0 0 4 15 
0
4
2 1 0 1 0 0 4 15 
0
4
2 1 0 1 0 1 4 15 
0
4
2 1 0 0 0 1 4 15 
0
4
3 1 0 0 0 0 4 15 
0
4
3 1 0 1 0 0 4 15 
0
4
3 1 0 1 0 1 4 15 
0
4
3 1 0 0 0 1 4 15 
0
4
0 0 1 1 0 0 4 15 
1
4
0 1 1 1 0 0 4 15 
1
4
0 1 1 1 0 1 4 15 
1
4
0 0 1 1 0 1 4 15 
1
4
0 0 0 0 1 1 4 15 
1
4
0 1 0 0 1 1 4 15 
1
4
0 1 0 1 1 1 4 15 
1
4
0 0 0 1 1 1 4 15 
1
4
0 0 0 0 0 0 5 29 
1
4
0 1 0 0 0 0 5 29 
1
4
0 1 0 1 0 0 5 29 
1
4
0 0 0 1 0 0 5 29 
1
4
0 0 0 1 0 1 5 29 
1
4
0 1 0 1 0 1 5 29 
1
4
0 1 0 0 0 1 5 29 
1
4
0 0 0 0 0 1 5 29 
1
4
0 0 0 0 0 0 5 31 
1
4
0 1 0 0 0 0 5 31 
1
4
0 1 0 1 0 0 5 31 
1
4
0 0 0 1 0 0 5 31 
1
4
0 0 0 1 0 1 5 31 
1
4
0 1 0 1 0 1 5 31 
1
4
0 1 0 0 0 1 5 31 
1
4
0 0 0 0 0 1 5 31 
1
4
0 0 1 1 0 1 5 1 
0
4
0 1 1 1 0 1 5 1 
0
4
0 1 1 1 0 0 5 1 
0
4
0 0 1 1 0 0 5 1 
0
4
1 1 1 1 0 1 5 1 
0
4
1 1 1 1 0 0 5 1 
0
4
0 0 0 1 1 1 5 1 
0
4
0 1 0 1 1 1 5 1 
0
4
0 1 0 0 1 1 5 1 
0
4
0 0 0 0 1 1 5 1 
0
4
1 1 0 1 1 1 5 1 
0
4
1 1 0 0 1 1 5 1 
0
4
0 0 0 1 0 1 6 1 
0
4
0 1 0 1 0 1 6 1 
0
4
0 1 0 0 0 1 6 1 
0
4
0 0 0 0 0 1 6 1 
0
4
0 0 0 0 0 0 6 1 
0
4
0 1 0 0 0 0 6 1 
0
4
0 1 0 1 0 0 6 1 
0
4
0 0 0 1 0 0 6 1 
0
4
1 1 0 1 0 1 6 1 
0
4
1 1 0 0 0 1 6 1 
0
4
1 1 0 0 0 0 6 1 
0
4
1 1 0 1 0 0 6 1 
0
4
0 0 0 1 0 1 6 3 
0
4
0 1 0 1 0 1 6 3 
0
4
0 1 0 0 0 1 6 3 
0
4
0 0 0 0 0 1 6 3 
0
4
0 0 0 0 0 0 6 3 
0
4
0 1 0 0 0 0 6 3 
0
4
0 1 0 1 0 0 6 3 
0
4
0 0 0 1 0 0 6 3 
0
4
1 1 0 1 0 1 6 3 
0
4
1 1 0 0 0 1 6 3 
0
4
1 1 0 0 0 0 6 3 
0
4
1 1 0 1 0 0 6 3 
0
4
3 5 0 0 0 1 5 1 
0
4
3 5 0 1 0 1 5 1 
0
4
3 5 0 1 0 0 5 1 
0
4
3 5 0 0 0 0 5 1 
0
4
3 7 0 0 0 1 5 1 
0
4
3 7 0 1 0 1 5 1 
0
4
3 7 0 1 0 0 5 1 
0
4
3 7 0 0 0 0 5 1 
0
4
2 3 1 1 0 1 5 1 
0
4
2 3 1 1 0 0 5 1 
0
4
2 3 0 0 1 1 5 1 
0
4
2 3 0 1 1 1 5 1 
0
4
2 3 0 0 0 1 6 1 
0
4
2 3 0 1 0 1 6 1 
0
4
2 3 0 1 0 0 6 1 
0
4
2 3 0 0 0 0 6 1 
0
4
2 3 0 0 0 1 6 3 
1
4
2 3 0 1 0 1 6 3 
1
4
2 3 0 1 0 0 6 3 
1
4
2 3 0 0 0 0 6 3 
1
4
4 13 0 1 0 0 4 1 
1
4
4 13 0 0 0 0 4 1 
1
4
4 13 0 0 0 1 4 1 
1
4
4 13 0 1 0 1 4 1 
1
4
4 15 0 1 0 0 4 1 
1
4
4 15 0 0 0 0 4 1 
1
4
4 15 0 0 0 1 4 1 
1
4
4 15 0 1 0 1 4 1 
1
4
3 7 1 1 0 0 4 1 
1
4
3 7 1 1 0 1 4 1 
1
4
3 7 0 1 1 1 4 1 
1
4
3 7 0 0 1 1 4 1 
1
4
3 7 0 1 0 0 5 3 
1
4
3 7 0 0 0 0 5 3 
1
4
3 7 0 0 0 1 5 3 
1
4
3 7 0 1 0 1 5 3 
1
4
3 5 0 0 0 1 5 3 
1
4
3 5 0 1 0 1 5 3 
1
4
3 5 0 1 0 0 5 3 
1
4
3 5 0 0 0 0 5 3 
1
4
0 0 1 1 0 1 5 3 
0
4
0 1 1 1 0 1 5 3 
0
4
0 1 1 1 0 0 5 3 
0
4
0 0 1 1 0 0 5 3 
0
4
1 1 1 1 0 1 5 3 
0
4
1 1 1 1 0 0 5 3 
0
4
2 3 1 1 0 1 5 3 
1
4
2 3 1 1 0 0 5 3 
1
4
0 0 0 0 1 1 5 3 
0
4
0 1 0 0 1 1 5 3 
0
4
0 1 0 1 1 1 5 3 
0
4
0 0 0 1 1 1 5 3 
0
4
1 1 0 0 1 1 5 3 
0
4
1 1 0 1 1 1 5 3 
0
4
2 3 0 0 1 1 5 3 
1
4
2 3 0 1 1 1 5 3 
1
4
0 0 0 0 0 1 6 5 
0
4
0 1 0 0 0 1 6 5 
0
4
0 1 0 1 0 1 6 5 
0
4
0 0 0 1 0 1 6 5 
0
4
0 0 0 1 0 0 6 5 
0
4
0 1 0 1 0 0 6 5 
0
4
0 1 0 0 0 0 6 5 
0
4
0 0 0 0 0 0 6 5 
0
4
1 1 0 0 0 1 6 5 
0
4
1 1 0 1 0 1 6 5 
0
4
1 1 0 1 0 0 6 5 
0
4
1 1 0 0 0 0 6 5 
0
4
2 3 0 0 0 1 6 5 
1
4
2 3 0 1 0 1 6 5 
1
4
2 3 0 1 0 0 6 5 
1
4
2 3 0 0 0 0 6 5 
1
4
0 0 0 0 0 1 6 7 
0
4
0 1 0 0 0 1 6 7 
0
4
0 1 0 1 0 1 6 7 
0
4
0 0 0 1 0 1 6 7 
0
4
0 0 0 1 0 0 6 7 
0
4
0 1 0 1 0 0 6 7 
0
4
0 1 0 0 0 0 6 7 
0
4
0 0 0 0 0 0 6 7 
0
4
1 1 0 0 0 1 6 7 
0
4
1 1 0 1 0 1 6 7 
0
4
1 1 0 1 0 0 6 7 
0
4
1 1 0 0 0 0 6 7 
0
4
2 3 0 0 0 1 6 7 
1
4
2 3 0 1 0 1 6 7 
1
4
2 3 0 1 0 0 6 7 
1
4
2 3 0 0 0 0 6 7 
1
4
5 1 0 0 0 0 1 1 
0
4
5 1 0 1 0 0 1 1 
0
4
5 1 0 1 0 1 1 1 
0
4
5 1 0 0 0 1 1 1 
0
4
5 1 0 0 0 0 2 3 
0
4
5 1 0 1 0 0 2 3 
0
4
5 1 0 1 0 1 2 3 
0
4
5 1 0 0 0 1 2 3 
0
4
5 1 0 0 0 0 3 7 
1
4
5 1 0 1 0 0 3 7 
1
4
5 1 0 1 0 1 3 7 
1
4
5 1 0 0 0 1 3 7 
1
4
5 3 0 0 0 0 1 1 
0
4
5 3 0 1 0 0 1 1 
0
4
5 3 0 1 0 1 1 1 
0
4
5 3 0 0 0 1 1 1 
0
4
5 3 0 0 0 0 2 3 
0
4
5 3 0 1 0 0 2 3 
0
4
5 3 0 1 0 1 2 3 
0
4
5 3 0 0 0 1 2 3 
0
4
5 3 0 0 0 0 3 7 
1
4
5 3 0 1 0 0 3 7 
1
4
5 3 0 1 0 1 3 7 
1
4
5 3 0 0 0 1 3 7 
1
4
4 1 1 1 0 0 1 1 
0
4
4 1 1 1 0 1 1 1 
0
4
4 1 1 1 0 0 2 3 
0
4
4 1 1 1 0 1 2 3 
0
4
4 1 1 1 0 0 3 7 
1
4
4 1 1 1 0 1 3 7 
1
4
4 1 0 0 1 1 1 1 
0
4
4 1 0 1 1 1 1 1 
0
4
4 1 0 0 1 1 2 3 
0
4
4 1 0 1 1 1 2 3 
0
4
4 1 0 0 1 1 3 7 
1
4
4 1 0 1 1 1 3 7 
1
4
4 1 0 0 0 0 4 13 
1
4
4 1 0 1 0 0 4 13 
1
4
4 1 0 1 0 1 4 13 
1
4
4 1 0 0 0 1 4 13 
1
4
4 1 0 0 0 0 4 15 
1
4
4 1 0 1 0 0 4 15 
1
4
4 1 0 1 0 1 4 15 
1
4
4 1 0 0 0 1 4 15 
1
4
3 1 0 0 0 0 4 3 
1
4
3 1 0 1 0 0 4 3 
1
4
3 1 0 1 0 1 4 3 
1
4
3 1 0 0 0 1 4 3 
1
4
3 3 0 0 0 0 4 3 
1
4
3 3 0 1 0 0 4 3 
1
4
3 3 0 1 0 1 4 3 
1
4
3 3 0 0 0 1 4 3 
1
4
0 0 1 1 0 0 4 3 
0
4
0 1 1 1 0 0 4 3 
0
4
0 1 1 1 0 1 4 3 
0
4
0 0 1 1 0 1 4 3 
0
4
1 1 1 1 0 0 4 3 
0
4
1 1 1 1 0 1 4 3 
0
4
2 1 1 1 0 0 4 3 
1
4
2 1 1 1 0 1 4 3 
1
4
0 0 0 0 1 1 4 3 
0
4
0 1 0 0 1 1 4 3 
0
4
0 1 0 1 1 1 4 3 
0
4
0 0 0 1 1 1 4 3 
0
4
1 1 0 0 1 1 4 3 
0
4
1 1 0 1 1 1 4 3 
0
4
2 1 0 0 1 1 4 3 
1
4
2 1 0 1 1 1 4 3 
1
4
0 0 0 0 0 0 5 5 
0
4
0 1 0 0 0 0 5 5 
0
4
0 1 0 1 0 0 5 5 
0
4
0 0 0 1 0 0 5 5 
0
4
0 0 0 1 0 1 5 5 
0
4
0 1 0 1 0 1 5 5 
0
4
0 1 0 0 0 1 5 5 
0
4
0 0 0 0 0 1 5 5 
0
4
1 1 0 0 0 0 5 5 
0
4
1 1 0 1 0 0 5 5 
0
4
1 1 0 1 0 1 5 5 
0
4
1 1 0 0 0 1 5 5 
0
4
2 1 0 0 0 0 5 5 
1
4
2 1 0 1 0 0 5 5 
1
4
2 1 0 1 0 1 5 5 
1
4
2 1 0 0 0 1 5 5 
1
4
0 0 0 0 0 0 5 7 
0
4
0 1 0 0 0 0 5 7 
0
4
0 1 0 1 0 0 5 7 
0
4
0 0 0 1 0 0 5 7 
0
4
0 0 0 1 0 1 5 7 
0
4
0 1 0 1 0 1 5 7 
0
4
0 1 0 0 0 1 5 7 
0
4
0 0 0 0 0 1 5 7 
0
4
1 1 0 0 0 0 5 7 
0
4
1 1 0 1 0 0 5 7 
0
4
1 1 0 1 0 1 5 7 
0
4
1 1 0 0 0 1 5 7 
0
4
2 1 0 0 0 0 5 7 
1
4
2 1 0 1 0 0 5 7 
1
4
2 1 0 1 0 1 5 7 
1
4
2 1 0 0 0 1 5 7 
1
4
4 1 0 0 1 1 2 1 
0
4
4 1 0 1 1 1 2 1 
0
4
4 3 0 0 1 1 0 0 
0
4
4 3 0 1 1 1 0 0 
0
4
4 3 0 1 1 1 0 1 
0
4
4 3 0 0 1 1 0 1 
0
4
4 3 0 0 1 1 1 1 
0
4
4 3 0 1 1 1 1 1 
0
4
4 3 0 0 1 1 2 1 
0
4
4 3 0 1 1 1 2 1 
0
4
2 1 1 1 1 1 2 1 
0
4
3 1 1 1 1 1 0 0 
0
4
3 1 1 1 1 1 0 1 
0
4
3 1 1 1 1 1 1 1 
0
4
3 1 1 1 1 1 2 1 
0
4
0 0 0 0 2 1 2 1 
0
4
0 1 0 0 2 1 2 1 
0
4
0 1 0 1 2 1 2 1 
0
4
0 0 0 1 2 1 2 1 
0
4
1 1 0 0 2 1 2 1 
0
4
1 1 0 1 2 1 2 1 
0
4
2 1 0 0 2 1 0 0 
0
4
2 1 0 1 2 1 0 0 
0
4
2 1 0 1 2 1 0 1 
0
4
2 1 0 0 2 1 0 1 
0
4
2 1 0 0 2 1 1 1 
0
4
2 1 0 1 2 1 1 1 
0
4
2 1 0 0 2 1 2 1 
0
4
2 1 0 1 2 1 2 1 
0
4
3 1 0 0 2 1 0 0 
0
4
3 1 0 1 2 1 0 0 
0
4
3 1 0 1 2 1 0 1 
0
4
3 1 0 0 2 1 0 1 
0
4
3 1 0 0 2 1 1 1 
0
4
3 1 0 1 2 1 1 1 
0
4
3 1 0 0 2 1 2 1 
1
4
3 1 0 1 2 1 2 1 
1
4
0 0 0 0 2 3 2 1 
0
4
0 1 0 0 2 3 2 1 
0
4
0 1 0 1 2 3 2 1 
0
4
0 0 0 1 2 3 2 1 
0
4
1 1 0 0 2 3 2 1 
0
4
1 1 0 1 2 3 2 1 
0
4
2 1 0 0 2 3 0 0 
0
4
2 1 0 1 2 3 0 0 
0
4
2 1 0 1 2 3 0 1 
0
4
2 1 0 0 2 3 0 1 
0
4
2 1 0 0 2 3 1 1 
0
4
2 1 0 1 2 3 1 1 
0
4
2 1 0 0 2 3 2 1 
0
4
2 1 0 1 2 3 2 1 
0
4
3 1 0 0 2 3 0 0 
0
4
3 1 0 1 2 3 0 0 
0
4
3 1 0 1 2 3 0 1 
0
4
3 1 0 0 2 3 0 1 
0
4
3 1 0 0 2 3 1 1 
0
4
3 1 0 1 2 3 1 1 
0
4
3 1 0 0 2 3 2 1 
0
4
3 1 0 1 2 3 2 1 
0
4
3 1 0 0 1 1 3 1 
0
4
3 1 0 1 1 1 3 1 
0
4
0 0 0 0 1 1 3 3 
0
4
0 1 0 0 1 1 3 3 
0
4
0 1 0 1 1 1 3 3 
0
4
0 0 0 1 1 1 3 3 
0
4
1 1 0 0 1 1 3 3 
0
4
1 1 0 1 1 1 3 3 
0
4
2 1 0 0 1 1 3 3 
0
4
2 1 0 1 1 1 3 3 
0
4
3 1 0 0 1 1 3 3 
0
4
3 1 0 1 1 1 3 3 
0
4
0 1 2 1 0 0 2 1 
0
4
0 0 2 1 0 0 2 1 
0
4
0 0 2 1 0 1 2 1 
0
4
0 1 2 1 0 1 2 1 
0
4
0 1 2 3 0 0 2 1 
0
4
0 0 2 3 0 0 2 1 
0
4
0 0 2 3 0 1 2 1 
0
4
0 1 2 3 0 1 2 1 
0
4
0 1 1 1 0 0 3 3 
0
4
0 0 1 1 0 0 3 3 
0
4
0 0 1 1 0 1 3 3 
0
4
0 1 1 1 0 1 3 3 
0
4
3 5 0 1 0 0 6 1 
1
4
3 5 0 0 0 0 6 1 
1
4
3 5 0 0 0 1 6 1 
1
4
3 5 0 1 0 1 6 1 
1
4
3 7 0 1 0 0 6 1 
1
4
3 7 0 0 0 0 6 1 
1
4
3 7 0 0 0 1 6 1 
1
4
3 7 0 1 0 1 6 1 
1
4
0 0 1 1 0 0 6 1 
0
4
0 1 1 1 0 0 6 1 
0
4
0 1 1 1 0 1 6 1 
0
4
0 0 1 1 0 1 6 1 
0
4
1 1 1 1 0 0 6 1 
0
4
1 1 1 1 0 1 6 1 
0
4
2 3 1 1 0 0 6 1 
1
4
2 3 1 1 0 1 6 1 
1
4
0 0 0 1 1 1 6 1 
0
4
0 1 0 1 1 1 6 1 
0
4
0 1 0 0 1 1 6 1 
0
4
0 0 0 0 1 1 6 1 
0
4
1 1 0 1 1 1 6 1 
0
4
1 1 0 0 1 1 6 1 
0
4
2 3 0 1 1 1 6 1 
1
4
2 3 0 0 1 1 6 1 
1
4
0 0 0 1 0 0 7 1 
0
4
0 1 0 1 0 0 7 1 
0
4
0 1 0 0 0 0 7 1 
0
4
0 0 0 0 0 0 7 1 
0
4
0 0 0 0 0 1 7 1 
0
4
0 1 0 0 0 1 7 1 
0
4
0 1 0 1 0 1 7 1 
0
4
0 0 0 1 0 1 7 1 
0
4
1 1 0 1 0 0 7 1 
0
4
1 1 0 0 0 0 7 1 
0
4
1 1 0 0 0 1 7 1 
0
4
1 1 0 1 0 1 7 1 
0
4
2 3 0 1 0 0 7 1 
1
4
2 3 0 0 0 0 7 1 
1
4
2 3 0 0 0 1 7 1 
1
4
2 3 0 1 0 1 7 1 
1
4
0 0 0 1 0 0 7 3 
0
4
0 1 0 1 0 0 7 3 
0
4
0 1 0 0 0 0 7 3 
0
4
0 0 0 0 0 0 7 3 
0
4
0 0 0 0 0 1 7 3 
0
4
0 1 0 0 0 1 7 3 
0
4
0 1 0 1 0 1 7 3 
0
4
0 0 0 1 0 1 7 3 
0
4
1 1 0 1 0 0 7 3 
0
4
1 1 0 0 0 0 7 3 
0
4
1 1 0 0 0 1 7 3 
0
4
1 1 0 1 0 1 7 3 
0
4
2 3 0 1 0 0 7 3 
1
4
2 3 0 0 0 0 7 3 
1
4
2 3 0 0 0 1 7 3 
1
4
2 3 0 1 0 1 7 3 
1
4
3 5 1 1 0 0 0 0 
0
4
3 5 1 1 0 1 0 0 
0
4
3 5 1 1 0 1 0 1 
0
4
3 5 1 1 0 0 0 1 
0
4
3 5 1 1 0 0 1 1 
0
4
3 5 1 1 0 1 1 1 
0
4
3 5 1 1 0 0 2 1 
0
4
3 5 1 1 0 1 2 1 
0
4
1 1 2 1 0 0 2 1 
0
4
1 1 2 1 0 1 2 1 
0
4
2 3 2 1 0 0 0 0 
0
4
2 3 2 1 0 1 0 0 
0
4
2 3 2 1 0 1 0 1 
0
4
2 3 2 1 0 0 0 1 
0
4
2 3 2 1 0 0 1 1 
0
4
2 3 2 1 0 1 1 1 
0
4
2 3 2 1 0 0 2 1 
0
4
2 3 2 1 0 1 2 1 
0
4
1 1 2 3 0 0 2 1 
0
4
1 1 2 3 0 1 2 1 
0
4
2 3 2 3 0 0 0 0 
0
4
2 3 2 3 0 1 0 0 
0
4
2 3 2 3 0 1 0 1 
0
4
2 3 2 3 0 0 0 1 
0
4
2 3 2 3 0 0 1 1 
0
4
2 3 2 3 0 1 1 1 
0
4
2 3 2 3 0 0 2 1 
0
4
2 3 2 3 0 1 2 1 
0
4
2 3 1 1 1 1 2 1 
0
4
1 1 1 1 0 0 3 3 
0
4
1 1 1 1 0 1 3 3 
0
4
2 3 1 1 0 0 3 3 
0
4
2 3 1 1 0 1 3 3 
0
4
2 1 0 1 0 0 6 1 
1
4
2 1 0 0 0 0 6 1 
1
4
2 1 0 0 0 1 6 1 
1
4
2 1 0 1 0 1 6 1 
1
4
4 1 0 0 0 0 3 5 
1
4
4 1 0 1 0 0 3 5 
1
4
4 1 0 1 0 1 3 5 
1
4
4 1 0 0 0 1 3 5 
1
4
4 1 0 0 2 3 0 0 
0
4
4 1 0 1 2 3 0 0 
0
4
4 1 0 1 2 3 0 1 
0
4
4 1 0 0 2 3 0 1 
0
4
4 3 0 0 2 3 0 0 
0
4
4 3 0 1 2 3 0 0 
0
4
4 3 0 1 2 3 0 1 
0
4
4 3 0 0 2 3 0 1 
0
4
2 1 1 1 2 3 0 0 
0
4
2 1 1 1 2 3 0 1 
0
4
3 1 1 1 2 3 0 0 
0
4
3 1 1 1 2 3 0 1 
0
4
0 0 0 0 3 5 0 0 
0
4
0 1 0 0 3 5 0 0 
0
4
0 1 0 1 3 5 0 0 
0
4
0 0 0 1 3 5 0 0 
0
4
0 0 0 1 3 5 0 1 
0
4
0 1 0 1 3 5 0 1 
0
4
0 1 0 0 3 5 0 1 
0
4
0 0 0 0 3 5 0 1 
0
4
1 1 0 0 3 5 0 0 
0
4
1 1 0 1 3 5 0 0 
0
4
1 1 0 1 3 5 0 1 
0
4
1 1 0 0 3 5 0 1 
0
4
2 1 0 0 3 5 0 0 
0
4
2 1 0 1 3 5 0 0 
0
4
2 1 0 1 3 5 0 1 
0
4
2 1 0 0 3 5 0 1 
0
4
3 1 0 0 3 5 0 0 
0
4
3 1 0 1 3 5 0 0 
0
4
3 1 0 1 3 5 0 1 
0
4
3 1 0 0 3 5 0 1 
0
4
0 0 0 0 3 7 0 0 
0
4
0 1 0 0 3 7 0 0 
0
4
0 1 0 1 3 7 0 0 
0
4
0 0 0 1 3 7 0 0 
0
4
0 0 0 1 3 7 0 1 
0
4
0 1 0 1 3 7 0 1 
0
4
0 1 0 0 3 7 0 1 
0
4
0 0 0 0 3 7 0 1 
0
4
1 1 0 0 3 7 0 0 
0
4
1 1 0 1 3 7 0 0 
0
4
1 1 0 1 3 7 0 1 
0
4
1 1 0 0 3 7 0 1 
0
4
2 1 0 0 3 7 0 0 
0
4
2 1 0 1 3 7 0 0 
0
4
2 1 0 1 3 7 0 1 
0
4
2 1 0 0 3 7 0 1 
0
4
3 1 0 0 3 7 0 0 
0
4
3 1 0 1 3 7 0 0 
0
4
3 1 0 1 3 7 0 1 
0
4
3 1 0 0 3 7 0 1 
0
4
3 5 2 1 0 1 0 0 
0
4
3 5 2 1 0 0 0 0 
0
4
3 5 2 1 0 0 0 1 
0
4
3 5 2 1 0 1 0 1 
0
4
3 7 2 1 0 1 0 0 
0
4
3 7 2 1 0 0 0 0 
0
4
3 7 2 1 0 0 0 1 
0
4
3 7 2 1 0 1 0 1 
0
4
0 0 3 1 0 1 0 0 
0
4
0 1 3 1 0 1 0 0 
0
4
0 1 3 1 0 0 0 0 
0
4
0 0 3 1 0 0 0 0 
0
4
0 0 3 1 0 0 0 1 
0
4
0 1 3 1 0 0 0 1 
0
4
0 1 3 1 0 1 0 1 
0
4
0 0 3 1 0 1 0 1 
0
4
1 1 3 1 0 1 0 0 
0
4
1 1 3 1 0 0 0 0 
0
4
1 1 3 1 0 0 0 1 
0
4
1 1 3 1 0 1 0 1 
0
4
2 3 3 1 0 1 0 0 
0
4
2 3 3 1 0 0 0 0 
0
4
2 3 3 1 0 0 0 1 
0
4
2 3 3 1 0 1 0 1 
0
4
0 0 3 3 0 1 0 0 
0
4
0 1 3 3 0 1 0 0 
0
4
0 1 3 3 0 0 0 0 
0
4
0 0 3 3 0 0 0 0 
0
4
0 0 3 3 0 0 0 1 
0
4
0 1 3 3 0 0 0 1 
0
4
0 1 3 3 0 1 0 1 
0
4
0 0 3 3 0 1 0 1 
0
4
1 1 3 3 0 1 0 0 
0
4
1 1 3 3 0 0 0 0 
0
4
1 1 3 3 0 0 0 1 
0
4
1 1 3 3 0 1 0 1 
0
4
2 3 3 3 0 1 0 0 
0
4
2 3 3 3 0 0 0 0 
0
4
2 3 3 3 0 0 0 1 
0
4
2 3 3 3 0 1 0 1 
0
4
2 3 2 1 1 1 0 0 
0
4
2 3 2 1 1 1 0 1 
0
4
0 1 3 1 0 1 1 1 
0
4
0 0 3 1 0 1 1 1 
0
4
0 0 3 1 0 0 1 1 
0
4
0 1 3 1 0 0 1 1 
0
4
0 1 3 1 0 1 2 1 
0
4
0 0 3 1 0 1 2 1 
0
4
0 0 3 1 0 0 2 1 
0
4
0 1 3 1 0 0 2 1 
0
4
0 1 3 3 0 1 1 1 
0
4
0 0 3 3 0 1 1 1 
0
4
0 0 3 3 0 0 1 1 
0
4
0 1 3 3 0 0 1 1 
0
4
0 1 3 3 0 1 2 1 
0
4
0 0 3 3 0 1 2 1 
0
4
0 0 3 3 0 0 2 1 
0
4
0 1 3 3 0 0 2 1 
0
4
0 1 2 1 1 1 2 1 
0
4
0 0 2 1 1 1 2 1 
0
4
0 1 2 1 0 1 3 1 
0
4
0 0 2 1 0 1 3 1 
0
4
0 0 2 1 0 0 3 1 
0
4
0 1 2 1 0 0 3 1 
0
4
0 1 2 1 0 1 3 3 
0
4
0 0 2 1 0 1 3 3 
0
4
0 0 2 1 0 0 3 3 
0
4
0 1 2 1 0 0 3 3 
0
4
3 3 0 0 1 1 0 0 
0
4
3 3 0 1 1 1 0 0 
0
4
3 3 0 1 1 1 0 1 
0
4
3 3 0 0 1 1 0 1 
0
4
3 3 0 0 1 1 1 1 
0
4
3 3 0 1 1 1 1 1 
0
4
3 3 0 0 1 1 2 1 
0
4
3 3 0 1 1 1 2 1 
0
4
3 5 2 3 0 1 0 0 
0
4
3 5 2 3 0 0 0 0 
0
4
3 5 2 3 0 0 0 1 
0
4
3 5 2 3 0 1 0 1 
0
4
3 5 2 3 0 1 1 1 
0
4
3 5 2 3 0 0 1 1 
0
4
3 5 2 3 0 1 2 1 
1
4
3 5 2 3 0 0 2 1 
1
4
3 7 2 3 0 1 0 0 
0
4
3 7 2 3 0 0 0 0 
0
4
3 7 2 3 0 0 0 1 
0
4
3 7 2 3 0 1 0 1 
0
4
3 7 2 3 0 1 1 1 
0
4
3 7 2 3 0 0 1 1 
0
4
3 7 2 3 0 1 2 1 
1
4
3 7 2 3 0 0 2 1 
1
4
0 0 3 5 0 1 0 0 
0
4
0 1 3 5 0 1 0 0 
0
4
0 1 3 5 0 0 0 0 
0
4
0 0 3 5 0 0 0 0 
0
4
0 0 3 5 0 0 0 1 
0
4
0 1 3 5 0 0 0 1 
0
4
0 1 3 5 0 1 0 1 
0
4
0 0 3 5 0 1 0 1 
0
4
0 0 3 5 0 1 1 1 
0
4
0 1 3 5 0 1 1 1 
0
4
0 1 3 5 0 0 1 1 
0
4
0 0 3 5 0 0 1 1 
0
4
0 0 3 5 0 1 2 1 
0
4
0 1 3 5 0 1 2 1 
0
4
0 1 3 5 0 0 2 1 
0
4
0 0 3 5 0 0 2 1 
0
4
1 1 3 5 0 1 0 0 
0
4
1 1 3 5 0 0 0 0 
0
4
1 1 3 5 0 0 0 1 
0
4
1 1 3 5 0 1 0 1 
0
4
1 1 3 5 0 1 1 1 
0
4
1 1 3 5 0 0 1 1 
0
4
1 1 3 5 0 1 2 1 
0
4
1 1 3 5 0 0 2 1 
0
4
2 3 3 5 0 1 0 0 
0
4
2 3 3 5 0 0 0 0 
0
4
2 3 3 5 0 0 0 1 
0
4
2 3 3 5 0 1 0 1 
0
4
2 3 3 5 0 1 1 1 
0
4
2 3 3 5 0 0 1 1 
0
4
2 3 3 5 0 1 2 1 
1
4
2 3 3 5 0 0 2 1 
1
4
0 0 3 7 0 1 0 0 
0
4
0 1 3 7 0 1 0 0 
0
4
0 1 3 7 0 0 0 0 
0
4
0 0 3 7 0 0 0 0 
0
4
0 0 3 7 0 0 0 1 
0
4
0 1 3 7 0 0 0 1 
0
4
0 1 3 7 0 1 0 1 
0
4
0 0 3 7 0 1 0 1 
0
4
0 0 3 7 0 1 1 1 
0
4
0 1 3 7 0 1 1 1 
0
4
0 1 3 7 0 0 1 1 
0
4
0 0 3 7 0 0 1 1 
0
4
0 0 3 7 0 1 2 1 
0
4
0 1 3 7 0 1 2 1 
0
4
0 1 3 7 0 0 2 1 
0
4
0 0 3 7 0 0 2 1 
0
4
1 1 3 7 0 1 0 0 
0
4
1 1 3 7 0 0 0 0 
0
4
1 1 3 7 0 0 0 1 
0
4
1 1 3 7 0 1 0 1 
0
4
1 1 3 7 0 1 1 1 
0
4
1 1 3 7 0 0 1 1 
0
4
1 1 3 7 0 1 2 1 
0
4
1 1 3 7 0 0 2 1 
0
4
2 3 3 7 0 1 0 0 
0
4
2 3 3 7 0 0 0 0 
0
4
2 3 3 7 0 0 0 1 
0
4
2 3 3 7 0 1 0 1 
0
4
2 3 3 7 0 1 1 1 
0
4
2 3 3 7 0 0 1 1 
0
4
2 3 3 7 0 1 2 1 
1
4
2 3 3 7 0 0 2 1 
1
4
0 0 2 3 1 1 2 1 
0
4
0 1 2 3 1 1 2 1 
0
4
1 1 2 3 1 1 2 1 
0
4
2 3 2 3 1 1 0 0 
0
4
2 3 2 3 1 1 0 1 
0
4
2 3 2 3 1 1 1 1 
0
4
2 3 2 3 1 1 2 1 
1
4
0 0 2 3 0 1 3 1 
0
4
0 1 2 3 0 1 3 1 
0
4
0 1 2 3 0 0 3 1 
0
4
0 0 2 3 0 0 3 1 
0
4
1 1 2 3 0 1 3 1 
0
4
1 1 2 3 0 0 3 1 
0
4
2 3 2 3 0 1 3 1 
1
4
2 3 2 3 0 0 3 1 
1
4
0 0 2 3 0 1 3 3 
0
4
0 1 2 3 0 1 3 3 
0
4
0 1 2 3 0 0 3 3 
0
4
0 0 2 3 0 0 3 3 
0
4
1 1 2 3 0 1 3 3 
0
4
1 1 2 3 0 0 3 3 
0
4
2 3 2 3 0 1 3 3 
1
4
2 3 2 3 0 0 3 3 
1
4
0 0 1 1 2 3 2 1 
0
4
0 1 1 1 2 3 2 1 
0
4
0 0 0 0 3 5 1 1 
0
4
0 1 0 0 3 5 1 1 
0
4
0 1 0 1 3 5 1 1 
0
4
0 0 0 1 3 5 1 1 
0
4
0 0 0 0 3 5 2 1 
0
4
0 1 0 0 3 5 2 1 
0
4
0 1 0 1 3 5 2 1 
0
4
0 0 0 1 3 5 2 1 
0
4
0 0 0 0 3 7 1 1 
0
4
0 1 0 0 3 7 1 1 
0
4
0 1 0 1 3 7 1 1 
0
4
0 0 0 1 3 7 1 1 
0
4
0 0 0 0 3 7 2 1 
0
4
0 1 0 0 3 7 2 1 
0
4
0 1 0 1 3 7 2 1 
0
4
0 0 0 1 3 7 2 1 
0
4
0 0 0 0 2 3 3 1 
0
4
0 1 0 0 2 3 3 1 
0
4
0 1 0 1 2 3 3 1 
0
4
0 0 0 1 2 3 3 1 
0
4
0 0 0 0 2 3 3 3 
0
4
0 1 0 0 2 3 3 3 
0
4
0 1 0 1 2 3 3 3 
0
4
0 0 0 1 2 3 3 3 
0
4
0 0 1 1 2 1 2 1 
0
4
0 1 1 1 2 1 2 1 
0
4
0 0 0 0 3 1 0 0 
0
4
0 1 0 0 3 1 0 0 
0
4
0 1 0 1 3 1 0 0 
0
4
0 0 0 1 3 1 0 0 
0
4
0 0 0 1 3 1 0 1 
0
4
0 1 0 1 3 1 0 1 
0
4
0 1 0 0 3 1 0 1 
0
4
0 0 0 0 3 1 0 1 
0
4
0 0 0 0 3 1 1 1 
0
4
0 1 0 0 3 1 1 1 
0
4
0 1 0 1 3 1 1 1 
0
4
0 0 0 1 3 1 1 1 
0
4
0 0 0 0 3 1 2 1 
0
4
0 1 0 0 3 1 2 1 
0
4
0 1 0 1 3 1 2 1 
0
4
0 0 0 1 3 1 2 1 
0
4
0 0 0 0 3 3 0 0 
0
4
0 1 0 0 3 3 0 0 
0
4
0 1 0 1 3 3 0 0 
0
4
0 0 0 1 3 3 0 0 
0
4
0 0 0 1 3 3 0 1 
0
4
0 1 0 1 3 3 0 1 
0
4
0 1 0 0 3 3 0 1 
0
4
0 0 0 0 3 3 0 1 
0
4
0 0 0 0 3 3 1 1 
0
4
0 1 0 0 3 3 1 1 
0
4
0 1 0 1 3 3 1 1 
0
4
0 0 0 1 3 3 1 1 
0
4
0 0 0 0 3 3 2 1 
0
4
0 1 0 0 3 3 2 1 
0
4
0 1 0 1 3 3 2 1 
0
4
0 0 0 1 3 3 2 1 
0
4
0 0 0 0 2 1 3 1 
0
4
0 1 0 0 2 1 3 1 
0
4
0 1 0 1 2 1 3 1 
0
4
0 0 0 1 2 1 3 1 
0
4
0 0 0 0 2 1 3 3 
0
4
0 1 0 0 2 1 3 3 
0
4
0 1 0 1 2 1 3 3 
0
4
0 0 0 1 2 1 3 3 
0
4
3 3 0 0 2 1 0 0 
0
4
3 3 0 1 2 1 0 0 
0
4
3 3 0 1 2 1 0 1 
0
4
3 3 0 0 2 1 0 1 
0
4
3 3 0 0 2 1 1 1 
0
4
3 3 0 1 2 1 1 1 
0
4
3 3 0 0 2 1 2 1 
1
4
3 3 0 1 2 1 2 1 
1
4
1 1 1 1 2 1 2 1 
0
4
2 1 1 1 2 1 0 0 
0
4
2 1 1 1 2 1 0 1 
0
4
2 1 1 1 2 1 1 1 
0
4
2 1 1 1 2 1 2 1 
1
4
1 1 0 0 3 1 0 0 
0
4
1 1 0 1 3 1 0 0 
0
4
1 1 0 1 3 1 0 1 
0
4
1 1 0 0 3 1 0 1 
0
4
1 1 0 0 3 1 1 1 
0
4
1 1 0 1 3 1 1 1 
0
4
1 1 0 0 3 1 2 1 
0
4
1 1 0 1 3 1 2 1 
0
4
2 1 0 0 3 1 0 0 
0
4
2 1 0 1 3 1 0 0 
0
4
2 1 0 1 3 1 0 1 
0
4
2 1 0 0 3 1 0 1 
0
4
2 1 0 0 3 1 1 1 
0
4
2 1 0 1 3 1 1 1 
0
4
2 1 0 0 3 1 2 1 
1
4
2 1 0 1 3 1 2 1 
1
4
1 1 0 0 3 3 0 0 
0
4
1 1 0 1 3 3 0 0 
0
4
1 1 0 1 3 3 0 1 
0
4
1 1 0 0 3 3 0 1 
0
4
1 1 0 0 3 3 1 1 
0
4
1 1 0 1 3 3 1 1 
0
4
1 1 0 0 3 3 2 1 
0
4
1 1 0 1 3 3 2 1 
0
4
2 1 0 0 3 3 0 0 
0
4
2 1 0 1 3 3 0 0 
0
4
2 1 0 1 3 3 0 1 
0
4
2 1 0 0 3 3 0 1 
0
4
2 1 0 0 3 3 1 1 
0
4
2 1 0 1 3 3 1 1 
0
4
2 1 0 0 3 3 2 1 
1
4
2 1 0 1 3 3 2 1 
1
4
1 1 0 0 2 1 3 1 
0
4
1 1 0 1 2 1 3 1 
0
4
2 1 0 0 2 1 3 1 
1
4
2 1 0 1 2 1 3 1 
1
4
1 1 0 0 2 1 3 3 
0
4
1 1 0 1 2 1 3 3 
0
4
2 1 0 0 2 1 3 3 
1
4
2 1 0 1 2 1 3 3 
1
4
4 1 0 0 2 3 1 1 
0
4
4 1 0 1 2 3 1 1 
0
4
4 1 0 0 2 3 2 1 
1
4
4 1 0 1 2 3 2 1 
1
4
4 3 0 0 2 3 1 1 
0
4
4 3 0 1 2 3 1 1 
0
4
4 3 0 0 2 3 2 1 
1
4
4 3 0 1 2 3 2 1 
1
4
1 1 1 1 2 3 2 1 
0
4
2 1 1 1 2 3 1 1 
0
4
2 1 1 1 2 3 2 1 
0
4
3 1 1 1 2 3 1 1 
0
4
3 1 1 1 2 3 2 1 
1
4
1 1 0 0 3 5 1 1 
0
4
1 1 0 1 3 5 1 1 
0
4
1 1 0 0 3 5 2 1 
0
4
1 1 0 1 3 5 2 1 
0
4
2 1 0 0 3 5 1 1 
0
4
2 1 0 1 3 5 1 1 
0
4
2 1 0 0 3 5 2 1 
0
4
2 1 0 1 3 5 2 1 
0
4
3 1 0 0 3 5 1 1 
0
4
3 1 0 1 3 5 1 1 
0
4
3 1 0 0 3 5 2 1 
1
4
3 1 0 1 3 5 2 1 
1
4
1 1 0 0 3 7 1 1 
0
4
1 1 0 1 3 7 1 1 
0
4
1 1 0 0 3 7 2 1 
0
4
1 1 0 1 3 7 2 1 
0
4
2 1 0 0 3 7 1 1 
0
4
2 1 0 1 3 7 1 1 
0
4
2 1 0 0 3 7 2 1 
0
4
2 1 0 1 3 7 2 1 
0
4
3 1 0 0 3 7 1 1 
0
4
3 1 0 1 3 7 1 1 
0
4
3 1 0 0 3 7 2 1 
1
4
3 1 0 1 3 7 2 1 
1
4
1 1 0 0 2 3 3 1 
0
4
1 1 0 1 2 3 3 1 
0
4
2 1 0 0 2 3 3 1 
0
4
2 1 0 1 2 3 3 1 
0
4
3 1 0 0 2 3 3 1 
1
4
3 1 0 1 2 3 3 1 
1
4
1 1 0 0 2 3 3 3 
0
4
1 1 0 1 2 3 3 3 
0
4
2 1 0 0 2 3 3 3 
0
4
2 1 0 1 2 3 3 3 
0
4
3 1 0 0 2 3 3 3 
1
4
3 1 0 1 2 3 3 3 
1
4
3 5 2 1 0 1 1 1 
0
4
3 5 2 1 0 0 1 1 
0
4
3 5 2 1 0 1 2 1 
1
4
3 5 2 1 0 0 2 1 
1
4
3 7 2 1 0 1 1 1 
0
4
3 7 2 1 0 0 1 1 
0
4
3 7 2 1 0 1 2 1 
1
4
3 7 2 1 0 0 2 1 
1
4
1 1 3 1 0 1 1 1 
0
4
1 1 3 1 0 0 1 1 
0
4
1 1 3 1 0 1 2 1 
0
4
1 1 3 1 0 0 2 1 
0
4
2 3 3 1 0 1 1 1 
0
4
2 3 3 1 0 0 1 1 
0
4
2 3 3 1 0 1 2 1 
1
4
2 3 3 1 0 0 2 1 
1
4
1 1 3 3 0 1 1 1 
0
4
1 1 3 3 0 0 1 1 
0
4
1 1 3 3 0 1 2 1 
0
4
1 1 3 3 0 0 2 1 
0
4
2 3 3 3 0 1 1 1 
0
4
2 3 3 3 0 0 1 1 
0
4
2 3 3 3 0 1 2 1 
1
4
2 3 3 3 0 0 2 1 
1
4
1 1 2 1 1 1 2 1 
0
4
2 3 2 1 1 1 1 1 
0
4
2 3 2 1 1 1 2 1 
1
4
1 1 2 1 0 1 3 1 
0
4
1 1 2 1 0 0 3 1 
0
4
2 3 2 1 0 1 3 1 
1
4
2 3 2 1 0 0 3 1 
1
4
1 1 2 1 0 1 3 3 
0
4
1 1 2 1 0 0 3 3 
0
4
2 3 2 1 0 1 3 3 
1
4
2 3 2 1 0 0 3 3 
1
3
2
