nakBsplineBoundary
9 4 1055
0
0.000000e+00 1.000000e+00 0 0 0.000000e+00 1.000000e+00 0 0 0.000000e+00 1.000000e+00 0 0 0.000000e+00 1.000000e+00 0 0 
4
0 0 0 0 0 0 0 0 
0
4
0 1 0 0 0 0 0 0 
0
4
1 1 1 1 1 1 1 1 
1
4
0 0 0 1 0 0 0 0 
0
4
0 1 0 1 0 0 0 0 
0
4
0 0 0 0 0 1 0 0 
0
4
0 1 0 0 0 1 0 0 
0
4
0 0 0 1 0 1 0 0 
0
4
0 1 0 1 0 1 0 0 
0
4
0 0 0 0 0 0 0 1 
0
4
0 1 0 0 0 0 0 1 
0
4
0 0 0 1 0 0 0 1 
0
4
0 1 0 1 0 0 0 1 
0
4
0 0 0 0 0 1 0 1 
0
4
0 1 0 0 0 1 0 1 
0
4
0 0 0 1 0 1 0 1 
0
4
0 1 0 1 0 1 0 1 
0
4
1 1 0 1 0 1 0 0 
0
4
1 1 0 0 0 1 0 0 
0
4
1 1 0 0 0 0 0 0 
0
4
1 1 0 1 0 0 0 0 
0
4
1 1 0 1 0 0 0 1 
0
4
1 1 0 0 0 0 0 1 
0
4
1 1 0 0 0 1 0 1 
0
4
1 1 0 1 0 1 0 1 
0
4
0 0 1 1 0 1 0 0 
0
4
0 1 1 1 0 1 0 0 
0
4
0 1 1 1 0 0 0 0 
0
4
0 0 1 1 0 0 0 0 
0
4
0 0 1 1 0 0 0 1 
0
4
0 1 1 1 0 0 0 1 
0
4
0 1 1 1 0 1 0 1 
0
4
0 0 1 1 0 1 0 1 
0
4
0 0 0 1 1 1 0 0 
0
4
0 1 0 1 1 1 0 0 
0
4
0 1 0 0 1 1 0 0 
0
4
0 0 0 0 1 1 0 0 
0
4
0 0 0 0 1 1 0 1 
0
4
0 1 0 0 1 1 0 1 
0
4
0 1 0 1 1 1 0 1 
0
4
0 0 0 1 1 1 0 1 
0
4
0 0 0 1 0 1 1 1 
0
4
0 1 0 1 0 1 1 1 
0
4
0 1 0 0 0 1 1 1 
0
4
0 0 0 0 0 1 1 1 
0
4
0 0 0 0 0 0 1 1 
0
4
0 1 0 0 0 0 1 1 
0
4
0 1 0 1 0 0 1 1 
0
4
0 0 0 1 0 0 1 1 
0
4
2 1 0 1 0 1 0 1 
0
4
2 1 0 0 0 1 0 1 
0
4
2 1 0 0 0 0 0 1 
0
4
2 1 0 1 0 0 0 1 
0
4
2 1 0 1 0 0 0 0 
0
4
2 1 0 0 0 0 0 0 
0
4
2 1 0 0 0 1 0 0 
0
4
2 1 0 1 0 1 0 0 
0
4
2 3 0 1 0 1 0 1 
0
4
2 3 0 0 0 1 0 1 
0
4
2 3 0 0 0 0 0 1 
0
4
2 3 0 1 0 0 0 1 
0
4
2 3 0 1 0 0 0 0 
0
4
2 3 0 0 0 0 0 0 
0
4
2 3 0 0 0 1 0 0 
0
4
2 3 0 1 0 1 0 0 
0
4
1 1 1 1 0 1 0 1 
0
4
1 1 1 1 0 0 0 1 
0
4
1 1 1 1 0 0 0 0 
0
4
1 1 1 1 0 1 0 0 
0
4
1 1 0 1 1 1 0 1 
0
4
1 1 0 0 1 1 0 1 
0
4
1 1 0 0 1 1 0 0 
0
4
1 1 0 1 1 1 0 0 
0
4
1 1 0 1 0 1 1 1 
0
4
1 1 0 0 0 1 1 1 
0
4
1 1 0 0 0 0 1 1 
0
4
1 1 0 1 0 0 1 1 
0
4
0 1 1 1 0 1 1 1 
0
4
0 0 1 1 0 1 1 1 
0
4
0 0 1 1 0 0 1 1 
0
4
0 1 1 1 0 0 1 1 
0
4
0 1 0 1 1 1 1 1 
0
4
0 0 0 1 1 1 1 1 
0
4
0 0 0 0 1 1 1 1 
0
4
0 1 0 0 1 1 1 1 
0
4
0 1 0 1 0 1 2 1 
0
4
0 0 0 1 0 1 2 1 
0
4
0 0 0 0 0 1 2 1 
0
4
0 1 0 0 0 1 2 1 
0
4
0 1 0 0 0 0 2 1 
0
4
0 0 0 0 0 0 2 1 
0
4
0 0 0 1 0 0 2 1 
0
4
0 1 0 1 0 0 2 1 
0
4
0 1 0 1 0 1 2 3 
0
4
0 0 0 1 0 1 2 3 
0
4
0 0 0 0 0 1 2 3 
0
4
0 1 0 0 0 1 2 3 
0
4
0 1 0 0 0 0 2 3 
0
4
0 0 0 0 0 0 2 3 
0
4
0 0 0 1 0 0 2 3 
0
4
0 1 0 1 0 0 2 3 
0
4
0 1 2 1 0 0 0 1 
0
4
0 0 2 1 0 0 0 1 
0
4
0 0 2 1 0 1 0 1 
0
4
0 1 2 1 0 1 0 1 
0
4
0 1 2 1 0 1 0 0 
0
4
0 0 2 1 0 1 0 0 
0
4
0 0 2 1 0 0 0 0 
0
4
0 1 2 1 0 0 0 0 
0
4
0 1 2 3 0 0 0 1 
0
4
0 0 2 3 0 0 0 1 
0
4
0 0 2 3 0 1 0 1 
0
4
0 1 2 3 0 1 0 1 
0
4
0 1 2 3 0 1 0 0 
0
4
0 0 2 3 0 1 0 0 
0
4
0 0 2 3 0 0 0 0 
0
4
0 1 2 3 0 0 0 0 
0
4
0 1 1 1 1 1 0 1 
0
4
0 0 1 1 1 1 0 1 
0
4
0 0 1 1 1 1 0 0 
0
4
0 1 1 1 1 1 0 0 
0
4
1 1 2 1 0 1 0 1 
0
4
1 1 2 1 0 0 0 1 
0
4
1 1 2 1 0 0 0 0 
0
4
1 1 2 1 0 1 0 0 
0
4
0 1 3 1 0 1 0 1 
0
4
0 0 3 1 0 1 0 1 
0
4
0 0 3 1 0 0 0 1 
0
4
0 1 3 1 0 0 0 1 
0
4
0 1 3 1 0 0 0 0 
0
4
0 0 3 1 0 0 0 0 
0
4
0 0 3 1 0 1 0 0 
0
4
0 1 3 1 0 1 0 0 
0
4
0 1 3 3 0 1 0 1 
0
4
0 0 3 3 0 1 0 1 
0
4
0 0 3 3 0 0 0 1 
0
4
0 1 3 3 0 0 0 1 
0
4
0 1 3 3 0 0 0 0 
0
4
0 0 3 3 0 0 0 0 
0
4
0 0 3 3 0 1 0 0 
0
4
0 1 3 3 0 1 0 0 
0
4
0 1 2 1 1 1 0 1 
0
4
0 0 2 1 1 1 0 1 
0
4
0 0 2 1 1 1 0 0 
0
4
0 1 2 1 1 1 0 0 
0
4
0 1 2 1 0 1 1 1 
0
4
0 0 2 1 0 1 1 1 
0
4
0 0 2 1 0 0 1 1 
0
4
0 1 2 1 0 0 1 1 
0
4
1 1 0 1 0 0 2 1 
0
4
1 1 0 0 0 0 2 1 
0
4
1 1 0 0 0 1 2 1 
0
4
1 1 0 1 0 1 2 1 
0
4
0 1 1 1 0 0 2 1 
0
4
0 0 1 1 0 0 2 1 
0
4
0 0 1 1 0 1 2 1 
0
4
0 1 1 1 0 1 2 1 
0
4
0 1 0 1 1 1 2 1 
0
4
0 0 0 1 1 1 2 1 
0
4
0 0 0 0 1 1 2 1 
0
4
0 1 0 0 1 1 2 1 
0
4
0 1 0 1 0 0 3 1 
0
4
0 0 0 1 0 0 3 1 
0
4
0 0 0 0 0 0 3 1 
0
4
0 1 0 0 0 0 3 1 
0
4
0 1 0 0 0 1 3 1 
0
4
0 0 0 0 0 1 3 1 
0
4
0 0 0 1 0 1 3 1 
0
4
0 1 0 1 0 1 3 1 
0
4
0 1 0 1 0 0 3 3 
0
4
0 0 0 1 0 0 3 3 
0
4
0 0 0 0 0 0 3 3 
0
4
0 1 0 0 0 0 3 3 
0
4
0 1 0 0 0 1 3 3 
0
4
0 0 0 0 0 1 3 3 
0
4
0 0 0 1 0 1 3 3 
0
4
0 1 0 1 0 1 3 3 
0
4
1 1 0 0 0 0 3 1 
0
4
1 1 0 1 0 0 3 1 
0
4
1 1 0 1 0 1 3 1 
0
4
1 1 0 0 0 1 3 1 
0
4
0 1 1 1 0 0 3 1 
0
4
0 0 1 1 0 0 3 1 
0
4
0 0 1 1 0 1 3 1 
0
4
0 1 1 1 0 1 3 1 
0
4
0 1 0 0 1 1 3 1 
0
4
0 0 0 0 1 1 3 1 
0
4
0 0 0 1 1 1 3 1 
0
4
0 1 0 1 1 1 3 1 
0
4
0 1 0 0 0 0 4 1 
0
4
0 0 0 0 0 0 4 1 
0
4
0 0 0 1 0 0 4 1 
0
4
0 1 0 1 0 0 4 1 
0
4
0 1 0 1 0 1 4 1 
0
4
0 0 0 1 0 1 4 1 
0
4
0 0 0 0 0 1 4 1 
0
4
0 1 0 0 0 1 4 1 
0
4
0 1 0 0 0 0 4 3 
0
4
0 0 0 0 0 0 4 3 
0
4
0 0 0 1 0 0 4 3 
0
4
0 1 0 1 0 0 4 3 
0
4
0 1 0 1 0 1 4 3 
0
4
0 0 0 1 0 1 4 3 
0
4
0 0 0 0 0 1 4 3 
0
4
0 1 0 0 0 1 4 3 
0
4
1 1 0 0 0 0 2 3 
1
4
1 1 0 1 0 0 2 3 
1
4
1 1 0 1 0 1 2 3 
1
4
1 1 0 0 0 1 2 3 
1
4
0 1 1 1 0 0 2 3 
1
4
0 0 1 1 0 0 2 3 
1
4
0 0 1 1 0 1 2 3 
1
4
0 1 1 1 0 1 2 3 
1
4
0 1 0 0 1 1 2 3 
1
4
0 0 0 0 1 1 2 3 
1
4
0 0 0 1 1 1 2 3 
1
4
0 1 0 1 1 1 2 3 
1
4
0 1 0 0 0 0 3 5 
1
4
0 0 0 0 0 0 3 5 
1
4
0 0 0 1 0 0 3 5 
1
4
0 1 0 1 0 0 3 5 
1
4
0 1 0 1 0 1 3 5 
1
4
0 0 0 1 0 1 3 5 
1
4
0 0 0 0 0 1 3 5 
1
4
0 1 0 0 0 1 3 5 
1
4
0 1 0 0 0 0 3 7 
1
4
0 0 0 0 0 0 3 7 
1
4
0 0 0 1 0 0 3 7 
1
4
0 1 0 1 0 0 3 7 
1
4
0 1 0 1 0 1 3 7 
1
4
0 0 0 1 0 1 3 7 
1
4
0 0 0 0 0 1 3 7 
1
4
0 1 0 0 0 1 3 7 
1
4
1 1 1 1 0 0 1 1 
0
4
1 1 1 1 0 1 1 1 
0
4
1 1 1 1 0 0 2 1 
0
4
1 1 1 1 0 1 2 1 
0
4
0 1 2 1 0 0 2 1 
0
4
0 0 2 1 0 0 2 1 
0
4
0 0 2 1 0 1 2 1 
0
4
0 1 2 1 0 1 2 1 
0
4
0 1 2 3 0 0 1 1 
0
4
0 0 2 3 0 0 1 1 
0
4
0 0 2 3 0 1 1 1 
0
4
0 1 2 3 0 1 1 1 
0
4
0 1 2 3 0 0 2 1 
0
4
0 0 2 3 0 0 2 1 
0
4
0 0 2 3 0 1 2 1 
0
4
0 1 2 3 0 1 2 1 
0
4
0 1 1 1 1 1 1 1 
0
4
0 0 1 1 1 1 1 1 
0
4
0 1 1 1 1 1 2 1 
0
4
0 0 1 1 1 1 2 1 
0
4
0 1 1 1 0 0 3 3 
0
4
0 0 1 1 0 0 3 3 
0
4
0 0 1 1 0 1 3 3 
0
4
0 1 1 1 0 1 3 3 
0
4
1 1 2 3 0 0 0 1 
0
4
1 1 2 3 0 1 0 1 
0
4
1 1 2 3 0 1 0 0 
0
4
1 1 2 3 0 0 0 0 
0
4
0 1 3 5 0 0 0 1 
0
4
0 0 3 5 0 0 0 1 
0
4
0 0 3 5 0 1 0 1 
0
4
0 1 3 5 0 1 0 1 
0
4
0 1 3 5 0 1 0 0 
0
4
0 0 3 5 0 1 0 0 
0
4
0 0 3 5 0 0 0 0 
0
4
0 1 3 5 0 0 0 0 
0
4
0 1 3 7 0 0 0 1 
0
4
0 0 3 7 0 0 0 1 
0
4
0 0 3 7 0 1 0 1 
0
4
0 1 3 7 0 1 0 1 
0
4
0 1 3 7 0 1 0 0 
0
4
0 0 3 7 0 1 0 0 
0
4
0 0 3 7 0 0 0 0 
0
4
0 1 3 7 0 0 0 0 
0
4
0 1 2 3 1 1 0 1 
0
4
0 0 2 3 1 1 0 1 
0
4
0 0 2 3 1 1 0 0 
0
4
0 1 2 3 1 1 0 0 
0
4
2 1 0 1 0 1 1 1 
0
4
2 1 0 0 0 1 1 1 
0
4
2 1 0 0 0 0 1 1 
0
4
2 1 0 1 0 0 1 1 
0
4
2 1 0 1 0 1 2 1 
0
4
2 1 0 0 0 1 2 1 
0
4
2 1 0 0 0 0 2 1 
0
4
2 1 0 1 0 0 2 1 
0
4
2 3 0 1 0 1 1 1 
0
4
2 3 0 0 0 1 1 1 
0
4
2 3 0 0 0 0 1 1 
0
4
2 3 0 1 0 0 1 1 
0
4
2 3 0 1 0 1 2 1 
0
4
2 3 0 0 0 1 2 1 
0
4
2 3 0 0 0 0 2 1 
0
4
2 3 0 1 0 0 2 1 
0
4
1 1 0 1 1 1 1 1 
0
4
1 1 0 0 1 1 1 1 
0
4
1 1 0 1 1 1 2 1 
0
4
1 1 0 0 1 1 2 1 
0
4
1 1 0 1 0 1 3 3 
0
4
1 1 0 0 0 1 3 3 
0
4
1 1 0 0 0 0 3 3 
0
4
1 1 0 1 0 0 3 3 
0
4
1 1 0 0 0 0 4 1 
0
4
1 1 0 1 0 0 4 1 
0
4
1 1 0 1 0 1 4 1 
0
4
1 1 0 0 0 1 4 1 
0
4
0 1 1 1 0 0 4 1 
0
4
0 0 1 1 0 0 4 1 
0
4
0 0 1 1 0 1 4 1 
0
4
0 1 1 1 0 1 4 1 
0
4
0 1 0 0 1 1 4 1 
0
4
0 0 0 0 1 1 4 1 
0
4
0 0 0 1 1 1 4 1 
0
4
0 1 0 1 1 1 4 1 
0
4
0 1 0 0 0 0 5 1 
0
4
0 0 0 0 0 0 5 1 
0
4
0 0 0 1 0 0 5 1 
0
4
0 1 0 1 0 0 5 1 
0
4
0 1 0 1 0 1 5 1 
0
4
0 0 0 1 0 1 5 1 
0
4
0 0 0 0 0 1 5 1 
0
4
0 1 0 0 0 1 5 1 
0
4
0 1 0 0 0 0 5 3 
1
4
0 0 0 0 0 0 5 3 
1
4
0 0 0 1 0 0 5 3 
1
4
0 1 0 1 0 0 5 3 
1
4
0 1 0 1 0 1 5 3 
1
4
0 0 0 1 0 1 5 3 
1
4
0 0 0 0 0 1 5 3 
1
4
0 1 0 0 0 1 5 3 
1
4
3 1 0 1 0 1 0 1 
0
4
3 1 0 0 0 1 0 1 
0
4
3 1 0 0 0 0 0 1 
0
4
3 1 0 1 0 0 0 1 
0
4
3 1 0 1 0 0 0 0 
0
4
3 1 0 0 0 0 0 0 
0
4
3 1 0 0 0 1 0 0 
0
4
3 1 0 1 0 1 0 0 
0
4
3 3 0 1 0 1 0 1 
0
4
3 3 0 0 0 1 0 1 
0
4
3 3 0 0 0 0 0 1 
0
4
3 3 0 1 0 0 0 1 
0
4
3 3 0 1 0 0 0 0 
0
4
3 3 0 0 0 0 0 0 
0
4
3 3 0 0 0 1 0 0 
0
4
3 3 0 1 0 1 0 0 
0
4
2 1 1 1 0 1 0 1 
0
4
2 1 1 1 0 0 0 1 
0
4
2 1 1 1 0 0 0 0 
0
4
2 1 1 1 0 1 0 0 
0
4
2 1 0 1 1 1 0 1 
0
4
2 1 0 0 1 1 0 1 
0
4
2 1 0 0 1 1 0 0 
0
4
2 1 0 1 1 1 0 0 
0
4
1 1 1 1 0 1 3 1 
0
4
1 1 1 1 0 0 3 1 
0
4
0 1 2 1 0 1 3 1 
0
4
0 0 2 1 0 1 3 1 
0
4
0 0 2 1 0 0 3 1 
0
4
0 1 2 1 0 0 3 1 
0
4
0 1 2 3 0 1 3 1 
1
4
0 0 2 3 0 1 3 1 
1
4
0 0 2 3 0 0 3 1 
1
4
0 1 2 3 0 0 3 1 
1
4
0 1 1 1 1 1 3 1 
0
4
0 0 1 1 1 1 3 1 
0
4
0 1 1 1 0 1 4 3 
0
4
0 0 1 1 0 1 4 3 
0
4
0 0 1 1 0 0 4 3 
0
4
0 1 1 1 0 0 4 3 
0
4
3 5 0 1 0 0 0 0 
0
4
3 5 0 0 0 0 0 0 
0
4
3 5 0 0 0 1 0 0 
0
4
3 5 0 1 0 1 0 0 
0
4
3 5 0 1 0 1 0 1 
0
4
3 5 0 0 0 1 0 1 
0
4
3 5 0 0 0 0 0 1 
0
4
3 5 0 1 0 0 0 1 
0
4
3 5 0 1 0 0 1 1 
0
4
3 5 0 0 0 0 1 1 
0
4
3 5 0 0 0 1 1 1 
0
4
3 5 0 1 0 1 1 1 
0
4
3 5 0 1 0 0 2 1 
1
4
3 5 0 0 0 0 2 1 
1
4
3 5 0 0 0 1 2 1 
1
4
3 5 0 1 0 1 2 1 
1
4
3 7 0 1 0 0 0 0 
0
4
3 7 0 0 0 0 0 0 
0
4
3 7 0 0 0 1 0 0 
0
4
3 7 0 1 0 1 0 0 
0
4
3 7 0 1 0 1 0 1 
0
4
3 7 0 0 0 1 0 1 
0
4
3 7 0 0 0 0 0 1 
0
4
3 7 0 1 0 0 0 1 
0
4
3 7 0 1 0 0 1 1 
0
4
3 7 0 0 0 0 1 1 
0
4
3 7 0 0 0 1 1 1 
0
4
3 7 0 1 0 1 1 1 
0
4
3 7 0 1 0 0 2 1 
0
4
3 7 0 0 0 0 2 1 
0
4
3 7 0 0 0 1 2 1 
0
4
3 7 0 1 0 1 2 1 
0
4
2 3 1 1 0 0 0 0 
0
4
2 3 1 1 0 1 0 0 
0
4
2 3 1 1 0 1 0 1 
0
4
2 3 1 1 0 0 0 1 
0
4
2 3 1 1 0 0 1 1 
0
4
2 3 1 1 0 1 1 1 
0
4
2 3 1 1 0 0 2 1 
0
4
2 3 1 1 0 1 2 1 
0
4
2 3 0 1 1 1 0 0 
0
4
2 3 0 0 1 1 0 0 
0
4
2 3 0 0 1 1 0 1 
0
4
2 3 0 1 1 1 0 1 
0
4
2 3 0 1 1 1 1 1 
0
4
2 3 0 0 1 1 1 1 
0
4
2 3 0 1 1 1 2 1 
0
4
2 3 0 0 1 1 2 1 
0
4
2 3 0 1 0 0 3 1 
0
4
2 3 0 0 0 0 3 1 
0
4
2 3 0 0 0 1 3 1 
0
4
2 3 0 1 0 1 3 1 
0
4
2 3 0 1 0 0 3 3 
0
4
2 3 0 0 0 0 3 3 
0
4
2 3 0 0 0 1 3 3 
0
4
2 3 0 1 0 1 3 3 
0
4
1 1 0 1 0 0 5 1 
0
4
1 1 0 0 0 0 5 1 
0
4
1 1 0 0 0 1 5 1 
0
4
1 1 0 1 0 1 5 1 
0
4
0 1 1 1 0 0 5 1 
0
4
0 0 1 1 0 0 5 1 
0
4
0 0 1 1 0 1 5 1 
0
4
0 1 1 1 0 1 5 1 
0
4
0 1 0 1 1 1 5 1 
0
4
0 0 0 1 1 1 5 1 
0
4
0 0 0 0 1 1 5 1 
0
4
0 1 0 0 1 1 5 1 
0
4
0 1 0 1 0 0 6 1 
0
4
0 0 0 1 0 0 6 1 
0
4
0 0 0 0 0 0 6 1 
0
4
0 1 0 0 0 0 6 1 
0
4
0 1 0 0 0 1 6 1 
0
4
0 0 0 0 0 1 6 1 
0
4
0 0 0 1 0 1 6 1 
0
4
0 1 0 1 0 1 6 1 
0
4
0 1 0 1 0 0 6 3 
0
4
0 0 0 1 0 0 6 3 
0
4
0 0 0 0 0 0 6 3 
0
4
0 1 0 0 0 0 6 3 
0
4
0 1 0 0 0 1 6 3 
0
4
0 0 0 0 0 1 6 3 
0
4
0 0 0 1 0 1 6 3 
0
4
0 1 0 1 0 1 6 3 
0
4
1 1 2 3 0 1 1 1 
0
4
1 1 2 3 0 0 1 1 
0
4
1 1 2 3 0 1 2 1 
1
4
1 1 2 3 0 0 2 1 
1
4
0 1 3 5 0 1 1 1 
0
4
0 0 3 5 0 1 1 1 
0
4
0 0 3 5 0 0 1 1 
0
4
0 1 3 5 0 0 1 1 
0
4
0 1 3 5 0 1 2 1 
1
4
0 0 3 5 0 1 2 1 
1
4
0 0 3 5 0 0 2 1 
1
4
0 1 3 5 0 0 2 1 
1
4
0 1 3 7 0 1 1 1 
0
4
0 0 3 7 0 1 1 1 
0
4
0 0 3 7 0 0 1 1 
0
4
0 1 3 7 0 0 1 1 
0
4
0 1 3 7 0 1 2 1 
1
4
0 0 3 7 0 1 2 1 
1
4
0 0 3 7 0 0 2 1 
1
4
0 1 3 7 0 0 2 1 
1
4
0 1 2 3 1 1 1 1 
0
4
0 0 2 3 1 1 1 1 
0
4
0 1 2 3 1 1 2 1 
1
4
0 0 2 3 1 1 2 1 
1
4
0 1 2 3 0 1 3 3 
1
4
0 0 2 3 0 1 3 3 
1
4
0 0 2 3 0 0 3 3 
1
4
0 1 2 3 0 0 3 3 
1
4
1 1 0 1 0 1 6 3 
0
4
1 1 0 0 0 1 6 3 
0
4
1 1 0 0 0 0 6 3 
0
4
1 1 0 1 0 0 6 3 
0
4
0 0 1 1 0 1 6 3 
0
4
0 1 1 1 0 1 6 3 
0
4
0 1 1 1 0 0 6 3 
0
4
0 0 1 1 0 0 6 3 
0
4
0 0 0 1 1 1 6 3 
0
4
0 1 0 1 1 1 6 3 
0
4
0 1 0 0 1 1 6 3 
0
4
0 0 0 0 1 1 6 3 
0
4
0 0 0 1 0 1 7 5 
0
4
0 1 0 1 0 1 7 5 
0
4
0 1 0 0 0 1 7 5 
0
4
0 0 0 0 0 1 7 5 
0
4
0 0 0 0 0 0 7 5 
0
4
0 1 0 0 0 0 7 5 
0
4
0 1 0 1 0 0 7 5 
0
4
0 0 0 1 0 0 7 5 
0
4
0 0 0 1 0 1 7 7 
1
4
0 1 0 1 0 1 7 7 
1
4
0 1 0 0 0 1 7 7 
1
4
0 0 0 0 0 1 7 7 
1
4
0 0 0 0 0 0 7 7 
1
4
0 1 0 0 0 0 7 7 
1
4
0 1 0 1 0 0 7 7 
1
4
0 0 0 1 0 0 7 7 
1
4
1 1 0 0 0 0 6 1 
0
4
1 1 0 1 0 0 6 1 
0
4
1 1 0 1 0 1 6 1 
0
4
1 1 0 0 0 1 6 1 
0
4
0 1 1 1 0 0 6 1 
0
4
0 0 1 1 0 0 6 1 
0
4
0 0 1 1 0 1 6 1 
0
4
0 1 1 1 0 1 6 1 
0
4
0 1 0 0 1 1 6 1 
0
4
0 0 0 0 1 1 6 1 
0
4
0 0 0 1 1 1 6 1 
0
4
0 1 0 1 1 1 6 1 
0
4
0 1 0 0 0 0 7 1 
0
4
0 0 0 0 0 0 7 1 
0
4
0 0 0 1 0 0 7 1 
0
4
0 1 0 1 0 0 7 1 
0
4
0 1 0 1 0 1 7 1 
0
4
0 0 0 1 0 1 7 1 
0
4
0 0 0 0 0 1 7 1 
0
4
0 1 0 0 0 1 7 1 
0
4
0 1 0 0 0 0 7 3 
0
4
0 0 0 0 0 0 7 3 
0
4
0 0 0 1 0 0 7 3 
0
4
0 1 0 1 0 0 7 3 
0
4
0 1 0 1 0 1 7 3 
0
4
0 0 0 1 0 1 7 3 
0
4
0 0 0 0 0 1 7 3 
0
4
0 1 0 0 0 1 7 3 
0
4
1 1 0 1 0 0 7 1 
1
4
1 1 0 0 0 0 7 1 
1
4
1 1 0 0 0 1 7 1 
1
4
1 1 0 1 0 1 7 1 
1
4
0 0 1 1 0 0 7 1 
1
4
0 1 1 1 0 0 7 1 
1
4
0 1 1 1 0 1 7 1 
1
4
0 0 1 1 0 1 7 1 
1
4
0 0 0 1 1 1 7 1 
1
4
0 1 0 1 1 1 7 1 
1
4
0 1 0 0 1 1 7 1 
1
4
0 0 0 0 1 1 7 1 
1
4
0 0 0 1 0 0 8 1 
1
4
0 1 0 1 0 0 8 1 
1
4
0 1 0 0 0 0 8 1 
1
4
0 0 0 0 0 0 8 1 
1
4
0 0 0 0 0 1 8 1 
1
4
0 1 0 0 0 1 8 1 
1
4
0 1 0 1 0 1 8 1 
1
4
0 0 0 1 0 1 8 1 
1
4
0 0 0 1 0 0 8 3 
1
4
0 1 0 1 0 0 8 3 
1
4
0 1 0 0 0 0 8 3 
1
4
0 0 0 0 0 0 8 3 
1
4
0 0 0 0 0 1 8 3 
1
4
0 1 0 0 0 1 8 3 
1
4
0 1 0 1 0 1 8 3 
1
4
0 0 0 1 0 1 8 3 
1
4
1 1 0 0 0 0 7 5 
0
4
1 1 0 1 0 0 7 5 
0
4
1 1 0 1 0 1 7 5 
0
4
1 1 0 0 0 1 7 5 
0
4
0 1 1 1 0 0 7 5 
0
4
0 0 1 1 0 0 7 5 
0
4
0 0 1 1 0 1 7 5 
0
4
0 1 1 1 0 1 7 5 
0
4
0 1 0 0 1 1 7 5 
0
4
0 0 0 0 1 1 7 5 
0
4
0 0 0 1 1 1 7 5 
0
4
0 1 0 1 1 1 7 5 
0
4
0 1 0 0 0 0 8 9 
0
4
0 0 0 0 0 0 8 9 
0
4
0 0 0 1 0 0 8 9 
0
4
0 1 0 1 0 0 8 9 
0
4
0 1 0 1 0 1 8 9 
0
4
0 0 0 1 0 1 8 9 
0
4
0 0 0 0 0 1 8 9 
0
4
0 1 0 0 0 1 8 9 
0
4
0 1 0 0 0 0 8 11 
1
4
0 0 0 0 0 0 8 11 
1
4
0 0 0 1 0 0 8 11 
1
4
0 1 0 1 0 0 8 11 
1
4
0 1 0 1 0 1 8 11 
1
4
0 0 0 1 0 1 8 11 
1
4
0 0 0 0 0 1 8 11 
1
4
0 1 0 0 0 1 8 11 
1
4
1 1 0 1 0 0 7 3 
0
4
1 1 0 0 0 0 7 3 
0
4
1 1 0 0 0 1 7 3 
0
4
1 1 0 1 0 1 7 3 
0
4
0 0 1 1 0 0 7 3 
0
4
0 1 1 1 0 0 7 3 
0
4
0 1 1 1 0 1 7 3 
0
4
0 0 1 1 0 1 7 3 
0
4
0 0 0 1 1 1 7 3 
0
4
0 1 0 1 1 1 7 3 
0
4
0 1 0 0 1 1 7 3 
0
4
0 0 0 0 1 1 7 3 
0
4
0 0 0 1 0 0 8 5 
1
4
0 1 0 1 0 0 8 5 
1
4
0 1 0 0 0 0 8 5 
1
4
0 0 0 0 0 0 8 5 
1
4
0 0 0 0 0 1 8 5 
1
4
0 1 0 0 0 1 8 5 
1
4
0 1 0 1 0 1 8 5 
1
4
0 0 0 1 0 1 8 5 
1
4
0 0 0 1 0 0 8 7 
0
4
0 1 0 1 0 0 8 7 
0
4
0 1 0 0 0 0 8 7 
0
4
0 0 0 0 0 0 8 7 
0
4
0 0 0 0 0 1 8 7 
0
4
0 1 0 0 0 1 8 7 
0
4
0 1 0 1 0 1 8 7 
0
4
0 0 0 1 0 1 8 7 
0
4
4 13 0 0 0 1 0 0 
0
4
4 13 0 1 0 1 0 0 
0
4
4 13 0 1 0 0 0 0 
0
4
4 13 0 0 0 0 0 0 
0
4
4 13 0 0 0 0 0 1 
0
4
4 13 0 1 0 0 0 1 
0
4
4 13 0 1 0 1 0 1 
0
4
4 13 0 0 0 1 0 1 
0
4
4 13 0 0 0 1 1 1 
0
4
4 13 0 1 0 1 1 1 
0
4
4 13 0 1 0 0 1 1 
0
4
4 13 0 0 0 0 1 1 
0
4
4 13 0 0 0 1 2 1 
0
4
4 13 0 1 0 1 2 1 
0
4
4 13 0 1 0 0 2 1 
0
4
4 13 0 0 0 0 2 1 
0
4
4 15 0 0 0 1 0 0 
0
4
4 15 0 1 0 1 0 0 
0
4
4 15 0 1 0 0 0 0 
0
4
4 15 0 0 0 0 0 0 
0
4
4 15 0 0 0 0 0 1 
0
4
4 15 0 1 0 0 0 1 
0
4
4 15 0 1 0 1 0 1 
0
4
4 15 0 0 0 1 0 1 
0
4
4 15 0 0 0 1 1 1 
0
4
4 15 0 1 0 1 1 1 
0
4
4 15 0 1 0 0 1 1 
0
4
4 15 0 0 0 0 1 1 
0
4
4 15 0 0 0 1 2 1 
0
4
4 15 0 1 0 1 2 1 
0
4
4 15 0 1 0 0 2 1 
0
4
4 15 0 0 0 0 2 1 
0
4
3 7 1 1 0 1 0 0 
0
4
3 7 1 1 0 0 0 0 
0
4
3 7 1 1 0 0 0 1 
0
4
3 7 1 1 0 1 0 1 
0
4
3 7 1 1 0 1 1 1 
0
4
3 7 1 1 0 0 1 1 
0
4
3 7 1 1 0 1 2 1 
0
4
3 7 1 1 0 0 2 1 
0
4
3 7 0 0 1 1 0 0 
0
4
3 7 0 1 1 1 0 0 
0
4
3 7 0 1 1 1 0 1 
0
4
3 7 0 0 1 1 0 1 
0
4
3 7 0 0 1 1 1 1 
0
4
3 7 0 1 1 1 1 1 
0
4
3 7 0 0 1 1 2 1 
0
4
3 7 0 1 1 1 2 1 
0
4
3 7 0 0 0 1 3 1 
0
4
3 7 0 1 0 1 3 1 
0
4
3 7 0 1 0 0 3 1 
0
4
3 7 0 0 0 0 3 1 
0
4
3 7 0 0 0 1 3 3 
1
4
3 7 0 1 0 1 3 3 
1
4
3 7 0 1 0 0 3 3 
1
4
3 7 0 0 0 0 3 3 
1
4
2 1 0 1 0 1 3 1 
0
4
2 1 0 0 0 1 3 1 
0
4
2 1 0 0 0 0 3 1 
0
4
2 1 0 1 0 0 3 1 
0
4
2 1 0 1 0 1 4 1 
0
4
2 1 0 0 0 1 4 1 
0
4
2 1 0 0 0 0 4 1 
0
4
2 1 0 1 0 0 4 1 
0
4
2 1 0 1 0 1 5 1 
0
4
2 1 0 0 0 1 5 1 
0
4
2 1 0 0 0 0 5 1 
0
4
2 1 0 1 0 0 5 1 
0
4
2 3 0 1 0 1 4 1 
0
4
2 3 0 0 0 1 4 1 
0
4
2 3 0 0 0 0 4 1 
0
4
2 3 0 1 0 0 4 1 
0
4
2 3 0 1 0 1 5 1 
0
4
2 3 0 0 0 1 5 1 
0
4
2 3 0 0 0 0 5 1 
0
4
2 3 0 1 0 0 5 1 
0
4
1 1 1 1 0 1 4 1 
0
4
1 1 1 1 0 0 4 1 
0
4
1 1 1 1 0 1 5 1 
0
4
1 1 1 1 0 0 5 1 
0
4
1 1 0 1 1 1 3 1 
0
4
1 1 0 0 1 1 3 1 
0
4
1 1 0 1 1 1 4 1 
0
4
1 1 0 0 1 1 4 1 
0
4
1 1 0 1 1 1 5 1 
0
4
1 1 0 0 1 1 5 1 
0
4
1 1 0 1 0 0 8 7 
0
4
1 1 0 0 0 0 8 7 
0
4
1 1 0 0 0 1 8 7 
0
4
1 1 0 1 0 1 8 7 
0
4
0 0 1 1 0 0 8 7 
0
4
0 1 1 1 0 0 8 7 
0
4
0 1 1 1 0 1 8 7 
0
4
0 0 1 1 0 1 8 7 
0
4
0 0 0 1 1 1 8 7 
0
4
0 1 0 1 1 1 8 7 
0
4
0 1 0 0 1 1 8 7 
0
4
0 0 0 0 1 1 8 7 
0
4
0 0 0 1 0 0 9 13 
1
4
0 1 0 1 0 0 9 13 
1
4
0 1 0 0 0 0 9 13 
1
4
0 0 0 0 0 0 9 13 
1
4
0 0 0 0 0 1 9 13 
1
4
0 1 0 0 0 1 9 13 
1
4
0 1 0 1 0 1 9 13 
1
4
0 0 0 1 0 1 9 13 
1
4
0 0 0 1 0 0 9 15 
0
4
0 1 0 1 0 0 9 15 
0
4
0 1 0 0 0 0 9 15 
0
4
0 0 0 0 0 0 9 15 
0
4
0 0 0 0 0 1 9 15 
0
4
0 1 0 0 0 1 9 15 
0
4
0 1 0 1 0 1 9 15 
0
4
0 0 0 1 0 1 9 15 
0
4
1 1 0 1 0 1 8 9 
0
4
1 1 0 0 0 1 8 9 
0
4
1 1 0 0 0 0 8 9 
0
4
1 1 0 1 0 0 8 9 
0
4
0 1 1 1 0 1 8 9 
0
4
0 0 1 1 0 1 8 9 
0
4
0 0 1 1 0 0 8 9 
0
4
0 1 1 1 0 0 8 9 
0
4
0 1 0 1 1 1 8 9 
0
4
0 0 0 1 1 1 8 9 
0
4
0 0 0 0 1 1 8 9 
0
4
0 1 0 0 1 1 8 9 
0
4
0 1 0 1 0 1 9 17 
0
4
0 0 0 1 0 1 9 17 
0
4
0 0 0 0 0 1 9 17 
0
4
0 1 0 0 0 1 9 17 
0
4
0 1 0 0 0 0 9 17 
0
4
0 0 0 0 0 0 9 17 
0
4
0 0 0 1 0 0 9 17 
0
4
0 1 0 1 0 0 9 17 
0
4
0 1 0 1 0 1 9 19 
1
4
0 0 0 1 0 1 9 19 
1
4
0 0 0 0 0 1 9 19 
1
4
0 1 0 0 0 1 9 19 
1
4
0 1 0 0 0 0 9 19 
1
4
0 0 0 0 0 0 9 19 
1
4
0 0 0 1 0 0 9 19 
1
4
0 1 0 1 0 0 9 19 
1
4
4 13 0 0 0 0 3 1 
1
4
4 13 0 1 0 0 3 1 
1
4
4 13 0 1 0 1 3 1 
1
4
4 13 0 0 0 1 3 1 
1
4
4 15 0 0 0 0 3 1 
1
4
4 15 0 1 0 0 3 1 
1
4
4 15 0 1 0 1 3 1 
1
4
4 15 0 0 0 1 3 1 
1
4
2 3 1 1 0 0 3 1 
0
4
2 3 1 1 0 1 3 1 
0
4
3 7 1 1 0 0 3 1 
1
4
3 7 1 1 0 1 3 1 
1
4
2 3 0 0 1 1 3 1 
0
4
2 3 0 1 1 1 3 1 
0
4
3 7 0 0 1 1 3 1 
1
4
3 7 0 1 1 1 3 1 
1
4
3 7 0 0 0 0 4 1 
1
4
3 7 0 1 0 0 4 1 
1
4
3 7 0 1 0 1 4 1 
1
4
3 7 0 0 0 1 4 1 
1
4
1 1 0 0 0 0 4 3 
0
4
1 1 0 1 0 0 4 3 
0
4
1 1 0 1 0 1 4 3 
0
4
1 1 0 0 0 1 4 3 
0
4
2 3 0 0 0 0 4 3 
0
4
2 3 0 1 0 0 4 3 
0
4
2 3 0 1 0 1 4 3 
0
4
2 3 0 0 0 1 4 3 
0
4
3 7 0 0 0 0 4 3 
1
4
3 7 0 1 0 0 4 3 
1
4
3 7 0 1 0 1 4 3 
1
4
3 7 0 0 0 1 4 3 
1
4
2 1 0 1 0 1 6 1 
1
4
2 1 0 0 0 1 6 1 
1
4
2 1 0 0 0 0 6 1 
1
4
2 1 0 1 0 0 6 1 
1
4
2 3 0 1 0 1 6 1 
1
4
2 3 0 0 0 1 6 1 
1
4
2 3 0 0 0 0 6 1 
1
4
2 3 0 1 0 0 6 1 
1
4
1 1 1 1 0 1 6 1 
1
4
1 1 1 1 0 0 6 1 
1
4
1 1 0 1 1 1 6 1 
1
4
1 1 0 0 1 1 6 1 
1
4
1 1 0 1 0 1 9 17 
0
4
1 1 0 0 0 1 9 17 
0
4
1 1 0 0 0 0 9 17 
0
4
1 1 0 1 0 0 9 17 
0
4
0 1 1 1 0 1 9 17 
0
4
0 0 1 1 0 1 9 17 
0
4
0 0 1 1 0 0 9 17 
0
4
0 1 1 1 0 0 9 17 
0
4
0 1 0 1 1 1 9 17 
0
4
0 0 0 1 1 1 9 17 
0
4
0 0 0 0 1 1 9 17 
0
4
0 1 0 0 1 1 9 17 
0
4
0 1 0 1 0 1 10 33 
0
4
0 0 0 1 0 1 10 33 
0
4
0 0 0 0 0 1 10 33 
0
4
0 1 0 0 0 1 10 33 
0
4
0 1 0 0 0 0 10 33 
0
4
0 0 0 0 0 0 10 33 
0
4
0 0 0 1 0 0 10 33 
0
4
0 1 0 1 0 0 10 33 
0
4
0 1 0 1 0 1 10 35 
0
4
0 0 0 1 0 1 10 35 
0
4
0 0 0 0 0 1 10 35 
0
4
0 1 0 0 0 1 10 35 
0
4
0 1 0 0 0 0 10 35 
0
4
0 0 0 0 0 0 10 35 
0
4
0 0 0 1 0 0 10 35 
0
4
0 1 0 1 0 0 10 35 
0
4
1 1 0 0 0 0 9 15 
1
4
1 1 0 1 0 0 9 15 
1
4
1 1 0 1 0 1 9 15 
1
4
1 1 0 0 0 1 9 15 
1
4
0 0 1 1 0 0 9 15 
1
4
0 1 1 1 0 0 9 15 
1
4
0 1 1 1 0 1 9 15 
1
4
0 0 1 1 0 1 9 15 
1
4
0 0 0 0 1 1 9 15 
1
4
0 1 0 0 1 1 9 15 
1
4
0 1 0 1 1 1 9 15 
1
4
0 0 0 1 1 1 9 15 
1
4
0 0 0 0 0 0 10 29 
1
4
0 1 0 0 0 0 10 29 
1
4
0 1 0 1 0 0 10 29 
1
4
0 0 0 1 0 0 10 29 
1
4
0 0 0 1 0 1 10 29 
1
4
0 1 0 1 0 1 10 29 
1
4
0 1 0 0 0 1 10 29 
1
4
0 0 0 0 0 1 10 29 
1
4
0 0 0 0 0 0 10 31 
1
4
0 1 0 0 0 0 10 31 
1
4
0 1 0 1 0 0 10 31 
1
4
0 0 0 1 0 0 10 31 
1
4
0 0 0 1 0 1 10 31 
1
4
0 1 0 1 0 1 10 31 
1
4
0 1 0 0 0 1 10 31 
1
4
0 0 0 0 0 1 10 31 
1
4
1 1 2 1 0 1 1 1 
0
4
1 1 2 1 0 0 1 1 
0
4
1 1 2 1 0 1 2 1 
0
4
1 1 2 1 0 0 2 1 
0
4
1 1 2 1 0 1 3 1 
1
4
1 1 2 1 0 0 3 1 
1
4
0 1 3 1 0 1 1 1 
0
4
0 0 3 1 0 1 1 1 
0
4
0 0 3 1 0 0 1 1 
0
4
0 1 3 1 0 0 1 1 
0
4
0 1 3 1 0 1 2 1 
0
4
0 0 3 1 0 1 2 1 
0
4
0 0 3 1 0 0 2 1 
0
4
0 1 3 1 0 0 2 1 
0
4
0 1 3 1 0 1 3 1 
1
4
0 0 3 1 0 1 3 1 
1
4
0 0 3 1 0 0 3 1 
1
4
0 1 3 1 0 0 3 1 
1
4
0 1 3 3 0 1 1 1 
0
4
0 0 3 3 0 1 1 1 
0
4
0 0 3 3 0 0 1 1 
0
4
0 1 3 3 0 0 1 1 
0
4
0 1 3 3 0 1 2 1 
0
4
0 0 3 3 0 1 2 1 
0
4
0 0 3 3 0 0 2 1 
0
4
0 1 3 3 0 0 2 1 
0
4
0 1 3 3 0 1 3 1 
1
4
0 0 3 3 0 1 3 1 
1
4
0 0 3 3 0 0 3 1 
1
4
0 1 3 3 0 0 3 1 
1
4
0 1 2 1 1 1 1 1 
0
4
0 0 2 1 1 1 1 1 
0
4
0 1 2 1 1 1 2 1 
0
4
0 0 2 1 1 1 2 1 
0
4
0 1 2 1 1 1 3 1 
1
4
0 0 2 1 1 1 3 1 
1
4
0 1 2 1 0 1 4 1 
1
4
0 0 2 1 0 1 4 1 
1
4
0 0 2 1 0 0 4 1 
1
4
0 1 2 1 0 0 4 1 
1
4
0 1 2 1 0 1 4 3 
1
4
0 0 2 1 0 1 4 3 
1
4
0 0 2 1 0 0 4 3 
1
4
0 1 2 1 0 0 4 3 
1
4
0 1 2 1 0 1 3 3 
1
4
0 0 2 1 0 1 3 3 
1
4
0 0 2 1 0 0 3 3 
1
4
0 1 2 1 0 0 3 3 
1
4
1 1 0 0 0 0 10 33 
0
4
1 1 0 1 0 0 10 33 
0
4
1 1 0 1 0 1 10 33 
0
4
1 1 0 0 0 1 10 33 
0
4
0 1 1 1 0 0 10 33 
0
4
0 0 1 1 0 0 10 33 
0
4
0 0 1 1 0 1 10 33 
0
4
0 1 1 1 0 1 10 33 
0
4
0 1 0 0 1 1 10 33 
0
4
0 0 0 0 1 1 10 33 
0
4
0 0 0 1 1 1 10 33 
0
4
0 1 0 1 1 1 10 33 
0
4
0 1 0 0 0 0 11 65 
0
4
0 0 0 0 0 0 11 65 
0
4
0 0 0 1 0 0 11 65 
0
4
0 1 0 1 0 0 11 65 
0
4
0 1 0 1 0 1 11 65 
0
4
0 0 0 1 0 1 11 65 
0
4
0 0 0 0 0 1 11 65 
0
4
0 1 0 0 0 1 11 65 
0
4
0 1 0 0 0 0 11 67 
0
4
0 0 0 0 0 0 11 67 
0
4
0 0 0 1 0 0 11 67 
0
4
0 1 0 1 0 0 11 67 
0
4
0 1 0 1 0 1 11 67 
0
4
0 0 0 1 0 1 11 67 
0
4
0 0 0 0 0 1 11 67 
0
4
0 1 0 0 0 1 11 67 
0
4
1 1 0 0 0 0 10 35 
1
4
1 1 0 1 0 0 10 35 
1
4
1 1 0 1 0 1 10 35 
1
4
1 1 0 0 0 1 10 35 
1
4
0 0 1 1 0 0 10 35 
1
4
0 1 1 1 0 0 10 35 
1
4
0 1 1 1 0 1 10 35 
1
4
0 0 1 1 0 1 10 35 
1
4
0 0 0 0 1 1 10 35 
1
4
0 1 0 0 1 1 10 35 
1
4
0 1 0 1 1 1 10 35 
1
4
0 0 0 1 1 1 10 35 
1
4
0 0 0 0 0 0 11 69 
1
4
0 1 0 0 0 0 11 69 
1
4
0 1 0 1 0 0 11 69 
1
4
0 0 0 1 0 0 11 69 
1
4
0 0 0 1 0 1 11 69 
1
4
0 1 0 1 0 1 11 69 
1
4
0 1 0 0 0 1 11 69 
1
4
0 0 0 0 0 1 11 69 
1
4
0 0 0 0 0 0 11 71 
1
4
0 1 0 0 0 0 11 71 
1
4
0 1 0 1 0 0 11 71 
1
4
0 0 0 1 0 0 11 71 
1
4
0 0 0 1 0 1 11 71 
1
4
0 1 0 1 0 1 11 71 
1
4
0 1 0 0 0 1 11 71 
1
4
0 0 0 0 0 1 11 71 
1
4
1 1 0 0 0 1 11 65 
1
4
1 1 0 1 0 1 11 65 
1
4
1 1 0 1 0 0 11 65 
1
4
1 1 0 0 0 0 11 65 
1
4
0 0 1 1 0 1 11 65 
1
4
0 1 1 1 0 1 11 65 
1
4
0 1 1 1 0 0 11 65 
1
4
0 0 1 1 0 0 11 65 
1
4
0 0 0 0 1 1 11 65 
1
4
0 1 0 0 1 1 11 65 
1
4
0 1 0 1 1 1 11 65 
1
4
0 0 0 1 1 1 11 65 
1
4
0 0 0 0 0 1 12 129 
1
4
0 1 0 0 0 1 12 129 
1
4
0 1 0 1 0 1 12 129 
1
4
0 0 0 1 0 1 12 129 
1
4
0 0 0 1 0 0 12 129 
1
4
0 1 0 1 0 0 12 129 
1
4
0 1 0 0 0 0 12 129 
1
4
0 0 0 0 0 0 12 129 
1
4
0 0 0 0 0 1 12 131 
1
4
0 1 0 0 0 1 12 131 
1
4
0 1 0 1 0 1 12 131 
1
4
0 0 0 1 0 1 12 131 
1
4
0 0 0 1 0 0 12 131 
1
4
0 1 0 1 0 0 12 131 
1
4
0 1 0 0 0 0 12 131 
1
4
0 0 0 0 0 0 12 131 
1
4
3 1 0 0 0 1 1 1 
0
4
3 1 0 1 0 1 1 1 
0
4
3 1 0 1 0 0 1 1 
0
4
3 1 0 0 0 0 1 1 
0
4
3 1 0 0 0 1 2 1 
1
4
3 1 0 1 0 1 2 1 
1
4
3 1 0 1 0 0 2 1 
1
4
3 1 0 0 0 0 2 1 
1
4
3 3 0 0 0 1 1 1 
0
4
3 3 0 1 0 1 1 1 
0
4
3 3 0 1 0 0 1 1 
0
4
3 3 0 0 0 0 1 1 
0
4
3 3 0 0 0 1 2 1 
1
4
3 3 0 1 0 1 2 1 
1
4
3 3 0 1 0 0 2 1 
1
4
3 3 0 0 0 0 2 1 
1
4
2 1 1 1 0 1 1 1 
0
4
2 1 1 1 0 0 1 1 
0
4
2 1 1 1 0 1 2 1 
1
4
2 1 1 1 0 0 2 1 
1
4
2 1 0 0 1 1 1 1 
0
4
2 1 0 1 1 1 1 1 
0
4
2 1 0 0 1 1 2 1 
1
4
2 1 0 1 1 1 2 1 
1
4
2 1 0 0 0 1 3 3 
1
4
2 1 0 1 0 1 3 3 
1
4
2 1 0 1 0 0 3 3 
1
4
2 1 0 0 0 0 3 3 
1
4
1 1 0 1 0 1 11 67 
1
4
1 1 0 0 0 1 11 67 
1
4
1 1 0 0 0 0 11 67 
1
4
1 1 0 1 0 0 11 67 
1
4
0 0 1 1 0 1 11 67 
1
4
0 1 1 1 0 1 11 67 
1
4
0 1 1 1 0 0 11 67 
1
4
0 0 1 1 0 0 11 67 
1
4
0 0 0 1 1 1 11 67 
1
4
0 1 0 1 1 1 11 67 
1
4
0 1 0 0 1 1 11 67 
1
4
0 0 0 0 1 1 11 67 
1
4
0 0 0 1 0 1 12 133 
1
4
0 1 0 1 0 1 12 133 
1
4
0 1 0 0 0 1 12 133 
1
4
0 0 0 0 0 1 12 133 
1
4
0 0 0 0 0 0 12 133 
1
4
0 1 0 0 0 0 12 133 
1
4
0 1 0 1 0 0 12 133 
1
4
0 0 0 1 0 0 12 133 
1
4
0 0 0 1 0 1 12 135 
1
4
0 1 0 1 0 1 12 135 
1
4
0 1 0 0 0 1 12 135 
1
4
0 0 0 0 0 1 12 135 
1
4
0 0 0 0 0 0 12 135 
1
4
0 1 0 0 0 0 12 135 
1
4
0 1 0 1 0 0 12 135 
1
4
0 0 0 1 0 0 12 135 
1
3
2
