2.496087364632952003e-05
2.562066897745904348e-01
-1.081491495757487325e-03
2.224210512463120886e-03
3.565512359684465671e-01
4.534212555230408446e-04
2.687262032676799861e-01
2.125729405346296706e-03
3.777386631997425304e-01
-5.612816815156971076e-03
2.881766599899944492e-02
-5.916973616444924644e-02
2.323326874028760758e-01
-7.490174621357507598e-03
2.025864461941545916e-02
-5.828556284596304871e-02
2.115130457568161759e-01
4.919702245531584056e-02
2.112376997598594455e-03
3.763548610880987962e-03
6.339415148524336907e-02
-8.950031616127099299e-02
-1.473258904594644536e-02
-9.688191336583718005e-03
-7.128551276336389519e-02
1.251247749522425845e-02
-2.209209855750520271e-02
-3.209548825928529303e-02
9.502977630356936045e-03
-2.280920098226701595e-03
9.511544473723498178e-03
1.390845159651972127e-02
-7.162468228079638252e-04
2.172117897556030415e-04
7.597812014840238642e-04
3.926700455161933299e-03
2.121263082112739319e-03
3.706905639423203219e-04
7.563380636517203501e-04
-1.592127515299015953e-03
1.125318331001469441e-04
-5.192774399078527864e-02
-4.842379763856135416e-02
-7.656151539764464997e-02
-1.307928846202915767e-03
-7.845936081712502619e-03
-6.971747466487962508e-02
-3.582233500709098434e-02
-6.526486451052453119e-02
-9.253967706761967839e-04
1.287696547079127726e-03
-8.175075242273243965e-04
-9.278558339642794693e-04
8.264970099484309635e-03
4.823493047725429389e-02
4.353059659543590670e-02
8.919843978041401555e-03
1.384927099150465605e-03
1.157154065561233607e-04
5.629450108502486762e-04
2.292663889716882106e-03
-3.250473658798919423e-04
3.264503997019373941e-03
8.466666666665321334e-04
1.888984114394559785e-16
-4.418156300638478468e-17
-1.097777777778661629e-04
8.909724927137341668e-03
1.267588572509851796e-01
1.448508089918992547e-01
4.510077096846930138e-03
1.189904654561598635e-02
1.081300716747427421e-01
8.758646497532956987e-02
2.230192858951709871e-03
-4.021111111111829437e-04
-1.611151112249196325e-16
1.692235840779500976e-03
-3.419350859593458299e-03
6.274492577887625614e-05
4.186712741064186239e-04
4.295204025014032027e-03
-5.891489916114335187e-03
-4.521590373948078910e-03
6.726929469590905639e-03
7.770333566608197788e-03
5.399157875856148807e-03
-2.689092584305473928e-03
-4.420420361186361627e-03
-5.840773251628779937e-03
-8.894456335005419476e-03
1.172666666666410821e-03
6.878888888889962607e-04
-2.517356990389999979e-02
-2.191332723156410797e-02
-1.071254458445244744e-02
-1.252533822364989766e-02
1.323052050622972357e-04
-1.034898296725561464e-03
6.617549311949560281e-03
-1.043243276158747034e-03
3.822838227176260720e-03
-1.453276870184253521e-03
-1.521555555555571121e-03
-7.580630384940200469e-04
-5.042398973337434108e-03
8.333333333334732489e-04
3.507219375901970283e-16
2.717224421787934997e-16
-1.542222222222449745e-04
4.029261740628412459e-04
-1.301244456389977384e-02
-1.392872106968949704e-02
-6.149125077779920602e-03
1.524828384466529567e-03
-9.323183027067317649e-03
-7.480634628621208801e-03
5.799893213222069533e-04
-2.779888888889183070e-03
-1.831281954521608066e-16
5.078608039183672663e-04
3.233105830404348264e-04
1.164703743453842765e-03
-1.835556192863904929e-04
4.593333333325335874e-04
6.901111111110051419e-04
-3.760349811997013101e-03
7.995358461492603833e-03
2.581592025156556267e-03
-3.120862125182762990e-04
2.439555555555906335e-03
-4.498396952585600669e-03
-5.614072714097525368e-03
3.701081741142488255e-03
1.681504197417220056e-03
9.366666666652742341e-05
2.229444444444028586e-03
-5.590000000000778374e-03
1.577777777769731406e-05
2.030838611503337637e-03
-1.577813680424567343e-03
-3.229575144194362767e-03
2.987711757516567802e-03
2.153982880612597631e-03
-6.957018590996615071e-03
3.374514117531012924e-04
-7.625614729279555108e-04
-4.783333333324890277e-05
3.691944444444709723e-03
-6.890560954110377945e-03
2.115922730605830724e-04
1.394747218210450144e-03
-2.385565549171782783e-03
1.336000000000351663e-03
2.904333333333677762e-03
-1.159875664599642345e-03
-9.304923025960639554e-03
4.571440660739826099e-03
-3.390445083417977564e-03
-3.583444444444762109e-03
-2.112834917247988567e-03
-9.446305999309756798e-04
1.403333333332836095e-04
1.040555555555182886e-03
-3.630000000000628384e-03
2.022222222205284940e-05
-3.726528071345848719e-03
8.986762083816789148e-03
1.080508394733680627e-02
-5.071288003664553221e-03
2.850739415800812322e-03
-4.099342810924154826e-03
8.053245086751709440e-04
7.750606158596836672e-05
-5.116666666657669735e-05
1.793055555556312755e-03
-2.666947286803016039e-03
-1.689709730563422651e-03
8.511159797385512999e-04
2.052584874659757908e-03
1.476000000000212168e-03
1.777666666667061411e-03
3.282165627239533832e-03
-3.600540101398789702e-03
6.959418572062804446e-03
-6.214090335631173049e-04
-1.704555555556322042e-03
1.124412540505776836e-04
-4.771449137674752330e-03
9.988888888881988001e-05
7.076666666666543053e-04
2.525310412580189617e-16
1.771898948806118136e-16
-4.567730480480399244e-05
-2.422991379707939343e-04
-5.088561319685530777e-03
2.313533396238083573e-03
-8.485561014636531108e-04
4.083604297970101944e-03
2.273615715945931435e-04
-9.275817013044999274e-05
1.937222222221588732e-04
1.672166666666332485e-03
6.879818079987980867e-03
-5.459507810523635783e-03
4.255833914625859957e-03
-6.558271043744848088e-03
-4.347777777778465916e-04
-2.995117698629895769e-17
2.076273051268773061e-05
1.551917244619899737e-03
-6.985533132279363178e-03
4.954709417509644545e-04
-3.798888888891269557e-04
-6.357895963831785777e-03
2.022765803666405279e-03
6.211111111112926485e-05
1.914333333333041991e-03
7.100080884650289265e-17
-1.903515955200233868e-17
1.158330199332066834e-04
-5.099346909497918211e-04
-4.757320778446875315e-03
1.013018662948390923e-03
5.770156061520353074e-04
5.186943683760090497e-03
4.048737723905480976e-04
-4.319956358473804039e-04
5.927777777771156819e-05
-1.251166666666580400e-03
8.606856880540832491e-03
-3.247428891205454606e-03
1.636301571940433543e-03
-5.848014719980228551e-03
-2.039222222222309387e-03
-3.148875268042800512e-17
4.580347416252693467e-04
7.832955848436853495e-04
-4.641041625204337349e-03
4.663258956267772961e-04
1.907888888888589849e-03
-4.562920685952756225e-03
3.234302094385931893e-03
-2.368236782991722203e-04
-1.811332607354274593e-01
-9.529261550296741490e-02
-2.180684187438619321e-03
-1.896437897799183037e-03
-1.259344386662368531e-01
-1.937037832239100477e-01
1.095201296840606043e-04
-1.533731621261530214e-04
-1.569785661641648344e-03
8.604903032755312035e-04
-1.363863885001797313e-04
2.448311274822541350e-03
-1.786990745620459231e-02
-2.393803043864406455e-02
4.442447046798464277e-04
1.348796880451772233e-03
-4.830839434665512859e-05
2.381309285435498357e-02
1.476911936021179927e-01
1.170315212722729259e-01
1.513787444986145099e-02
7.683992791938614028e-04
1.511696544629469218e-03
-1.175000038879136025e-02
-1.030065201531548888e-02
-6.711730378627212001e-03
-5.446977208504769991e-05
1.565483785841684239e-02
-1.170888356541836990e-02
-6.644807490989102427e-04
2.614487674226688776e-04
3.313067292348958245e-03
1.843707726603657782e-02
9.611922148334157414e-04
3.362299985345382127e-04
-8.213989242046703526e-04
1.057312273038823244e-03
-1.822047678905317251e-04
-9.882024209985377713e-04
1.073906400422226098e-02
5.601869682476040731e-03
-1.053256178549213636e-03
1.213443338462187994e-03
-5.433132468533477012e-03
5.922127502091377275e-03
-1.058327108014910957e-02
-5.271855530669896685e-03
5.261907713591281030e-04
-1.920355347963448745e-03
-1.756288389143507403e-04
8.468223165481349310e-04
-3.031250068246324047e-03
-7.450526146185675828e-04
