1.980400774572651699e+02
1.493056757478630630e+02
1.728766025641406689e-01
1.977376068376067053e+02
7.831618589743580117e+01
1.805543135683763865e+02
1.421498530982903503e+02
1.801357371794868811e+02
6.959222756410260047e+01
-1.058847489316250545e+01
2.515825320513064067e+00
-1.969352297008550678e+01
1.414204727564105042e+02
-9.938635149572615290e+00
1.868522970085526147e+00
-2.319723557692306315e+01
1.564552483974360939e+02
4.525716054214558597e-14
4.502112238892403962e-14
-2.068799092210924068e-14
-7.054210918810791920e-15
4.608733974358959706e+00
2.812231570512815182e+01
2.334887820512821222e+01
4.687500000000000888e+00
3.186881662402853204e-14
4.283089383831471758e-14
6.498585062976856415e-15
-2.120352942001719336e-14
-1.455729166666717145e-01
-2.807001201923085176e+01
-2.668655849358976795e+01
-1.489783653846054323e-01
2.893041093723351026e-14
6.744470070698772069e-14
-5.139734700766358668e-14
4.829465238126340207e-14
-2.632211538461553535e-01
-2.257612179487731296e-01
3.145032051281995006e-02
-2.329727564102634652e-01
-6.009280849358972176e+01
-3.864336939102560109e+01
1.864687499999996945e+01
-5.983044871794861308e+01
-5.368413461538462883e+01
2.324403044871789348e+01
-3.619136618589742938e+01
-5.396616586538467431e+01
2.470067663817654591e+01
8.175302706552718846e+00
8.103988603988590000e+00
3.205711360398873921e+01
7.203378054729823926e-14
-2.898059837490091684e-13
-1.287811365566454528e-13
9.289040865011431196e-15
-8.086894586894674219e+00
-1.861200142450168293e+00
-8.828347578347841562e-01
-1.004669693732203939e+01
-5.105860920415114715e-14
3.063241909572238070e-14
4.829834211794813041e-14
-7.537436382844646471e-14
-3.050580929487196613e+00
-3.962940705128172869e+00
9.874952821002685936e-15
-6.812526964816002334e-14
-2.221554487179518700e-01
5.508814102564831006e-02
-6.174802687626956259e-14
3.345803736552935182e-15
7.845552884615337064e+00
2.915564903846109779e+00
2.558894230769232614e+00
9.024839743589799568e+00
9.806468126780657713e+00
1.709624287748644500e-01
-3.047097578347319341e-02
1.003737090455830483e+01
1.672214640570979616e-13
-3.215430562889750383e-13
-5.126735319167053340e-14
2.134023398817082181e-14
-1.363058671652441589e+01
2.895744301981612728e-02
-1.662437678062717583e-01
-1.263312410968661759e+01
9.758987059860935359e-14
-1.899214016181178632e-13
-4.322399087620478895e-14
-1.703893856918793274e-13
-8.313301282048664309e-02
1.592548076922493255e-02
-5.828124596657781420e-14
-5.324878822042481653e-15
-4.929737580128181307e+00
5.794270833336744725e-02
-1.687700320515243824e-02
-4.667417868589761376e+00
-1.532451923082151987e-02
-2.898637820512747765e-01
-3.123998397436069663e-01
-8.844150641017747838e-02
-6.998266114672348692e+01
-1.339900952635329361e+02
-1.332924679487176434e+02
5.094671474358990793e+01
3.640678418803420158e+01
-1.626289173789171514e+02
-1.631330350783473193e+02
-8.190903222934490202e+01
1.612088230056975036e+01
1.723809205840458958e+01
1.717227564102567783e+01
5.140224358975005181e-01
9.304754273504080686e+00
1.516577635327643492e+01
1.504048700142467609e+01
1.466103543447265523e+01
