5.590838718793932072e-02
1.028805292724933040e-01
-2.668443817857369012e-03
-7.020386780281999417e-02
9.792859722210556228e-03
2.030399999995134990e-04
3.351199999999871014e-04
6.332799999994728150e-04
2.924159999999213604e-03
1.944411476005994399e-02
-7.402930433091159564e-03
-2.361475643995429499e-03
-4.048762190663540640e-04
-3.416133100244439502e-03
-2.044356513695837381e-03
-6.099488890314991134e-03
-1.152305988620610545e-02
2.053156905984773739e-01
-9.126617257242558567e-02
-1.994417328401684383e-02
-8.531969250002236285e-03
-1.305230769221861877e-04
7.561846153885823190e-05
1.873846153816889187e-05
-1.868307692355891992e-05
1.907239143177100749e-01
-4.160064312785363705e-02
-4.669558168636314850e-03
7.898295163645704248e-03
-2.791089230767015376e-03
-1.025904615384154233e-03
-6.134246153850605099e-04
-2.319729230770981292e-03
-1.961248428827998547e-01
3.128728259004026624e-02
-7.749403833222559546e-02
-3.445645248865075727e-02
4.607058461536635979e-03
9.649892307692445065e-04
3.327092307696965807e-04
1.936098461537785666e-03
-2.226797043628194785e-03
-1.531395274571662997e-03
1.602985075142642022e-03
1.376820032016901453e-03
7.773400552813350189e-04
-7.733385572479912551e-05
5.765290815950848509e-04
3.466250163181512287e-03
-3.306722884543292218e-01
1.499828248523964180e-01
1.764065432096954822e-02
6.356456790105264112e-03
-3.045348514263622117e-02
4.795883482793916741e-03
6.952400061660596840e-03
3.157575033260915515e-02
3.662394918043675868e-02
1.039904929123808275e-01
9.898679012330395890e-03
-3.237901234708496080e-04
-3.825437181504381945e-02
8.044655374174777482e-03
5.045499550884764185e-03
1.898004306751176554e-02
3.987692307703064726e-05
-1.449046153837300920e-04
-1.234731490939612510e-03
3.387796734084014966e-02
1.513846153814948185e-05
-2.838923076913575259e-04
-3.807635900508686468e-03
5.542110237701549681e-03
1.513846153783013518e-05
5.264676923086573142e-04
7.412855336653950689e-03
-5.995055853636169566e-03
3.987692307561390673e-05
5.446153846156629157e-04
1.173855728348349855e-03
-4.853648836989890927e-03
1.010950192270425492e-02
-1.090426900139821863e-03
-1.090454635495108349e-02
-1.108101624335909585e-02
-2.633846153705519778e-05
3.063076923082380334e-05
1.063076923040260949e-05
7.766153846102748931e-05
1.854353776956149114e-01
1.504240990524726047e-02
2.890733180727749971e-02
1.242604719247592145e-02
-1.355692307693059538e-03
-1.440615384636311275e-05
6.673538461538301410e-04
-2.523372307692584374e-03
6.049214677549801661e-02
-3.441323268643624311e-02
-7.126948639859330414e-02
-1.179345663791058485e-01
3.900553846147157729e-04
-6.605923076924084380e-04
-1.001712307692204486e-03
1.802215384616058643e-03
-1.057432615174128815e-02
2.433040561046039517e-03
-2.789901234560978726e-03
5.359234567911506063e-03
9.041956644868640773e-04
-1.743999989922692326e-02
-5.387432098766019826e-03
6.090098765439130001e-03
2.128369230784059145e-04
-2.898461538497186800e-05
5.086184615388245891e-04
-8.729523076924445213e-04
-8.714153846158266591e-05
-1.811923076925562172e-04
-9.034830769225901063e-04
-1.956664615384834122e-03
1.371022659119620069e-01
-6.760973602880773758e-02
-1.084125775897150585e-03
-3.890811608069061995e-04
-7.175692136522941399e-16
1.113755088978732511e-16
2.954707223262886034e-16
1.209822743232869435e-15
-7.386115122365415932e-03
1.518397344540382311e-02
1.191653417495880107e-01
2.439219346603676772e-02
-6.731076922928709702e-05
-4.067538461524932331e-05
-2.275384615182530143e-06
8.148923076996379895e-05
-6.817812272163198579e-03
5.709656430870985178e-03
1.423481481494650886e-03
1.251629629634412729e-03
6.931924446916436916e-03
1.105858999379901036e-01
1.113851851858499876e-03
1.179037037040432320e-03
3.389538461526508543e-05
2.073415384613836821e-04
9.410769230769324095e-05
-7.314923076933211080e-05
4.106769230764123951e-05
2.907692310629978823e-07
5.261538461499503473e-05
7.342153846318013200e-05
2.773712876347962375e-01
-2.463166100505844586e-02
-3.763125738321564996e-04
-3.237780691203229633e-03
-6.883171592438709347e-16
-1.705943689627594390e-16
-3.828714664904473475e-16
-1.791952599944044306e-15
4.228091690504283753e-03
-9.885333604866436072e-03
6.758176257173820201e-02
2.148121284463082661e-02
-7.553230769237833341e-04
-1.540261538461503484e-03
-1.644261538461350754e-03
-4.753230769227334172e-04
-3.325989665821593028e-02
-2.691591778877506363e-02
-1.065762962963036006e-02
-2.153925925919533864e-03
2.226161974616671323e-04
3.238018783004532886e-02
-3.998370370371584319e-03
-2.102074074070266630e-03
8.586215384614135368e-04
1.228387692306500594e-03
6.668707692310174963e-04
-5.650461538461614341e-04
3.161507692310746307e-04
-1.710486153845619398e-03
2.275815384618664055e-04
-8.569230768935712575e-05
-1.154787654872991287e-01
1.327511405924385393e-02
-2.912396288833178637e-02
-5.670994077978060849e-02
9.267690857336254929e-16
-9.350915488805275556e-17
-3.375870867190135643e-16
-4.672525031982510527e-16
-2.557998370587848125e-02
-1.373058904847112953e-02
-1.861081626625842034e-02
3.661763830206542919e-02
-1.101156336327545858e-02
-1.326793771802517018e-03
1.378716839803891024e-03
2.101220837406323969e-02
-1.403276260810226240e-03
-6.524270399478889837e-04
-3.050284825343902600e-04
-1.563904047817403107e-03
-3.574863869428092952e-04
1.399047626438273051e-03
-1.006283977197296349e-03
-3.383035407419756301e-03
-1.059131003703228935e-01
5.252590158968166445e-02
1.071962238155039077e-01
1.760284155724302912e-01
-5.751110629358797098e-03
-3.812098222198561509e-03
-1.243375492680302819e-04
-1.437395684666501958e-02
-6.055413806100514579e-02
-1.041453965227818156e-02
5.542298760394802348e-02
1.054979665942393091e-01
-1.048301107371907293e-02
-5.494893689502964099e-03
-4.059792994695011689e-03
-2.605104294817705765e-02
3.372301538462181385e-03
1.407212407060489398e-03
-1.557326951825984546e-02
5.137152780778902333e-04
7.094707692309429629e-04
-4.330600065637145446e-03
6.311595341893463766e-03
1.261000519509838762e-02
-2.192892307695098455e-04
-3.888631870575609464e-03
-4.340107406732451704e-03
9.953693903836642251e-03
-8.180184615390494922e-04
-1.016656817111490953e-02
-8.262222422271460476e-03
1.762662455381804050e-02
-2.247103877064505484e-01
1.187521193204754966e-01
1.787615709999709333e-14
5.604183647311583744e-15
1.079643508957708192e-02
-4.358864049540944752e-02
-1.999536099041215598e-01
-3.831478271276805847e-02
1.890533693286435696e-02
3.865769923170098762e-03
-4.211041549009355558e-04
-8.647869169941467885e-03
1.448680246913940615e-02
-1.896114620219374949e-02
-1.869000356800327167e-01
-4.581209364062452938e-01
-1.254258024691170571e-02
-1.950577660835597638e-01
1.118316009088001217e-01
-1.295023852581622670e-01
2.549313346642275574e-02
4.464836847039575091e-02
1.614902134708542758e-14
3.382043659037387905e-15
6.919977876748494884e-03
5.899710821716614741e-03
-1.702691045953333426e-01
-5.817166571655511126e-02
3.491338709016544341e-03
3.066729566864314412e-03
1.750934690251343222e-04
-5.513158578490394250e-03
2.163075308641945055e-02
3.771470539733796229e-02
-2.156764822616690225e-01
-3.856521712926532786e-01
-8.810975308644157511e-03
-6.651963464714936991e-02
-3.156904080896582449e-02
-1.712540423554918256e-01
3.987692307758898427e-05
-1.674467292850040969e-16
-7.313661538468262330e-04
1.759463030222139027e-02
4.371440262379248931e-02
3.696414566857734660e-03
1.513846153870613157e-05
-1.167384069485319590e-16
-5.925830769230474009e-04
3.223487696043333961e-02
1.149615144538365490e-02
5.187772855165353678e-03
1.513846153820045798e-05
-1.510073117732646305e-16
1.479369230771650939e-04
2.326742814030675899e-02
8.459318356891103868e-03
6.796201017197766626e-03
3.987692307702139766e-05
-7.619036080800109238e-16
1.403273846153330366e-03
1.057548710783720591e-02
2.424075284681101797e-02
1.087180814096449719e-02
-2.583918668978671743e-02
2.517650806877608227e-02
-8.086275386114030739e-02
-4.475143418421100028e-02
-8.705134056689865264e-04
-1.974096926005760189e-04
-6.880131368011967955e-04
-1.433082953726813038e-03
1.586840032775454212e-01
9.475191043949907077e-02
5.036316555339973716e-02
-3.126133645030625824e-03
1.758086876584209063e-02
-1.204524220079134606e-03
-9.020101348067739982e-04
-1.073943014268924964e-03
-1.564055126745724986e-02
-1.577547860948052411e-02
-1.360345918897691228e-02
3.825964740446732848e-02
2.051848530044694113e-02
-6.850071859257898018e-04
9.378058200210620098e-04
-2.362036976026480207e-03
3.314676664667678962e-02
-3.197540046794417751e-02
1.009341623874280974e-01
2.755495172448627766e-02
-2.794310960878899387e-03
-9.199176957642617170e-02
-1.889114891971614002e-02
8.692944550128234825e-04
2.504107092008905563e-02
6.483378128781528554e-03
5.087635870703749626e-03
7.618532718297476745e-04
6.521203537521043023e-03
-1.337013840632313719e-04
7.851453838747761557e-04
-5.551502727114697271e-03
-2.718108433256016809e-01
-2.021200075576718158e-01
-3.347859250438125489e-01
1.947318857004409764e-02
-1.459410724479174529e-03
1.732773854383873444e-05
-1.911237030332544416e-05
1.202485943212165128e-04
-1.515983816259902084e-01
9.611982643277734717e-02
1.412914846361992272e-01
2.522210398901564288e-01
8.902175752686286364e-04
2.021308365132617807e-04
9.335553351082766065e-04
4.663731428887861810e-03
1.822614457601092613e-02
-1.202277040377870976e-01
1.403967437175319792e-02
2.646740116724388345e-02
1.185966086777882553e-02
1.731577344568694873e-02
6.966939253339530028e-03
5.582476121182627579e-03
1.014801934483014153e-04
1.071314149716796112e-03
-3.622624158356151504e-04
3.518700162274310240e-04
1.971350503957304242e-04
-1.172593019705233741e-03
1.561246906300486339e-03
-9.325727292435547584e-04
3.593268087652816689e-01
8.981089217971346961e-02
1.387617152628974337e-01
-1.823327192701491069e-03
4.249388503111131005e-02
-1.883676061985805521e-03
7.528166318531398071e-04
-8.409216814795593149e-04
-1.019623817162882834e-01
1.673366278937079427e-02
6.821134770706227535e-02
1.355015600067669690e-01
-1.255133817983967960e-03
2.088033587395061048e-05
1.197751503268154518e-03
-9.804043194145955088e-04
2.825557082076500873e-02
-1.438671672601510576e-01
1.488904993919679988e-02
-4.728506794590803253e-03
4.111896681762069322e-02
-4.775245522740620419e-02
-6.066705614610826136e-03
-2.935854461428958131e-02
-4.156963602134352426e-03
5.326409774643048323e-03
-5.506787993017028164e-04
1.922194357374328814e-03
-4.537802039704550371e-04
6.484360126237061000e-05
-8.178298428929193674e-04
-8.647713916717284345e-04
1.081575042959212890e-01
1.213149359932597232e-01
2.360853920897123537e-01
2.259430716234499259e-02
9.118081307823305837e-02
-3.926759261362249703e-03
1.089945241414458886e-03
-3.350751290016050141e-03
3.842281241397230845e-02
-1.937558417747157341e-02
-3.885993662444115621e-02
-5.436824833976542509e-02
-8.623433875441285229e-03
-3.657998398066168548e-03
-5.932457197074816890e-03
-9.776093743268860544e-04
6.555108187070046721e-02
5.573623730745648486e-02
1.248351579041392934e-01
-7.741983338644642387e-02
6.594628168018724923e-02
-3.023030352950818213e-03
5.791518149818172118e-02
-8.907887427818401982e-02
-3.022853694257219247e-03
1.427114896385377890e-02
3.882746343509387780e-04
-3.011841187351772028e-03
6.924691591027692895e-04
3.167996994683809023e-03
-1.684400348162169410e-03
7.794257739853636437e-03
3.633717197302741564e-01
2.740394484190811775e-01
5.447804342234988662e-01
-3.802428779979866863e-02
2.479254945128311904e-01
-1.266967905140936324e-01
-2.337949075175229097e-01
-3.990180062806521488e-01
-2.262211787904925761e-02
1.642232275299923550e-01
1.730769073779071018e-03
-4.416560784979511878e-02
-5.519754786402718272e-02
-5.064986434981635921e-02
-6.069971492086689152e-02
-2.744241581365252508e-04
1.731338392838585871e-01
-4.450423642396408863e-02
-1.626122802100828935e-01
-2.357198816275871134e-01
-8.540801832754869177e-03
1.668344096061509796e-01
3.968167912132176088e-03
2.407099584568123465e-02
1.248348188389571539e-01
7.489196062329127324e-02
-1.401809759071583755e-02
-3.163256335594729490e-02
-7.375821772112705656e-03
-4.058176403985509252e-03
1.786585314588604121e-03
-5.366840190234697244e-03
3.167222166065985101e-04
6.832510304064478212e-04
1.266385223368508015e-03
-5.219179507968584736e-03
-3.959613948282463686e-03
-2.196928010773287546e-03
3.586006656946895410e-03
-1.182486284758308900e-02
-1.130162986669879140e-02
1.092810416373789506e-01
-2.876182452624004814e-03
9.133708890556920673e-03
-9.097489789879559870e-05
-1.603572984137712561e-04
-4.691058829304437525e-04
7.893334966667522401e-06
-5.548334642800255984e-03
-5.539200200387020545e-02
-6.391026068268672138e-03
9.805342432127564511e-03
1.081997909297112989e-03
-7.110142535383343629e-05
5.668053473858721079e-04
-5.079815409562715451e-04
-1.739695650050922596e-02
-6.819566118687329925e-02
1.941492768558159693e-02
1.878325219353410916e-02
-2.897602901209667212e-03
-1.785064962309642900e-01
1.212682194404519041e-02
8.765884453599142451e-03
2.222382327166218339e-03
7.805258920097131762e-04
6.420969501650015693e-04
-6.442404843605925260e-06
2.533682004536397074e-04
5.119683889738140702e-05
7.332765508199615189e-04
1.134398562961076116e-04
1.076352999294592633e-01
9.935564903773433376e-02
-2.905449824100154663e-02
-1.414922999807452161e-02
-1.284785192480742723e-02
1.000605411916169040e-03
6.285964330732258642e-04
2.060913577142117672e-03
-3.565381505445933651e-03
-5.942531156847373486e-02
-1.861261083506066810e-02
-1.834900219818278930e-02
-6.744373601350745796e-03
-4.205410026688891144e-04
1.901023945562545312e-03
-1.455446990661914478e-03
2.828988373434703982e-02
-1.134630121276699183e-01
-2.666018359142538485e-02
-3.100812176667119835e-03
4.120109520395735109e-02
-1.791457335684920327e-01
-2.165794380133915370e-02
5.013952726244771257e-03
-6.002524375208048192e-03
5.076368776837064667e-03
-1.364722021551760230e-03
1.755364181501240179e-03
9.737732090233476101e-04
4.144958801225388762e-05
2.798248945711257277e-03
-1.006581413449852795e-03
-1.676373303186620006e-02
-4.686277351847614736e-02
-1.152095823169145827e-01
2.430875308421092881e-02
4.364126093976248948e-03
1.527488484532684397e-04
1.228686412987627487e-03
2.691921032330337957e-03
-6.427483735115300557e-03
3.096939264264415154e-02
6.395710739049857707e-02
2.728201357693211052e-02
-3.811150395607758052e-03
-1.894941661991435223e-03
-1.108717620022066407e-03
-5.281569002609375237e-03
7.003518626834409622e-02
4.883020974416697052e-02
1.097999939501771993e-01
-6.718395421533589207e-02
5.190968158341249805e-02
7.125521347967439523e-02
2.000588803374517832e-01
-4.961853336986913471e-02
9.400581509297357627e-03
1.806993776974881796e-03
2.221797448423839909e-03
2.403489120398579534e-03
-2.097897846509585128e-03
1.094746546400389301e-03
-8.624920283799438273e-03
1.074969972449747214e-02
1.181803004224123155e-02
-1.636325214732982092e-01
-3.803972083292499282e-03
-1.559632058512985461e-02
1.368794609831399701e-02
8.004474725422075498e-02
7.281165066808454635e-03
-1.986926101721222040e-02
3.651860975862292885e-02
7.984064248573423395e-02
2.981974929726463868e-03
2.774780180035741339e-01
1.071094187199844901e-02
-1.518608244064834911e-01
-3.121321214736998834e-02
-6.290909062901236214e-03
5.381174153920451758e-03
8.599907979715470940e-02
3.782077571047989806e-02
3.790660683858122076e-02
-7.537338525288597539e-03
1.078543260537037363e-01
-2.705160029516722950e-02
2.253635301918960887e-01
6.681302980483521704e-03
-4.017073486371463414e-03
-3.366174221991216305e-04
4.081994119205766165e-03
-1.353267410070720881e-03
-4.794383106685238378e-04
-6.216247687423846736e-05
2.368213417107070326e-03
3.019640161298987706e-03
1.386408807197733566e-03
-8.495866421926061068e-04
-5.574512639359765001e-03
2.440605876806533486e-02
1.711800987810462851e-03
-2.780929729881318705e-03
2.182244954310981651e-03
-1.727713487351023869e-01
-7.821311727565158356e-02
-2.328505991496605254e-01
8.356484407271901060e-03
-1.025528665099329504e-03
-6.224888721075734748e-04
-6.317520865202243263e-04
-3.967329760532202986e-04
-6.996551875729438430e-02
4.059086394243414941e-02
1.159803045596526361e-01
1.392718316245760424e-01
-1.193407284573199566e-04
-3.411838741845532532e-04
-4.524068839682903625e-04
-4.411162427150029045e-04
2.687127291040612709e-02
3.295929627670454026e-02
6.930244412840611424e-04
2.878877346719880301e-04
6.217852023954509658e-03
-5.456304818881724944e-02
-5.305684357001579522e-04
-6.699376084128006153e-04
-3.945738897041381130e-04
3.085514248279304914e-04
-2.664122098423384348e-04
1.241153621358151503e-04
-3.560910621846429631e-04
1.426431951108134610e-04
-1.498134271704182731e-03
6.236262266807650421e-04
-5.795653353857194157e-02
1.313596346878231208e-02
-2.107106971679646983e-03
1.193942928018808108e-01
9.770303110388347048e-04
-6.226579198347165721e-05
-8.637942764211018051e-05
2.692910503728852324e-04
-1.427939929818129727e-02
-4.258225407266378465e-02
-2.123383061122383411e-02
1.699103157253490509e-02
-1.013893656309885810e-04
1.660147925062451998e-02
-2.083208375470151953e-03
3.383393466815356933e-03
2.756971968273844720e-01
-1.183757133590983557e-01
-1.849792077592744000e-01
-3.947922031798438702e-01
1.548578293508184878e-01
-1.591018829265444454e-02
-2.072470136076764655e-02
-2.281714345637718966e-01
-2.862766008604172158e-03
-1.165341869234755474e-02
-6.248203990646369107e-04
-2.058817830076603485e-03
-9.628047147952047352e-04
6.571737927645770116e-04
-2.113275458044753564e-03
5.631007083426673061e-03
-1.837585485344545239e-03
-1.863139485868078316e-01
-4.251240704996361516e-03
-7.657335887891599142e-03
-7.395999974601526541e-03
7.396691363617324821e-02
-3.190028833746468484e-04
8.690537123722516522e-03
-2.869852838105749204e-02
1.516500716220225142e-01
-7.304194898948779095e-03
2.967788864456304410e-01
1.368820121719751572e-02
-7.947625270685806931e-02
-3.527103926183223099e-05
3.435188105566066782e-03
1.336765663474230037e-01
-4.578956190357761497e-02
-1.897311124322699216e-01
-2.329314175056036440e-01
-2.872075351999986079e-02
-4.980451978417262809e-02
-7.417166360973954063e-03
9.190166677946100260e-02
-1.465723914787136388e-03
-7.171984000206109823e-04
-3.593156635053027003e-04
2.048162346834889180e-02
-9.753077313008376133e-04
-8.105375598282950651e-06
9.585920332100781064e-04
-3.176345094559756416e-03
-2.215301373183000159e-04
-2.252229933077163997e-04
-6.690191074624553833e-05
-3.772009068177425289e-03
2.347370776413103613e-03
-7.688217389545272515e-05
-3.854802343249761135e-03
-1.750107046896724403e-02
3.017469867866438560e-01
8.399515989757859458e-02
2.201922652802512301e-02
-2.649603512791725776e-02
8.298812666106283875e-03
-5.322220107972958384e-04
1.311961192057590694e-04
1.929505412872592647e-04
-3.472749857442829213e-02
1.695913564790119251e-03
4.445976358329643829e-02
5.833197686574408125e-02
1.299526359617505979e-03
1.682034358185598047e-04
-1.314787784694545656e-04
-6.136415489653708304e-04
2.702679416006296270e-02
-3.590190190652123303e-02
4.625557993406500916e-03
5.789316382772438825e-03
2.292315691487347915e-02
-8.525293522901440657e-02
7.498375226070516306e-03
1.235559645717662809e-02
4.080936619317359292e-04
-4.054054861221905283e-04
-1.667596340783462478e-06
-8.112794679112840556e-05
-2.063288171998574192e-05
-7.833198741902137744e-05
7.735038401209528777e-04
-1.003279033131551255e-03
-8.199142984780422028e-02
-1.883432799175390783e-03
-2.015243061823105211e-02
1.237848493569807945e-01
-2.418700928787943880e-03
7.330340008946530875e-04
-2.103897136267737517e-03
-1.894670103994526306e-03
3.799419353312783604e-02
2.476200151213974257e-02
6.505801275013314497e-03
-5.494536493732162657e-02
1.845449146173848073e-02
1.233510782154758874e-03
-3.517710906241539775e-04
3.133676054318103137e-03
1.518871812648724950e-01
-4.655075069729688875e-02
-1.092467866223978123e-01
-2.195058629675267214e-01
1.312164147878036036e-01
-1.905891853631149629e-02
-1.884512966980991452e-02
-2.016362661923891408e-01
8.745456183875476670e-04
5.361733934403160352e-03
7.174918469473950348e-04
-7.345602439555716599e-04
-8.203369987728960540e-04
1.115492002717018713e-03
-6.587813685059230352e-03
9.123859620997020956e-03
6.782486507878022304e-04
-1.871515334843210088e-01
3.628709177128465468e-02
2.820589514832765737e-02
-1.264721721259235571e-02
7.874729253135641371e-02
4.362544227852834661e-02
6.674656506612212936e-02
-3.734569392460372617e-02
2.033417022474209579e-01
-4.107209648911139266e-02
2.967402800862803947e-01
3.627899330679164314e-02
-1.164681186997535839e-01
1.189085429577744525e-02
1.762764963326017564e-02
5.350626991160348234e-02
7.746520228951832981e-03
-6.161216585159370179e-02
-8.509822177836073864e-02
-4.029421256397418966e-02
6.945494426112262809e-02
-5.210992000063153357e-02
1.533695119701271314e-01
-1.706261237604701471e-03
2.953665655648390030e-03
2.197544529205641608e-03
1.911484248801054858e-02
4.383022504339591664e-04
-3.857603374555067547e-04
1.209706175386031498e-03
-5.812406638052055631e-03
9.334856895382848260e-04
-2.274185000348560610e-04
4.148846953177572224e-04
-1.480316203915902793e-03
1.714892103731376115e-03
3.662597417793893957e-04
-1.916029549275395216e-03
-7.981362783803796698e-03
4.819535793890199205e-02
6.283804629858646962e-02
1.294605982907330310e-01
6.145140615081248758e-02
6.503471651288303401e-02
-2.383448690313999790e-03
1.918053955612975545e-03
-1.473100372637565960e-03
2.797791460228963786e-02
-1.186958193710194870e-02
-2.529894151606740249e-02
-5.753583329807192281e-02
3.929369889625075152e-04
1.760750148132599665e-03
6.851112431191597532e-03
8.974985465097203366e-03
6.920907589637566304e-02
-8.043873175579141499e-03
5.077138259167077172e-02
-1.010709961365881954e-01
7.028202213529680109e-02
1.157303301910601011e-02
1.001169012996444008e-01
-1.051069527507471207e-01
-3.369537131357983766e-04
6.529573387190957569e-03
-4.646495324742666946e-04
4.039441078204304529e-03
-7.533566729244118871e-04
3.397083351190205349e-03
-2.070981774276978854e-03
1.790144923737258323e-02
2.093984665058837638e-02
3.747035884278671677e-03
5.014834623035626521e-02
-3.963802293432509838e-02
-4.200230355795708109e-03
-4.128775179714857906e-03
-6.816231082163704512e-03
-1.329527977177496351e-02
2.715674078429564445e-03
7.067485968786086162e-03
1.322183117304206491e-02
-5.570949047204011052e-03
3.244027852416694110e-03
-4.854437041312710706e-03
1.506921583754759200e-03
-2.190472724619523838e-03
1.019307683459675902e-03
-1.285325768606210110e-02
-2.867642715696968811e-03
-4.888540624104870894e-04
-1.131044790248931717e-03
-2.265461609854581629e-03
-1.755073993970007002e-03
-3.880009199357518142e-04
-7.036718711167516682e-02
2.316628666809723500e-02
2.244453583505598426e-02
8.643507240932837843e-02
7.316888217793649125e-03
6.368780510962912707e-03
7.260037635451064598e-03
7.424289865662602730e-05
-6.961544273569071628e-02
-8.033562663958622625e-04
-6.457445149343193913e-02
7.727783642933798436e-02
-3.431929646362685176e-04
6.804071873255241633e-03
1.112129235411252887e-02
2.088479801325914334e-02
-1.019727930099598515e-02
2.865428348263002797e-03
1.595397996443213492e-02
3.739100269602845233e-03
1.224005051127189086e-03
-2.304800977893366187e-03
5.445626799157575471e-03
-2.599731964594744014e-03
3.045034484992679980e-03
-3.954633149979412503e-03
1.724842446480629029e-03
5.228064255257151502e-04
1.091598821608206864e-02
-1.112667676502595432e-02
-3.316350626446468164e-02
-4.282486908028865051e-03
6.332412106683669994e-02
8.182642964706886290e-02
1.835863942544349592e-01
-5.646854200348216946e-02
4.263799013850419484e-03
-3.452190087614791930e-02
-9.789405333099084061e-02
-3.716634203366367406e-02
1.445728241039918004e-02
3.772005725794955102e-03
-2.734385938903695335e-04
8.582412613233543139e-03
-1.095989968645151996e-01
-7.226348144559913145e-02
-1.709275952480703575e-01
1.250931977142444029e-01
-1.014396041710425300e-01
-1.140176398669696667e-01
-2.990405074355376724e-01
9.838055103910875454e-02
7.819185271694788220e-02
4.144219526160643208e-02
1.019314817636015891e-01
-1.228068414035890232e-01
-4.646158393717382540e-02
1.218090094683323132e-02
1.806098092837613370e-02
7.968594032072592870e-02
2.828606761577570974e-03
-1.332340740162980385e-03
-9.358151331106233026e-03
-1.173185339387418542e-02
-1.079310078106167775e-01
1.726994081346098012e-02
-9.609072008065916437e-02
1.510372796812621821e-01
-1.038803195411395069e-01
-3.800058854034275152e-02
-1.851638332126367692e-01
1.532683872272813108e-01
2.845966703481640249e-03
-3.508419980819785233e-03
8.958944420136505382e-03
-1.077112393780003778e-02
-9.362318114329736332e-03
-1.428809081093385981e-02
1.744610582641114779e-03
-9.380241482031837288e-03
-1.867051012923531166e-03
3.361781325983233346e-03
6.314334724779012420e-03
3.271811762017495990e-04
-1.949439595451435848e-04
-6.004182711886910800e-03
-4.902561844315729903e-04
1.211307961577345969e-03
8.593054399676303481e-03
5.161328362584243629e-04
-3.050825277086788041e-03
-9.933753711866980321e-03
-4.233999909339117469e-03
3.444996287614966214e-03
1.817798284929183009e-02
1.226027114331522047e-02
2.374423923749283960e-01
9.224047847905560149e-02
3.870763033473992865e-01
-1.965232946365847583e-02
1.311455885231108398e-01
-5.133575174868201113e-02
-2.032680136822758998e-01
-2.445957189114301711e-01
-1.815084501992559468e-02
-7.203091723184816553e-02
-2.679421273146940369e-03
7.684971083730383901e-02
1.054356643555147827e-01
-2.279563871511736117e-02
4.987329931432566907e-03
-1.959204627022964607e-01
-2.815809082727929735e-02
5.462266724098865239e-02
6.744661279642269469e-02
4.891411186147869711e-02
-8.941960490235096324e-04
-2.747575809095237701e-02
2.092412073999613820e-03
-8.416306461336472630e-03
-4.525548095924540881e-01
1.577848647946299421e-01
3.114396584821676472e-01
6.391500655792504704e-01
-2.521429255907940425e-01
2.485432887459389575e-02
3.152803291633222982e-02
3.714735538538410098e-01
1.647162018864171615e-02
2.860463301101289213e-01
4.865313948017467929e-03
-1.097209742750957784e-01
1.676184860861749948e-02
-5.050565918046277802e-03
-2.300712312758139769e-02
1.217823059240524669e-01
-2.357482831067534979e-01
4.843991590139216236e-02
3.340093014973050112e-01
4.064332930545420108e-01
-2.867334899579735558e-02
-1.060934799725503780e-01
-3.366117021231952722e-02
8.942207263782539842e-03
6.911212106807684830e-02
-1.924181033171997943e-02
-7.708324374695237069e-02
-1.000914534127101546e-01
-1.214472646965794773e-02
1.267784451313916719e-02
-1.425849100277460735e-04
9.554608815549407719e-02
1.335425795101437829e-01
-9.492780944977921576e-03
1.674384503923868547e-02
-1.806537599281275164e-01
-7.104854531102194892e-02
-2.131530028440178914e-02
1.275240547592606209e-02
9.695135714724906206e-02
-3.169984220587687695e-02
-2.161657001122868713e-03
6.086212075419906997e-04
-2.608691711792330593e-03
-2.691841414655593567e-01
8.538514160703745970e-02
2.645630138317061619e-01
3.782746459336113753e-01
-2.208137571023296997e-01
3.769571751721904201e-02
6.141789965102627952e-02
3.175822734223208710e-01
1.300693408026355920e-02
2.540785735437043891e-01
1.823386156625879731e-02
-1.131949799677640089e-01
-7.902629911900756199e-02
-1.160770502794686854e-01
-2.247575125005604746e-02
1.425257120335140792e-01
-1.083894009944524062e-01
1.043109259622225157e-02
1.153148849057448466e-01
1.505881068706524106e-01
7.548451838047916251e-02
4.563611213575109737e-02
-5.990208245631629090e-03
-2.080904377058651056e-02
-1.361150861804659960e-02
-1.851872853262412995e-04
5.000953764293176312e-02
-9.415182788939151443e-04
-2.942605563190619708e-02
-7.765077310707192704e-02
-7.298073488007860224e-03
-5.315398358958943990e-03
-1.274128793033414350e-03
-3.510771526642837183e-03
3.014550953153978877e-03
-6.436352963044665717e-04
1.248373785564814605e-02
-1.012147159188658135e-02
-5.236714749815832293e-02
-1.986818451308558844e-02
1.286900998314172921e-04
5.678453240034819034e-04
-1.094234271565349553e-03
3.159041639941954915e-03
3.472849749987497528e-03
-5.113302200911076963e-03
1.535568203598615920e-02
-3.203479601493495164e-03
-3.949333279794726287e-02
-2.437801542838485824e-02
1.399302769501066003e-02
3.247299300461503266e-03
1.548661377755844839e-03
2.422698577672873551e-03
-1.053782980160977408e-03
-3.672595424631121784e-03
3.082363732817643663e-03
2.810299562008670439e-04
-2.177601697460065933e-02
-7.480189963350351683e-03
