1.980511551816235851e+02
1.429664262820514864e+02
-6.473482572115046851e-01
1.978571647970083518e+02
1.125784521901707933e+02
1.806199318910258285e+02
1.341502270299147881e+02
1.801676415598290362e+02
1.015397502670938081e+02
-6.133834134615263167e+00
6.565172943376070691e+01
-1.393402777777789403e+01
9.061391559829064590e+01
-1.784648771367415065e+00
7.226410924145294246e+01
-1.993666533119663598e+01
1.028269698183760283e+02
1.651824919871792119e+01
4.060166266025638571e+00
6.037209535256441661e+00
2.533286258012822856e+01
5.152206792286787801e-15
-1.312728650264463982e-14
-3.973992388451180551e-15
-5.880873654335449946e-15
-1.472506009615400346e+00
-1.612580128208215488e-02
-8.328325320511852092e-02
-2.083483573717928472e+00
-2.130588130487061298e-14
7.743008806435332997e-14
3.314883943711488814e-15
-3.439644787378343472e-14
-2.874599358974530006e-01
-1.628104967948813819e-01
-2.247596153845988487e-01
-1.824919871794750126e-01
-7.135835420116270329e-14
1.702193835065617071e-14
-6.537068155102772363e-14
6.746370290269479576e-15
-7.225130208333319537e+00
-5.995690104166668988e+01
-6.007605168269225260e+01
-2.362836538461540314e+01
-1.890098157051281191e+01
-5.286932091346147189e+01
-5.255927483974354431e+01
-5.836237980769027889e-01
6.452473958333378334e+00
4.956680689102579418e-01
4.905598958332653137e-01
8.954051482371774284e+00
-6.272786458333025061e-01
-1.061698717946810838e-02
-8.000300480774379108e-02
-8.177834535256566229e-01
-9.279847756409793924e-02
-2.109124599358727647e-01
-2.118890224359740726e-01
-1.409755608974181951e-01
-2.069699296652411036e+01
-1.628281806445868085e+02
-1.631514979522791293e+02
-7.134361645299159704e+01
-5.664995103276374522e+01
-1.340994591346156426e+02
-1.333456419159544737e+02
-2.299156428062580027e+00
1.435975338319076533e+00
1.515770788817686565e+01
1.522301237535599583e+01
3.385283119658149875e+00
2.667178596866023099e+00
1.711247996794849868e+01
1.747344640313386677e+01
3.826900819088560612e-01
-2.033531428062677726e+00
2.864495414886045666e+01
1.427610844017095637e+01
6.746238425925500382e-01
4.206588290630469746e-13
2.537157249155601362e-13
1.316966711004836219e-13
-1.969729376237122945e-13
-2.408575943732149227e+00
-5.383936520655207225e+00
-3.822182158119601603e+00
-3.122340188746516532e+00
1.442754033199699594e-14
6.516582687831941888e-14
1.682267445493287683e-13
-7.283464302384343526e-14
-2.177784455128218166e+00
-1.065579927884595879e+00
4.707672900524172380e-14
-1.298089562257319956e-14
-2.053285256439333056e-03
-1.732021233974090912e-01
8.994743758759182550e-15
3.514223701295929673e-14
