-8.070006001869826306e+00
2.303434244935004216e+01
-1.283541309660233054e+00
1.918447295511682782e+01
1.341940313473480728e+02
-3.231841398981751823e+00
1.343624095667456686e+02
2.039487769918141069e+01
1.294760176176449136e+02
1.471065652678747782e+01
1.375395734095096500e+01
-1.488746374693251617e+01
1.462973669091311137e+02
-1.486338789165124830e+01
1.111869194968257979e+01
-1.790330232990891801e+01
1.560942816094919010e+02
3.832129623432418697e+01
7.770586739767129991e+00
8.167185736305695443e+00
7.308424334087753493e+01
2.114098487642622359e+01
2.956105080028131837e+01
2.461063542681353766e+01
5.099926209806393551e+00
4.368560882948962387e+00
-2.026388168915855381e+00
-4.486599436010894948e+01
-1.661691342793413906e+00
-1.842111161170130629e+00
-3.102793140066003730e+01
-2.049405304045584941e+01
-5.133355929497777081e-01
-4.047840736493967029e+00
-2.932228799963935373e+01
1.109460362493874142e+00
8.149312726073723034e-01
-2.823792622975688227e-01
6.566787138341942942e-01
1.865406136511872925e-01
5.598956405670289627e+00
-1.320273936676549198e+01
6.545595450930160375e+00
-4.031928322173737311e-01
-5.835076380533656071e+00
-7.824875034262243290e+00
5.835155623311325535e+00
-3.190824162592679158e+01
-2.939242411758567997e+01
2.574944070056229606e+01
-2.138780658740421359e+01
2.249644820397900347e+01
3.272544515669485321e+01
5.093430759053459767e+00
1.442422030350448381e+02
2.266955346243276992e+01
3.330916768709079462e-02
-1.006671551975910539e+01
-1.842690236817250948e+01
2.350551244221108860e+01
-1.268292378917513119e+01
-1.205059650997447918e+01
8.023333987439124826e+01
2.176677568464894463e+01
-1.432518187829721157e+01
-7.717060434400556446e+00
-5.403291255463386733e+00
-1.259912859989800005e+01
-1.577298098449912267e+01
-5.988720414187852226e-02
-3.896380960690809303e+00
-3.058048231723204680e+01
9.114081233267690152e-01
2.663117201303825787e+00
-2.937493589422007112e+00
-9.811035651363354759e+00
5.672934623755090833e+00
2.147102246502404199e+01
1.962946074381788719e+01
-2.731392036385401312e+01
-3.497603000096238368e+00
4.004386968877202690e+00
4.593886042445914342e+01
7.699855746352791641e+01
-5.474002750112916971e+01
-1.315560010960677673e+01
-1.140971034838351994e-01
-1.306281280400307943e-01
-1.342486202830260211e+01
-1.492956647179043372e+01
-5.831312438255937813e-01
8.322075250211149466e-01
1.234548628968162909e+01
-3.712938589009576185e-01
2.890630233642067504e-01
1.696312505614886446e-01
9.625419117057811391e+00
6.062250102261682372e+00
4.235714609998693980e+00
1.177587327387128902e+00
-3.467451742645664692e-01
7.284475198699674969e+00
2.689342759261256877e+00
-3.845150133793006630e-01
-5.980217982340849669e-01
-8.687738223288270945e+01
7.609216422125781776e+01
1.488704579553590612e+01
-1.453669417169193245e+01
-1.912233837170448325e+01
1.049043095888161359e+00
3.523490474176563936e+01
4.658437293681693347e+01
6.815403834050900223e+00
5.884694119145781777e+00
6.055287355788802728e+00
3.476586459337113411e+00
8.508224649557535102e+00
3.445185429137982425e+00
3.272332755471650589e+00
5.270093290023456944e+00
2.772470414201221978e+00
7.575764299802588697e-01
1.308020216962261451e+00
3.377596153846029292e+00
-2.335415384714991548e-13
-6.002566688872436267e-13
2.824085335897265740e-13
-3.112605612055790676e-13
-3.924106262327438643e-01
-3.080387080868775551e-01
-4.106453402366909144e-01
-4.795112179488144055e-01
-2.601863329626871292e-13
-2.718921089975717557e-13
-8.204639341453083108e-14
3.024615728281591538e-13
3.520239791070077784e-01
3.244662783204798728e+00
-1.151503648467133090e+01
-2.280025546533987146e+00
-2.560185185184324363e-01
-7.759643365893116318e+00
-1.497617930184824431e+01
6.380170177036512680e-01
2.262989248402448084e+00
2.262228672451534806e+01
2.451260647421693051e+01
1.736943342151441749e+00
-5.437849024947899323e+01
3.953139234489341236e-01
2.406068288696119772e+00
-9.271502684535076355e+01
-1.734870976355487704e+00
-6.377467163094155289e+00
2.242814973668673773e+00
6.168344222791240128e+01
3.803011191977082461e+01
2.173238276746202402e+00
-6.039241675963042955e-01
-1.640339967657310272e+00
2.247900281337449968e+01
2.790222600264665331e+01
1.658552799547955203e+01
-2.854081300328317283e+01
-8.288613356220572825e+00
2.993847922922113369e+01
7.260351225486494364e+00
-1.811072526890236034e+01
-1.108471117046815735e+01
-2.765980252217170674e-03
-5.780274598686594434e-01
6.698361020413913458e+00
7.662331275756455895e+00
3.285538598895041407e+00
-3.242170277810533907e+00
3.158671295579625227e+00
-1.853723408096484615e+00
5.682150747986703943e-01
-3.070985069087785568e+00
-2.263564345941986744e+00
-6.459082360601011708e+00
-1.759017189242493839e-01
-2.795039863982131667e-01
-2.866014036292556355e+00
-2.139489567060766539e+00
-4.095593909860953952e-01
9.510842777072980869e-02
-4.623337969168268557e-01
5.934091736792075356e-01
1.200084297167649111e-01
1.649863037991291526e-01
3.038068532636032160e+00
2.167292595423142565e+00
3.137557236926680204e-01
1.504138579994481750e-01
-8.816489076540362513e-02
-6.053792577743430381e-02
-3.121438521964970958e-01
-3.003877511885465479e-01
-3.658555683390818825e+00
-6.749589045994960346e-01
-1.413867232107216543e-01
-5.109431197995805141e-01
-1.622456551926765300e+00
-6.236067039777013932e+00
-6.773978748491192192e+00
-1.075566590338023509e+01
-2.721419391757069306e+01
5.867677239163061387e+00
-1.006965245376689966e+00
-8.002505584552911319e-03
1.491508121064704540e+01
1.071872810995212433e+01
2.437295483457929901e+00
-2.875979577217248728e+00
-7.498293795226513847e-01
2.046348488832019186e+01
2.287192405086497971e+01
2.272711880007532059e+01
-2.682485617103101205e+01
-1.308630765259445639e+01
5.447499593557712672e+01
5.448513116074351359e+01
4.003156266890611903e+01
-1.756153668229428311e+00
-1.126584348679301240e+00
-1.061731934046051595e+00
9.790117334121642756e+00
5.983502227556875219e+00
-1.557350000306772397e+00
-1.564653319726739156e+00
-2.909493781397180179e+00
9.426725364067715107e-01
3.715145338076220050e+00
1.644445963567181224e+01
2.038881301079504382e+01
4.684204831706334282e+00
6.068045448034204981e+00
1.970737754275198483e+01
2.569867994594063276e+01
1.250149725929753863e+01
-1.575147660332309840e+01
3.860058492943115738e+01
-1.559653831882173449e+02
-6.327109781823157419e+01
-1.985308678950233841e+01
5.413658836020272958e+01
2.842400991322918458e+01
-1.367348868601327894e+01
1.355565446542691177e+01
-1.595396999342057476e-01
3.217356880845361755e-01
2.759888476199185980e-01
5.679327749678044768e+00
-7.466571214604009299e+00
-4.031579580049950984e-01
-3.097177550105509325e-01
9.151173678228804675e+00
-1.348378896157597140e+01
-1.011964714659495446e+00
1.318220394568873965e+00
1.618090673974888105e+01
6.402989216993611177e-02
-6.583793355866005559e-01
-1.661749709830385058e+01
-1.392846244590296267e+00
5.915642433001050415e-01
1.141845422047659930e+00
-2.312451299495017765e-01
8.366625675473601254e-01
1.220163844563145056e-01
8.523331137921202894e-01
-2.978366746006155363e+00
4.833614221349534501e-02
1.282606493513947961e-02
-3.272397147188788491e+00
8.365584506882115079e+00
-2.207118257884594570e+01
-9.173342193904356634e+01
-4.125267958465080653e+01
6.111085477787986164e+00
-5.409523933134989804e-01
-4.400947473516327313e-01
-3.688707794519051397e+00
-1.006103076877477349e+02
-9.227421931566553326e+00
8.991470886217259206e+00
2.544188771748364175e+01
1.362536539651626910e+00
-2.821796340850072846e-02
-4.528235768110892845e-02
-3.855754540997411439e+00
-1.923127517658181773e+01
-2.459634786411837304e+00
2.995021672491219089e+00
7.921008189118237119e+00
-6.954564230135472647e-01
-8.705436260805845095e+00
4.353020769237758714e-01
2.004245177990879512e+01
-6.336238349943956294e+00
-2.841759484719400319e+00
-3.093747420529668446e+00
-6.445955175676387761e+00
7.173336245420375290e-01
3.089082652352372893e+00
3.485730835542883099e+00
5.492335733274553711e-01
1.667580119962381957e+01
2.766318241631407204e+02
2.770749030437831948e+02
1.278187334316532429e+02
5.800088856936861959e+01
1.408435737446342557e+02
1.402969407096242378e+02
-5.119103050309708181e+01
1.118186678003953283e+01
3.210530704071836716e+00
3.160693014857529626e+00
-7.778666025002261009e-01
-6.915688629837658752e+00
-5.664748275671229294e+00
-5.835628378257425197e+00
3.660698304283263038e+00
6.965544871787450465e-02
-3.852995562132538465e-02
1.080830867849425503e-01
5.973680966468915277e-02
1.982495800073203397e-13
-1.073026763727394334e-13
-5.090035061832964024e-14
-1.218747471946207949e-13
-4.449038461542210166e-01
-4.156977317555921592e-01
9.436661735698917974e-01
-7.988165679884607793e-04
5.735923717554647663e-13
1.337980375679712075e-13
8.751871909006628098e-13
-2.049587491577696783e-14
7.126590269299020619e+00
1.507515092932209422e+00
-5.514941093959911278e+00
1.395844961923540017e+00
2.097044159545608244e-01
-1.148882275132207376e+01
-1.684343902624389600e+01
2.053157432842562802e+00
-2.919429605887399415e+00
-6.746053186223126552e+00
-1.288033334059814905e+01
-1.582265805186259033e+00
-8.828799994608912627e+00
-1.208606511059664296e-01
-1.973084314087709401e-01
1.004163760672040828e+00
-1.473635228315916423e+00
1.403886387505218547e+00
1.999930633887186060e+00
2.322722387359957175e+00
-1.330032872752081041e-01
2.315099925995612457e-02
4.496013729973800249e-02
-2.625614554863691108e-01
1.306637833959136685e+00
3.368492652507574792e-01
4.749961662187457412e-02
4.460266558330783226e+00
-9.702797743075388670e-01
7.885328776708175336e-02
-1.121673328908937423e-01
7.862460089977931776e-01
9.512392152447456395e-01
2.851700429457752151e+00
-5.918182815616834097e-02
8.046513782168332796e+00
-1.319146098709773396e+00
-1.754582443921752777e-01
1.993256750183023174e+00
-4.369689920677787498e+00
1.517173039284379410e+00
-2.952434323560629625e+00
-3.871203978933575041e+00
-3.333217723146360001e+00
-2.477832721656714112e-03
-5.918362783835671992e-02
-1.923871074519350674e-02
1.544773438495977147e-01
-7.433777597217882338e+00
-7.916602770314426496e-02
-5.614154420849786220e-01
-2.177729723265261264e+00
1.402455704129626834e+00
-6.368495674149582397e-02
-3.144421962883071076e-01
-1.122146830351995028e+00
-1.341085630361316205e+01
9.863638025906049100e-02
-4.752834049096415825e+00
-1.585398692074453386e+00
8.669481797726410477e-01
-3.646450577709263174e-01
7.282816534463232294e+00
-3.322094583639524146e+00
2.678253688844175251e+00
7.232239222537607537e-01
-2.145449016246470109e+00
-4.369186019498995321e+00
1.859830751242759916e+01
6.067437690014838125e+00
1.114101058362570882e+02
6.198609524823434214e+01
1.218198826618433550e+01
3.343813054490220704e+00
-1.011424888669727684e+00
-4.398101267665536440e+00
1.442630194269757453e+02
1.390063347894079904e+01
-1.461689576415958491e+01
-3.292478481485802888e+01
2.326187095140208605e+00
1.178839975064289503e+00
-2.256574601485896170e-01
-2.571481610536133555e+00
3.205212529430406931e+01
4.099391310684278977e+00
-4.991702787482343417e+00
-1.320168031519575891e+01
-1.177892348922194721e+01
-3.679903083513334394e+00
-1.150378992995812411e+01
8.292348327302983435e+00
2.802847223411540245e+00
6.278310683262214198e+00
-3.017962966659359925e-01
1.558782326596559109e+01
-2.060495780660338561e+00
-6.273657375976368300e+00
-9.626830740670731856e+00
-5.189824280880231733e+00
-1.175921193532025288e+00
-3.920857075063158836e-01
-6.620519972983460177e-02
-1.429542365274931726e+00
1.802534437599583733e-02
-1.362243368775252872e+00
-9.048264224257819288e-01
-6.430357258869580372e-02
-5.869042790919653640e+01
-1.229296024822537419e+02
-1.225442319670694218e+02
4.424571089777197841e+01
6.858669850646864630e-01
-2.102913892578522166e+02
-2.107025477498179669e+02
-1.022513981384622070e+02
-2.481864889163217214e+01
-4.809049738821298803e+01
-4.797185748660299254e+01
1.751518457962139408e+01
4.101716654065803880e+00
-7.571172397352000871e+01
-7.588160884751786739e+01
-3.811047407624810290e+01
2.731746921373692683e+00
7.816877395416485186e+00
1.003219821657118516e+01
5.010169711488285493e+00
-7.612468254626031383e-02
1.128096457956165588e-01
2.368711579233387723e-02
-7.028498583036867087e-02
-1.531956174910867885e-01
1.401337552244725781e-01
-1.092642903819026901e-01
-1.342116749922744878e-01
9.236747299613481843e+00
1.878943466318350275e+01
1.873512974047010360e+01
-6.792333691400278539e+00
-6.535959526993674329e-01
3.120406135429548300e+01
3.126819958919562836e+01
1.535818059274128444e+01
-1.077390654959667238e+01
-2.194119877179671363e+01
-2.187757343266778776e+01
7.930333017617058999e+00
7.380192260862870057e-01
-3.648138244549083709e+01
-3.655621986793769196e+01
-1.794681615070592784e+01
1.167950752219805155e+00
3.315307395711194260e+00
3.993263533517731112e+00
1.926577709791157611e+00
6.554473081380107410e-03
-3.078463601090748458e-01
-3.369469381318448420e-01
3.420817621498844184e-03
-1.161562496856300003e-01
-7.781236896975794737e-02
-7.945229266466037610e-02
-1.835095175417855162e-01
-3.388944339485234281e+01
-1.659145281024290597e+01
1.224337050305052443e+01
-3.379031565425158590e+01
-5.652203738598507243e+01
1.037897442797225622e+00
-2.777020390220978285e+01
-5.663738756140409691e+01
1.588489708976647874e+00
4.460704652049488073e-01
-5.371089254908459898e-01
1.578113129055759734e+00
3.818810276916181135e+00
6.352622872765451012e-01
1.638969845289838245e+00
3.822604558276138320e+00
-5.040081940462746157e-01
-1.022764824041449749e+00
-8.173018709944127602e-01
-2.865564889028578421e-01
-1.814058154374371696e-03
3.806400626099391837e-02
3.551669256248993212e-02
-7.665671247704765323e-03
2.908043876812764668e-03
1.730147173245962997e-02
1.628577644873967223e-02
2.514174273144656815e-02
8.812714639928087568e-01
4.324938960443963087e-01
-1.732633894239582820e-02
8.794699693291324616e-01
5.269456100394275255e-01
-1.909880448117634300e-01
2.592852400785026212e-01
5.284818765025216525e-01
-5.235720815209570222e-01
-2.569479819283079780e-01
1.029101052730966963e-02
-5.225018112441349727e-01
-3.130608642393040708e-01
1.134667608969476132e-01
-1.540413062724119708e-01
-3.139735896318896491e-01
1.149742970647780416e+00
2.328187873771033534e+00
1.853145151249786959e+00
6.494081253643992913e-01
4.345604394041147241e-03
-7.553165060224112382e-02
-7.086362538583215742e-02
1.882957467521642614e-02
-4.339518678099040894e-04
-3.877886208832019566e-02
-3.613590403250341310e-02
-5.219434711458009746e-02
1.347861180360680367e+00
6.614826225576611041e-01
-2.651347260619378587e-02
1.345105805765040907e+00
8.059509239824436122e-01
-2.921123971674542963e-01
3.965770489961268352e-01
8.083004961014180756e-01
-1.917468393411267158e+01
-9.410092500276265426e+00
3.766875729314981824e-01
-1.913548874440398251e+01
-1.146497297037215368e+01
4.155391010866982704e+00
-5.641237060263438963e+00
-1.149840058028087419e+01
7.636564365203354354e-01
2.180721076891190435e+00
2.754999632638621243e+00
1.364552666603783937e+00
-6.731235980746635983e-02
2.456714335848536948e-02
5.500327576649139197e-03
-7.096315095868566125e-02
-4.488462339703564591e-02
9.734198553840073959e-03
-5.341749115471806225e-02
-4.120902660310177268e-02
-1.228694506417242138e+01
-2.504669715815112951e+01
-2.497386132763995903e+01
9.051454730281863093e+00
8.179935750605082934e-01
-4.168672451711550053e+01
-4.177209650286596343e+01
-2.049903532543605778e+01
1.435422491843043602e+00
2.943120795684321056e+00
2.934417751934407903e+00
-1.062667407154789245e+00
-7.887886853153464051e-02
4.927892456017352707e+00
4.937883473634189002e+00
2.417248874853046292e+00
3.079021783719015026e+00
-5.186132987828072360e-02
4.961093992677959363e+01
-1.956961847902356277e+00
-8.441601692995091000e+00
6.265910128496323672e+00
1.917326735365282531e+00
3.978276291656565888e+01
3.247229469412501679e+00
-3.117048653861366869e+00
-6.307729224238710941e+01
2.635269282104415112e+01
5.721425095202469224e-01
-7.903666611230550365e-02
2.169780366244122849e+00
6.677550736120150265e-01
1.229743956228217527e-01
-4.650572574992558827e+01
-3.661859096008563075e+00
9.932431622081436373e+00
8.346366315559133886e-01
-9.112798342362217474e-02
1.344763804940216412e+00
-4.352170951652233333e-01
-2.365873790995270121e-01
-1.655405270346894753e+01
-1.391061052592478031e+00
3.730119443692392878e+01
4.688849818046302431e+01
-8.491298659240900548e+00
-1.517823023118577730e+01
-1.085417204274215397e+00
-1.213038730310059821e+00
-3.184498758625041148e+01
-8.729012919557538552e+00
-2.322952078330734338e+01
1.196795586342645734e+01
1.501719497595171537e+00
1.546256967267390703e+00
-6.436966979607868211e+01
-6.187162833290075525e+01
1.327556537461661712e+01
2.186759164758028362e+01
-1.377545465563880356e+01
-6.083282991614971991e+00
1.787256311929297459e+00
-3.392413059481190984e+00
-9.994690371292261899e-01
-1.996309403295253304e+00
2.433465628454473517e+01
8.541191441518257932e+00
-2.334590442358702234e+01
-8.568020380319164531e+01
4.638597295588983371e+01
1.922210936792746594e+01
3.685032047242057018e+01
-1.901117156561931409e+01
4.825613344439626928e+01
1.191171520699522262e+02
-4.314702942926415830e+01
6.474310636036825883e+01
2.384612268372354293e+00
-1.096969895529897165e+01
-1.011637432494972400e+00
-3.054162030715705800e+00
1.034493692766832851e+01
9.875601769753085790e+00
2.629273987489787601e+01
2.613920754689210213e+01
6.469920607684013225e-01
1.139105684042818645e+00
3.379500261133970440e+01
-1.176422176940843372e+02
-3.727246943577932625e-01
1.728277400636503103e+01
3.086504911198503365e+01
2.566271650765019618e+00
3.970638654928686062e+00
9.062099576092816022e+00
-1.622839849603662898e+01
-6.076985491806576434e+00
-3.631182618316880450e+01
-3.243009664185536156e+00
3.896251437812153284e+01
-1.314713782498152739e+02
-2.157171155117139349e+01
-3.483299150350656959e+01
-5.218461590844461817e+00
-3.180163922639733798e+01
-2.947462450088567820e+01
2.316584604593122947e+02
-2.252601912330754530e+01
-9.275504697089514750e+00
-2.022420955893509120e+00
3.441489253606221932e-01
-6.639295760107037925e-01
-9.979387753512200532e-02
1.109588108073257917e+00
2.101324232188978847e-01
2.092027897669740177e+00
-1.654427260371291508e+00
1.021200527651240142e+00
2.067490022130852978e+00
1.645039151899955199e+00
5.764533626940108180e-01
-6.616328239626408092e-02
3.876715956842512537e-03
1.683418077333374840e-02
-6.211058806345709504e-02
-3.438699529024774604e-02
1.214500704144470030e-04
-4.593718155979294865e-02
-3.201287341830982153e-02
-3.166253885118398870e+01
-6.451872301577401458e+01
-6.438684661500869311e+01
1.266226492878377075e+00
1.398149343402293709e+01
-3.857594761528932992e+01
-3.868843091176180593e+01
-1.898036884461297191e+01
7.689958624143131694e-01
1.567292764128449090e+00
1.564091800437847013e+00
-3.030225646682826318e-02
-3.394518931457960464e-01
9.366341164174466494e-01
9.393689559349138740e-01
4.606357490610150651e-01
-7.436687350894551685e+01
2.711528345024032394e+00
6.074521513628361458e-01
-1.892348683097623052e+01
-1.427399030894083509e+01
3.795503652645524806e+00
-6.927414870968162663e-01
-3.943519512221104750e-01
-3.040584608303350395e-02
-5.943074777486302002e-02
-3.785432144509439656e-01
5.276829746607020200e-01
-1.027004601805220858e+02
-2.381082605731076285e+01
1.292228522539410118e+00
1.141605045421634657e+00
-2.944094507589141707e-01
-1.280512242706081383e-01
6.086292427629548252e-01
-1.297157517045164354e+01
-4.023979234633821278e+01
2.571248813341903361e+00
3.879127401562177391e-01
-6.060565352431162012e+00
9.207999561356443152e+00
-7.974818709140186757e-01
5.088699796791257057e+01
-4.421540116109895280e+00
2.186098336699278377e+01
4.518687145240878777e+00
-3.531139308483357109e+00
-2.708913097292288796e+01
3.787676501320188294e+01
1.853703100559707773e+00
-1.658400504506499118e+01
-3.683563629369705694e+01
-2.692651167972520909e+01
-1.462136363238611558e+01
9.202609213107034725e-01
-1.135465912980885683e+01
2.798043674254253155e+00
1.456869028177293135e+00
4.487751946619805210e+01
2.436893938729944864e+01
-1.028301176504777636e+01
-4.900656689770156227e+00
1.004048853500164040e-02
-3.498901344276564185e+00
4.078729826221119126e+00
3.215849527663905416e-01
1.713835294174438317e+01
8.167761149611910909e+00
-7.784130033999864251e-01
-2.999533960475027961e+00
2.647293884734367581e-02
-1.390287335057306950e-01
-1.423574300544585836e-01
-1.523874625247742011e-02
-2.229355655298462940e-02
-1.153017811097393697e+01
5.106210492847184312e+00
-5.503874889127117198e-01
-1.046443159557151198e-01
3.813716902375523937e-02
1.297355005666632088e+00
4.999223267458884123e+00
-4.412156474537068385e-02
2.317145558434483832e-01
3.110026597641755153e-01
-1.654167825618530485e-01
1.416575914426377314e-01
-1.604101294069717687e+00
6.647954108859699396e-01
1.933692989588652322e-01
-5.183377662741320835e-01
2.756946376021731093e-01
3.537276570402369202e+00
4.235102523697152677e+00
-2.268811596520448892e-01
1.857357189357263039e+01
-8.066847583868232974e+00
8.215179516121289272e-01
-5.895460950669490607e+00
-7.058504206163052075e+00
-5.855996701307137009e+00
-2.635778163643757832e+00
2.294186400351505839e-01
-8.375826635328531555e-02
3.550205629412939851e-02
-1.716166254320424314e-02
4.062087938888593597e-02
-1.208232991561728698e+00
1.841747455310731141e+00
-3.962064410358513006e-02
-6.226620265721038300e-02
-6.586516056203171876e-02
9.759994502179452525e+00
4.392963606073577054e+00
-3.823644000586304270e-01
1.395971105885423502e-01
3.578663370043074776e-01
1.900971816482087129e-01
-4.900210193668003145e-02
-2.594655513674297143e-01
2.644929388081269234e-02
1.376829449978362319e-01
-5.964438950070787282e-01
-3.168286360807707758e-01
1.079985828529622616e+01
3.359777894022321298e+00
-1.760752230603204183e-01
2.337487134446981862e+00
-2.864601296096990435e+00
4.170937394142348181e-02
-1.799976380882788973e+01
-5.599629823371222948e+00
2.263898469830110116e+00
-1.674089345264138018e+01
9.016447448101905238e-01
3.527443273098187504e+00
-1.414867054439971961e+00
1.643259645774368893e+00
-9.613329673824623001e+00
2.435985010492411007e+01
1.619528924238016998e+01
-2.431060899637262074e-01
3.396970111718211616e-01
1.535881423663981282e+00
-6.734797799026670972e+00
2.506143514113443049e-01
-2.371504118398861749e+01
1.213626535822289965e+00
1.311175375642847207e+01
-8.969348817277180697e-01
9.219478664908388055e+01
-5.690682723505912755e+00
-2.021366214645683890e+00
-2.960928031367480728e-01
-2.003950102314608003e-02
-3.408216857571239738e-02
2.378998384823756496e+01
-6.325839421072110724e+00
1.154569145161305599e+00
6.572532520364994246e-01
1.542905915408208628e+01
7.908812444862034496e+00
-1.093063493646186712e+00
-6.769281404817051317e-01
1.365412901212410475e+02
1.742279749040951131e+01
2.136970115977535389e+00
9.395164469734057500e-01
3.920576204990161528e+01
1.001524158182037993e+01
-3.704532774440373544e+00
1.028630659678791082e+00
-8.435391552686015704e-01
3.830653426659920147e+00
-1.729728057456477286e+00
9.047810690954847246e-01
1.350375428676268896e+01
1.190553023210924932e+00
9.038946776003444938e+01
2.863240281914177388e+01
6.207284619682143756e+01
6.839706873483748950e+00
8.164744438596071019e-01
-1.386909011839236205e+00
-1.507900652774769368e+00
8.712246343123054571e-01
2.611468608561068327e-01
1.052453076312289237e+00
5.072788834733623631e-01
-5.547459562007082956e-02
7.054327382074077057e-02
-1.089924726162052160e+00
1.926598605799660291e+01
-4.790778620429446910e+00
4.277280350065503223e-01
1.263408651429180463e+00
2.763097910733365481e+01
5.147594413299200866e+00
-1.690517986151594517e-03
-6.442848398867532245e-01
7.328230452578415566e+01
2.648608388612154840e+01
-3.524937905260615567e-01
1.440480545563797854e+01
7.129161981140842430e-01
-1.783968360597999947e+01
-2.711882867991945290e+01
-9.516141291561693549e+01
-1.900041427238643266e+01
-4.830879753199575966e+00
-6.900027738908792685e+01
-4.889698094947479312e+00
-8.953020635685152717e-01
-1.318723223221794250e+00
2.513167754621707495e+00
-1.452041057187244633e+00
8.051372944301452561e-01
-3.014092975003548544e-02
-8.454648057896381186e-01
9.245765936496501414e-02
2.122475432795210004e+00
2.835187321304801777e-01
-3.210997676333020223e+01
7.984631034047752429e+00
1.957403501999008588e+00
-1.161000744498658754e+00
-4.685586653394510392e+01
-6.958955849285196393e+00
-2.820916787189665342e+01
-1.036305112059192446e+01
-6.193955793917468355e+01
-8.879893989633266926e+00
-1.556220583213274899e+01
-1.063655746709409433e+00
-3.647612516154907780e+01
-1.289776804415276068e+01
3.977982739822622182e+00
-7.716472210690174249e-02
-1.356427915384912097e+01
-6.740249228898695932e+00
1.094924785779301413e+00
2.216008005898847166e+00
1.762107107982265219e+00
6.174266275396372849e-01
4.187716741643154189e-03
-6.924379148118474381e-02
-6.507006252729086171e-02
1.825102862310593738e-02
1.060789474063904584e-03
-3.676606895339844944e-02
-3.417162612206202377e-02
-4.847922056539671898e-02
5.826518036964421299e+01
2.859363043876602717e+01
-1.143541973978043691e+00
5.814608596376115202e+01
3.483698036333804282e+01
-1.262634177462343565e+01
1.714072106785846117e+01
3.493856086305163444e+01
2.027959275301859776e+01
9.952203603195343362e+00
-3.980050896526232118e-01
2.023814120476392020e+01
1.212523578846053596e+01
-4.394679108953779334e+00
5.965932756321027597e+00
1.216059163827172540e+01
-2.263716015563269579e+01
-1.983135109193264256e+01
-6.235189508444062056e+00
-2.314244312181534369e+00
5.841134552215042353e-02
5.277441500824553433e-01
3.772860025938456374e+01
3.305225181987875516e+01
-7.037058400638114719e+00
-1.219079966722222075e+01
-1.264351659230049107e-01
-6.225102228168352347e+00
1.358227980873359719e+00
-1.071674412562793610e-01
3.624255211280840716e-01
-4.575344638184000168e+00
3.658192809270161217e+00
-1.194697596845153420e+00
3.954382683436733631e-02
1.224649895305170988e-01
1.172843066772459686e+01
2.031799944536457048e+01
2.107252765402881367e-01
1.037517038028076577e+01
6.736521712840162657e+00
-5.154075040482886116e+00
-1.476781308879300814e-01
-2.072339313328737997e+00
1.365250952174575268e-02
-2.951084133059918638e-02
-3.809906613231833772e-01
-9.198958695905136151e-01
1.293487931625850518e+00
4.448314478381653614e-01
2.169077562805342765e-02
-4.745728861818296340e-01
-1.122753618806641640e+01
8.590125067470955500e+00
2.461302181467389660e-01
3.453898855547979707e+00
2.408999319696767216e+01
1.520643161487949424e+00
-3.794287332305434357e-01
-9.749171706110033142e+00
-5.489672812455447470e+00
-9.252833001777454047e-01
-2.093826264484358046e-01
-5.822653156185408907e-01
1.054738353480537327e+01
2.411216627134203705e+00
3.109632376410052856e+01
4.278450444819525522e+00
8.176902973264512653e+00
2.462230738909434002e+00
-1.643971973243424090e-01
-1.924232082799831600e-01
4.560485743852603080e-01
1.619024549201205687e+01
-2.042055087456289553e-01
9.867320250300210205e+00
3.873729827990871843e+00
9.674008907111032451e-01
2.824593913064341391e-02
-2.190924641965494579e-01
-1.660145136999982540e+01
6.697960768350661453e+00
6.284964963325115894e-01
1.695476335169757931e+00
1.092761926405147355e+00
-9.285468291561905785e-01
-4.781804656168425760e-02
-2.072641765369414024e+00
9.704474408376390215e+01
1.414944752699376274e+01
-5.272570890849278546e-01
7.766455444375118589e+00
-2.404036717250958475e+02
-8.489051265087871556e+00
-5.551527947497288118e-02
-3.778258910404030502e+01
-5.562644085412812522e+00
-3.336231030873454628e+00
1.919172747445708538e+01
3.800042577556272949e+00
-2.233253305061236631e+02
-5.637385894533502295e+01
4.471187974833616607e+01
-2.595641703974907344e+01
-2.775835986104068809e+01
-3.069877881707553513e+01
3.722088841768909901e+02
9.395643157553598712e+01
-1.337222331240160997e+02
2.008432751662298088e+01
2.387530313050163855e+01
-3.627795947440882429e+01
-3.607577657134686699e+00
-3.547769492413208159e+00
-2.326408269863278644e+00
9.191568489933466424e+00
-1.137872577983940943e+02
-3.067814262459175723e+01
1.981112849342505910e+01
-5.143735585402143329e+01
2.130186893132334802e+01
2.392817987237557986e+01
1.896454296640241068e+02
5.113023770763867759e+01
1.362547848851434651e+00
4.008164471736995971e+00
-3.136630137529185930e-02
2.427683663013861182e+00
-9.202132970475015439e-01
-3.762552204172152082e-01
-2.270913081420897317e+00
-6.680274119564014512e+00
4.266404303535842502e+01
6.961752746920704560e+00
2.999795072420761155e+00
-9.401118434415833836e-01
2.904783403441581480e-01
2.410431055984667559e+00
9.679347448655849506e-01
3.026292890720845841e-01
-4.979398118281794794e+00
-2.349511767105958437e+00
-1.869135660139960464e+02
9.794170143130846995e+00
3.963210272238533616e+00
-1.305483341247089690e+01
2.061940737831529535e+00
-5.405906593408387195e-01
1.062008995192239524e+01
-6.935729265590818926e+00
2.829078634659656188e+01
1.255514219576693336e+01
3.030594923154341700e+02
2.905765273820644623e+01
-9.544076963049148787e+01
1.496502552232045602e+01
2.215920781893880420e+00
-3.871170097906122720e+01
2.671703296672385541e-02
-6.948946886450508842e-01
-7.971640187422083024e+00
-1.117749316013246563e+01
2.441138202074927221e+01
1.921099791412193625e+01
1.334387415934914998e+02
8.055620562564759268e+01
-6.101211428628948719e-01
2.106502278870570899e-01
7.888782478613037830e-02
-2.851059460165329629e+00
5.784316828432976010e+00
3.651705145818529008e-01
4.843595907306090520e-02
-1.125674529797089596e+00
-1.050833742150021566e+00
1.104334099394193691e+00
-7.035028698981377282e+00
1.477353876091707319e+00
-2.046824575836303239e+01
3.797617814876343534e+00
5.051812130180037830e-01
-7.145219251901707480e+00
-2.883536106560373458e-02
1.695310826993480235e+00
3.302163952119568080e+01
1.012934717526022332e+01
-1.596736221380130383e+00
-1.757897255800904546e+01
1.748015544667022469e+00
-5.182720627349235087e+01
-8.369311958446445932e-01
-8.912207397516982987e-02
-1.362817162210650324e+01
-4.103717898180812895e+00
-6.754578262325916072e+00
1.839877270429494338e+00
-7.600809573017862641e-01
-2.698374248668180542e+01
1.914690417229022168e-01
-1.424255337367371643e-01
-6.456216379984757836e+00
-1.612334817851815760e+00
-2.181598755429180247e+00
-5.433012388365272560e-01
2.766908561666560828e+01
-1.116326794725071103e+01
4.262256018562327609e-01
3.336027754748137619e-01
-1.821269877343516308e+00
1.547578048590226851e+00
-1.543781312764895830e-01
-1.943697482995428771e+00
-1.617412401396053099e+02
-2.358241254499353801e+01
2.658415935275252995e+00
2.785667911003675279e+00
-3.543887959435366497e+01
-6.695808028309539139e+00
-1.768921899643845497e-01
7.857550311671439580e-01
1.063585230853263575e+01
1.051359133245319155e+00
-1.139102200708776103e+00
1.173661986165357440e-01
2.496029883641605096e+01
-1.063361696173263260e+00
-4.008034079016560725e+01
-2.439838839142931093e+00
3.115226100233468856e+02
-1.632361690522115438e+01
3.148387260884692118e+00
1.586640211646144771e-01
2.807239837708070951e+01
-3.421929054738488851e+00
6.793223806607262105e+00
-1.048561649255514761e+00
1.590679493841863632e+02
-2.494170920386744328e+01
-2.884564879945430982e-01
1.381882660607687552e-01
-9.640528047388315258e+00
-6.086175243028871806e-01
2.156239660063857144e+00
-3.621479642150310374e-01
3.411374293060626428e+01
-6.329363024794150583e+00
1.395288619139784192e+00
4.504611178533243776e-01
3.265714546199002655e+01
1.204939352707979250e+00
-1.308725073164471286e+00
5.290922054706701516e-01
-7.150662829728031689e+00
2.618639518461207683e+00
-3.715098897468206474e+01
1.386345348324042526e+01
2.289816793289052299e+00
5.128308432822166196e+01
-3.216109403162480618e+01
-2.064663602853135327e+00
6.191831495778281180e+01
-2.310575580540661633e+01
8.629200825634670835e-01
-3.436567896387019427e+00
1.679175266959981316e+00
-2.515506998145467854e+00
5.281798723762106462e+00
-2.798625444932945072e+00
7.319375399477319466e-02
-4.715131057766024725e+01
1.011388985794397257e+02
-7.588839144394539460e+01
4.734319582533021986e+01
-1.685648309657016455e+02
-3.908405921132034422e+01
2.027226843371559895e+01
1.941308562834621831e+00
3.927740610727255444e+01
1.979815868654829458e+01
-1.229902941703719943e+00
6.514009868552373916e+01
-3.378711405619956309e+01
2.491351241424698618e-02
-4.452838827911582281e-02
7.898238390799932063e+00
-1.830837629452060911e-01
3.060266948661048758e+00
-1.316373065133454467e+01
-7.021895350017785198e+00
-4.068563670125720932e+01
5.897589733902901799e+01
-5.171539365984510539e+01
-3.886784842142041185e+01
-9.829316223168973465e+01
3.017462982519577963e+01
9.555416118880541987e+00
1.088814978687799639e+00
-5.029104970864489133e+01
-4.069037469120456718e-01
1.016868571438429347e+00
-4.494518033128739098e+00
8.174064759145110992e-01
1.117704644935639591e+00
7.490863388551699309e+00
-1.980768257154829826e+01
-5.036295435383651015e-02
1.257581360946638527e-01
1.030329723161376521e+01
-1.032331768505630354e+00
1.136853691182231618e-01
3.301280428591147853e+01
8.393825725622165723e-02
1.402812990581496333e+00
2.749468336151158709e+00
-1.742403267519988308e+00
-2.338021650968856502e+00
3.569663952119236683e+01
-1.840023157931716824e+01
2.810798439196772858e+00
-5.949439920198379639e+01
-3.085226535140028203e-01
-2.487580568467681330e-01
2.691352317554120480e-02
2.235912008664307393e+00
-1.172301006570962922e+00
6.565392540139620980e-02
5.142044225223757481e-01
4.145967614115306232e-01
-1.460225421898896814e+00
5.721866634967427423e-01
-6.271238439902143691e-01
2.433709036498243883e+00
3.077785272761277113e+00
-4.236267918779827113e+00
2.655263083413593517e+00
-5.129642121268143562e+00
1.664158896956515932e+01
1.400147251264257098e-01
-2.058769907484799155e+00
-9.612865342690319892e+00
-3.319521550514495267e+00
-2.704351412053053494e+01
-1.610402829030689542e+00
2.337488349951111211e+00
-1.184771918427201642e+00
-8.336776018275293687e-01
2.115488351511721987e+00
9.964810845528050409e-01
-9.335387986557727169e-01
4.805893510960104059e-02
-8.680477146461519355e-01
-5.503606586866104777e+01
3.075545302613857856e+01
3.562476773922146123e+00
-4.236468019074583480e-01
4.477443554837673645e+00
-1.983618717072992643e+00
-4.375637521914741424e-01
-5.125908837689624420e+01
-5.937461289867508540e+00
1.917755086504525419e+00
1.253204368663328072e+00
1.722867687929256764e-02
-2.092007803531150401e-01
-1.585609237930997104e-02
-1.114366724728955843e-01
-3.926259244494690881e-01
5.454310856438779886e-01
-8.529890695918912469e-01
7.274554048332694256e-01
-1.391137151350389095e-02
1.422861019700880358e-01
-3.196258477505362183e+00
-2.088673947771642059e+00
-2.871446146560520038e-02
3.486679672550062614e-01
-7.025824636345733287e-01
4.431364845554734977e-01
1.256297827192945082e-01
7.720077088207351057e-01
-5.150910241204455231e-02
-2.561137363605367478e-01
1.170970772723885389e+00
-7.385608075925094163e-01
-7.246424491957034419e+00
-1.867925050612308624e+00
4.129352485309867871e-01
-1.233413142418526620e+00
7.426568209721159386e-01
-1.121929832960838924e+00
1.207737415325861186e+01
3.113208417687004292e+00
-1.743764824716069484e+01
-1.213152569832902650e+01
3.417441274773771909e+00
-5.468587178013079031e-01
9.560933341276954545e-02
-4.814165177651765215e-01
1.032557498471678104e+00
-5.984468605537923480e+00
3.352189581943413543e+00
2.138995128419205471e+00
6.101568751831278753e-02
4.781985924390676490e-01
2.906274707860228901e+01
2.021920949721133454e+01
-5.695735457956455861e+00
9.114311963352338397e-01
-1.175429479618575135e+00
1.878897713834258187e+00
4.485884948182363580e-02
6.451898473420633051e-01
-6.812008577769239626e-01
-6.348321994399583890e-01
1.959049132697695539e+00
-3.131496189721513002e+00
2.857094435961380796e+01
1.566570644908362375e+01
-1.531008640003086674e+00
7.954708131380063385e+00
-5.378309602226015507e+00
-3.232850508295282754e+00
-4.761824059935785414e+01
-2.610951074847118747e+01
3.561546189904485260e+01
2.289796725096745433e+01
-4.413275300786971833e+00
-2.923396994753248546e+00
8.272128223435493144e-01
-1.666664406392679654e+00
-6.191754816390571392e+01
-3.627110998686833909e+01
-6.826281891348523700e+00
2.582135216795719668e+00
-1.586966621350294870e+00
-8.463000248232711575e-01
4.076889175953920308e+00
-6.093178796936061792e-01
7.910754354254506460e+00
-5.273353014690710161e+00
9.716031818710630930e+00
-1.770014991987546438e+01
5.008372579801439173e+01
-5.050991538590728851e+02
8.272161535558492318e+00
1.328606697902563205e+01
-3.074183092039239895e+01
-2.223979026558515102e+02
1.275645136777233457e+00
-1.314797079733151242e-01
-1.136326486585930162e+00
1.751389570250256655e+00
1.349935375407953941e+00
1.172504783163484454e+01
-4.799904211156142075e+00
-5.707306287542659362e+01
-4.190056238709888858e-01
1.129841073929833151e+01
