-5.892399911530914192e-02
-1.660814560676421303e-01
2.639393053668321384e-03
-4.009483643701306499e-01
1.490591439887497816e-01
-5.604826278368655462e-02
-1.808230427968874898e-01
-1.533736090406279118e-01
1.073219193321244963e-01
-4.656733927506508802e-02
1.309926566504437118e-01
-2.492972796640743616e-01
2.857494369179878202e-01
-3.017332478257336859e-02
1.443180390490365617e-01
-1.425812421694152565e-01
2.893572799999215572e-01
4.607609372178696205e-02
6.604291818702141652e-03
1.196249490447764442e-02
8.194566734741083602e-02
-6.161387263295643041e-02
9.559518320987473936e-03
1.070498504974735227e-02
-9.453057466003360332e-02
-6.104781225355347327e-03
-4.446413311090860292e-03
-1.924259502809482414e-03
1.789430899851683458e-03
-5.701384263803004754e-02
6.484407059076596758e-02
5.970240504997146452e-02
-4.151094640341305986e-02
-6.593766847885868215e-05
1.970379616886982002e-03
-6.046274025546187481e-03
9.304101376616228172e-03
1.488714121376737490e-02
4.959135754045509124e-03
4.681320233589158532e-03
-7.983900387796571702e-04
-5.139720103937824719e-02
5.259128889984336641e-02
9.647553412029390152e-02
3.747158529680657841e-03
-1.089923621288302856e-02
8.629361892544547274e-02
4.481301756627807664e-02
-5.319623941530209760e-02
1.020410026409584829e-02
1.319976781785277449e-02
2.714016133709352616e-02
2.297332185479205452e-02
1.057872300718469506e-03
-6.928580139840560728e-04
1.256792198394955260e-03
-1.730552180240343269e-03
-1.783333333349393509e-04
3.395555555554582126e-03
3.947000000001572514e-03
1.361111111106820548e-04
1.059104987146002042e-03
3.548844307486351377e-04
-1.345260348680479704e-03
-3.694489749058969385e-03
1.083333333318674735e-04
1.924444444443957529e-03
2.687000000001642502e-03
5.388888888929459789e-05
1.431855618527628094e-03
4.178775332922682502e-03
2.956307022929873310e-03
5.558420983035515734e-04
1.502071900754799356e-02
-1.931153404942127089e-02
-2.405826237400878614e-02
1.476700964966386198e-02
2.415415299069225419e-01
7.012468507743381541e-02
2.649270662096460394e-02
1.636117670258631918e-01
1.933530449213988478e-01
6.681453425165796711e-02
9.930674656139119871e-02
4.581565526569252311e-01
-2.530182938731327658e-03
2.315540732791260443e-03
-3.620541732499387658e-03
-1.660431904256718305e-03
7.596251700635439641e-02
1.466582933695391097e-02
4.756213371725227768e-04
9.221090150244028172e-02
-4.490378937402963468e-04
5.075104030228278634e-03
-2.009910107728936184e-03
-1.855431433360423769e-03
6.194381738300301643e-02
5.817639144261066951e-03
5.993012622339035375e-04
4.774824268026620772e-02
-3.073187195141658268e-03
1.036275470436651570e-03
-1.934375878549990900e-03
-6.689127028494904665e-06
1.424789357979590609e-01
3.345218702572995140e-01
9.703980885357554875e-02
2.074313040471242320e-01
2.031849472589894456e-01
7.549875764639733811e-02
8.536417505822070650e-02
1.659947775966093275e-01
2.104737007356743440e-03
2.901109031343064304e-01
1.509346679259927944e-02
-2.621037166845905514e-02
-3.417490449464805763e-02
2.176059630010377874e-02
1.259181089538357334e-01
-6.500153276050895518e-03
-1.479464529095020180e-03
1.567506322212754285e-04
1.828012625119999207e-02
4.581097035199475920e-02
5.753612503278917462e-02
1.780069827417584544e-03
-2.604500635665134636e-02
1.557242133209710971e-03
-3.570140925273670475e-03
-2.040624815682287943e-02
2.648873638298725013e-03
-8.161672699291167314e-04
-1.038667780873491972e-02
-9.429469409146335954e-03
9.536291876470832929e-02
6.862802996862360505e-02
3.079437500655729087e-03
-7.745734261729507637e-03
-2.343074852763054119e-02
-2.261199234214335274e-02
-4.561099050242151468e-03
-7.778493780620835372e-03
-1.225833333329178019e-04
-7.211649943981048158e-04
5.951979601932835644e-03
-2.903855362236656794e-03
-4.230787320960027742e-02
-2.814120114338912806e-02
-9.164495173154889665e-03
2.537590739954232268e-04
-2.414437980101789838e-03
-1.357864122146931968e-04
1.468166872581904000e-03
-1.917002098734661621e-03
9.512897191370358555e-04
4.295592208728381788e-03
8.782480383545496205e-03
-1.052818246913044984e-03
-7.147691633948152073e-03
-1.227216556836440830e-03
-3.616267754865474214e-03
1.219083333332974433e-03
9.950005173084755777e-04
-1.715304965600600740e-03
-3.912677739946854479e-03
5.335570995501249126e-04
-9.878944933204569789e-04
-7.049492646416011298e-04
-6.334130397157303888e-03
-1.455566864925651651e-03
3.094444444456015517e-04
-6.457055555555703610e-03
1.088659361956573505e-03
2.976319784670146407e-03
8.663469161728230882e-04
-4.764243746390957107e-04
-3.223388888887292105e-03
-7.882222222226568237e-04
-2.419188849131682448e-05
-1.643296341420090369e-03
-8.623635106479942639e-04
3.906690729417501215e-03
5.175416666666085574e-03
-2.863230014927805114e-03
-4.198197968896813992e-04
-8.315393443321683099e-04
-2.496581466391428836e-03
-2.956381136792805928e-03
-1.643336117518655196e-03
8.055555555586214130e-05
-5.415944444444709995e-03
-2.919121189020667390e-03
3.820308388273997713e-03
-7.208167214568314421e-04
4.189285672963583354e-03
-1.935611111109969591e-03
-1.183777777778748097e-03
-3.975027908850560683e-03
-3.425330681416523769e-04
5.588279035354092733e-04
6.124631946616156293e-03
2.937083333333094255e-03
-7.906556536834903918e-04
-1.803515337554497592e-04
1.940000000000372958e-04
-1.915666666668609536e-03
1.449581662652652499e-16
5.672482198637410642e-16
9.340774084125449484e-04
-5.291456534643869885e-05
3.643831919458731094e-03
-5.105498637556075189e-04
6.621704950011140026e-04
-4.652945697349702633e-03
-1.040478761547967057e-04
-2.172831244940543339e-04
1.032222222219851798e-04
-1.839944444443864131e-03
-2.448024435397506277e-04
2.046338089714698754e-03
-1.891246705285110985e-03
5.308919661535111897e-03
2.983333333435004515e-05
-4.323478900057152971e-16
-1.167036433325272079e-04
-1.514685796270293615e-03
-2.570822084834940673e-03
1.135199521923967517e-03
-1.973611111110527957e-04
-7.091357565721470926e-03
6.744403750093965616e-03
3.539999999997552266e-04
-4.023333333345195445e-04
7.789088876939096010e-17
1.103653467257083265e-16
-9.698573243393968871e-04
-1.511844724188567852e-05
6.901022339950396538e-04
-7.105318844393905715e-04
2.237813376726324407e-04
-1.941049471505284282e-03
-1.679278606439472022e-04
3.773884259211880070e-04
9.877777777814907554e-05
-1.841055555554519784e-03
-1.411898662951186325e-03
3.079424537442743831e-03
-2.874566990927520868e-03
7.234794465044251926e-04
-8.268333333324586571e-04
-6.037956808670567017e-16
9.084997641372726668e-04
1.909999476952741523e-03
-5.552437120691172678e-03
9.180702598491442606e-04
1.598611111105446945e-04
-5.657592881781533557e-03
6.540409393887031998e-03
-2.359124401180638653e-02
7.149917070195620575e-03
-2.557709256712512383e-03
1.346251024610807881e-03
9.654119616870546206e-02
-4.759727115262304964e-02
-4.372226421830704979e-02
6.855329233471459116e-02
-7.059868305064717804e-04
-8.325678371549264864e-03
1.294101512793916246e-03
1.455992700668112538e-01
1.670481368140537271e-01
-6.179953138345697927e-03
-2.972983153784157940e-03
1.553023889336793012e-04
-4.630449111737779816e-02
-3.805406420243110516e-02
8.765623417070350643e-03
-2.316715458735438271e-02
6.779463767278164944e-03
-2.403972623413062535e-04
-1.165489113664643040e-03
-9.833639699976779586e-03
1.286939180091481796e-02
1.131811493624390250e-02
3.681055302541705581e-03
-4.417125976716102030e-04
-7.558213737750577900e-03
5.433317418225716219e-03
-9.048114604279819395e-02
-3.668908267640767773e-02
-3.792266455714500724e-03
-3.531062984523612117e-03
9.489586169786059719e-04
-1.303580325049102581e-02
-9.778555691946983625e-03
9.459398155341591091e-03
9.056844130118202330e-02
2.610350982796207434e-02
1.460055880444065951e-02
2.073748482189807785e-01
2.267932111202679846e-01
-4.426870465032496410e-04
2.705173947320776637e-02
7.374725174163539176e-02
-8.524630044202835891e-03
3.383802892208106431e-03
2.457678223686297382e-03
-7.541244978104395986e-03
6.316509021931520501e-03
-1.216735773192103090e-02
2.104183295504120281e-04
-4.599642042723623607e-04
2.022355209566100624e-04
4.210115088941141642e-02
2.976035093442029600e-02
-6.161266289754136795e-03
2.681590114840827466e-04
-5.711951383597448778e-03
-3.104973890850859682e-03
-1.389164518771740867e-03
-1.610335495848365384e-01
-1.993794764056072144e-01
-3.090271653040841532e-02
-8.402152553872029028e-02
-5.359044538182440587e-02
-2.593879562838648511e-01
-1.438508021802862025e-01
-2.183818588634368549e-02
-1.060178555361566619e-02
1.779383484120147518e-01
1.563484645531224362e-02
-4.218036635106560406e-02
-5.099632752157011450e-02
1.147816393778968054e-03
3.462082493036644504e-01
1.749517035652473768e-02
-9.490124532378246477e-03
-9.281363060346324015e-04
-5.936370877514089879e-03
-1.165563211989464193e-02
-7.599676451874039576e-03
-2.305398245433510924e-03
-1.300335957938305838e-03
-1.206606368061423004e-02
-1.638344173759611888e-01
-7.958165340748604363e-03
-9.933126439434747726e-03
-1.393084288614982735e-01
-4.210995107156389333e-02
-1.572671955683330527e-02
-9.297850263862652079e-03
-8.516324822307519415e-03
-1.257003108649823800e-02
-3.800749229920904115e-04
9.312621729020008517e-04
-8.684852349043951578e-03
-1.352506204544904733e-03
-3.779222236619839137e-01
-1.228456246975979105e-01
-4.326524783996272411e-02
1.929063724550966405e-02
-1.050228426732246513e-02
7.918377763508087147e-04
1.010995091774790234e-03
-1.617786609041436952e-01
-1.131670869847429678e-01
4.095695503886311040e-02
-2.595403555349689879e-03
-2.479250307601653901e-03
-5.803183211309382861e-01
-2.996598323130990060e-01
-2.685286175276007520e-02
3.123731919425244957e-03
2.392004386694997729e-03
1.684112194230929713e-03
9.189595268447408455e-03
3.376474476505917591e-03
4.106317706893131657e-03
-4.426031648039153131e-03
2.604117197829733908e-03
1.012933663585285178e-03
1.579776568884616247e-03
1.146883117961002962e-03
1.198866741726164900e-03
-2.968696974123297919e-03
-1.587477900541677369e-03
-3.134028252802448320e-03
-4.713144442309708665e-03
-1.876911055276858165e-03
-5.718629221138835762e-05
1.244941013820990636e-03
-2.054117235084580110e-03
4.969734462866540626e-04
-1.507966383226441807e-03
-1.216133804193660550e-04
1.389907417060171893e-03
-4.314964560485970262e-03
8.549611721090795077e-03
-7.591755152513964509e-03
-5.602226691612659584e-03
-1.691924906417456749e-03
-4.137422195481421823e-03
1.580323092061908892e-03
-3.497566124452590724e-03
7.921702275643989488e-03
7.882765036722321275e-03
-1.665054781149488640e-03
5.014289828667755841e-03
-1.371709693553920147e-02
-1.059052405158345152e-02
4.024063300169819155e-03
-7.146542901103741623e-03
1.308409108181338848e-02
-1.144650192491186019e-02
7.506880251106048778e-03
1.045644870339797368e-02
7.683599299005305916e-03
5.790782719882820416e-03
-2.548161046930258467e-03
1.438918454737442981e-02
-5.531973688969255010e-02
-1.653639955702101700e-04
3.987132024067252669e-05
-5.734715639861661524e-02
-4.645118850565074266e-03
-3.044824003014404628e-05
-9.890384454846578698e-05
1.763519778948086602e-04
3.928446979210977741e-01
1.261371550759476500e-03
-1.206460226427258147e-03
1.673558053464247464e-01
9.268138730354225086e-02
-1.394981329412357200e-03
9.111995032199052139e-04
3.804026650425418321e-01
2.868107867958213236e-02
-1.020747790270783387e-05
6.382006027330214607e-05
1.428204018562479090e-02
8.173535145990239864e-03
5.976995537161056116e-05
-1.607108176512903139e-04
2.737064935845113720e-02
-6.770461838968748480e-02
-1.506281762881201552e-02
2.605143567310357761e-02
-2.290704685460583923e-01
1.093943081286967087e-02
-3.674360245709223146e-03
-3.433990196299535700e-03
9.727470238355753751e-03
-2.460523822308425829e-03
1.420428760611007479e-02
2.795431562885854378e-03
4.166739677601500463e-02
5.700343210220630910e-03
1.125742816293926005e-03
2.299393357879463530e-04
8.138071399756774751e-04
5.331652705059978375e-03
-5.236410133977680665e-04
1.090849849274575000e-03
5.121742648446330794e-03
1.324147392088575494e-03
-5.788671917737262928e-04
-1.625301930073834791e-03
2.132326230037839832e-03
-9.563464113233197811e-03
-2.098093907554673867e-03
-8.381975517725478650e-03
-8.579684839128820864e-03
2.414078933745964287e-03
-2.135447395290037201e-03
-9.276811480630432413e-04
-8.438334950123249634e-03
-2.187979441159463613e-03
-7.501278231748396627e-04
-1.941914236463590992e-03
-3.300384585690995225e-03
-6.106341595749569841e-03
-2.858854091598526305e-05
-1.559898731168481113e-03
-8.243830448245264425e-03
-3.355606531766270034e-03
1.430796367662891082e-02
5.022632793655909186e-03
5.589960914344411537e-03
