7.013685397740248106e+01
6.208843318524036592e-01
-2.193230586193880782e+00
1.108161715429561838e+02
8.508380338526586684e+01
9.458551272774261065e+01
-1.332861609117020976e+02
9.146262845299114019e+01
9.433179614562570237e+01
5.716903746021340105e+00
-7.743953061337410304e+01
1.556055025006026682e+01
1.387296242236348007e+02
-2.906488850004166480e+01
3.090330093946748846e+01
-2.469595830441224038e+01
1.410511138393407009e+02
5.233830537031452224e+01
3.830040335572400778e+01
2.981643203599691105e+01
1.256840446502977358e+02
-1.039522372378387516e+01
5.133808079426780324e+01
4.090582615524190402e+01
3.427098819912841776e+01
-1.703533266164601878e+00
-1.644605169739256212e+01
-1.490467704595283394e+01
-2.461933917926255599e+00
4.185050326726106995e+00
9.325544467711443630e+00
2.523966529125922875e+01
-7.001990433673793701e-01
1.648804284134433695e+00
-4.455632192438434913e+01
2.838880331511669741e+00
3.373536239108283485e+00
-4.886495411429822022e-01
3.114790729817238923e-01
2.261722960128386362e+01
-6.939624698459821772e+00
-9.183470908288240864e+00
5.923082030037454615e+01
5.919977490664903641e+00
1.385387376799648607e+01
7.481650192545910905e+00
1.209208286163246093e+01
1.197574076121393460e+02
-2.873849063606618515e+00
3.784431724909651251e+01
5.747533145953470068e+01
1.846991281459888512e+01
-1.079739656054831576e+00
-2.050499988839712628e+01
-7.037406507385668419e+01
-3.716844866685806181e+01
-2.948563870037945733e+01
2.100589866218816582e+01
-5.575899054765722695e+01
-5.342750512771110749e+01
1.118948996244207734e+02
-7.265762779085558343e+00
1.513739005949430094e+01
-1.780142977891192579e+00
2.288655147979931570e+01
-6.010294004542081403e+00
-8.487324407802224968e+00
1.381582070254253836e+01
-1.286429193483841793e+01
4.408839977194421778e+00
2.197385539881495098e-01
-1.331731183849498512e+00
1.502994546944793974e+01
-5.840821674189418111e+00
8.415456616588663508e-01
-3.048186797151887895e+00
-2.158107844645476447e+01
-2.865688339788957961e+01
-3.184786532162460215e+00
-6.867774876160883224e+00
-4.030467481660813434e+01
-4.097562658125244894e+01
-2.956351724475854148e+00
-2.680976566045497833e+00
-2.294929590728252145e-01
8.276910986330454989e+01
-3.000800182807426708e+01
-8.601919575915351857e+01
1.337144230995636818e+01
8.864831027886292958e+00
-4.977212589930881137e+01
-6.315644593995951084e+01
9.495644325758456716e+01
2.625721644443931524e+01
3.674227442062743432e+00
-2.277779052491339229e+01
-1.371718565608545681e+01
-1.149079896465500639e+01
-2.155472509021171490e+01
1.019082712111792688e+01
3.013606441707338490e+00
-1.051035363991526417e+00
-2.662694064345525913e+00
-2.651968210025789752e+00
-4.763780354625603564e-01
4.863355046724296749e+00
3.874479163701414564e+01
9.340460838299380342e+00
-2.102589033644979732e+00
4.942525566165030249e+00
6.118147722442525094e+01
1.464462796332094996e+01
4.320753098636629375e+00
3.067976776281283335e+01
1.526996434861197542e+02
1.000531914400270495e+02
2.309766040949049426e+01
-2.833539264099643518e+01
-2.575543175502367532e+01
7.421206034300909948e+01
3.026705783881056266e+00
-4.300199849055157952e-01
-2.263569403682839365e+01
2.636610457039317978e+01
-9.568809126188988490e-01
-5.863707474806232334e+00
-4.744957102826705864e+01
-1.906534013815781066e+02
-1.386399670156465369e+01
-4.600647529830845883e+01
-1.711756016433997729e+02
-8.327688331791679843e+01
-5.850383224982175534e+01
4.825112470390022423e+01
7.110621606659642602e+00
3.584129629665477879e+00
4.407182386438834243e+01
-5.159835878742490500e+00
-3.882428286657113148e+00
2.927374883657619442e+00
1.307051371546820917e+02
3.939079968453710734e+01
-8.499695390609055337e-03
1.401505680201035808e+01
2.825000958753551004e+02
3.155862812575367116e+01
9.775351907881850266e+00
-5.929656905219726326e+00
2.808218669290348757e+01
4.337869949096030964e-01
4.392535160795602245e+00
-8.114459183838205192e-01
1.192531965629839590e+02
1.524733031255370719e+01
-2.936502184125709403e-01
4.932973537070876269e+00
4.006909626565609450e+00
9.755373665192982102e+00
1.063485067551171959e+01
-9.403315696846683558e-01
-1.641166693961011092e+01
-1.930995785690081590e+01
-2.120463342291126541e+00
-3.882435213512951844e+00
-1.157714180257679715e+01
1.875482008226940556e+00
-9.390602412845465707e-01
1.989509863169745429e+00
4.313021782947130123e-01
3.587883965576960765e+00
6.208258672464113115e-01
1.771960770622061254e+00
3.549844332924546375e+00
2.342303882828400408e+00
-3.559759548371210780e+00
3.337907179163502214e+00
3.014044283898113186e+00
2.078725246607202592e+00
9.150101158685037817e+00
-4.331502095870647939e-01
-1.059248198262746188e+00
-3.290527490623514240e+01
-1.211902670072879928e+01
-1.138317816959523832e+01
-4.657632187786483513e+01
-9.976305596222045935e+00
-2.641201758032824642e+00
-8.366732509720627320e+00
-1.114208881249706451e+01
-1.726249807984016504e+00
3.048395816559038796e+00
1.579609010572242234e+01
2.030323852829094111e+00
-5.980897533795602961e+00
3.556254299143041808e-01
1.090132427004482096e+01
7.963344654007637580e+00
-3.794747226055900646e-01
-2.054881263649590561e+00
3.492707710928364961e-01
7.490931945063449282e-01
-2.830293078537533979e+00
-7.352452633170932117e+00
-8.477003741971158579e-01
-1.686992606542528472e+00
-4.699262433283148965e-01
9.318507785947804933e-01
1.043859856474538894e+01
1.384203857261027792e+01
2.123197669162528278e+00
5.664838586175766189e+00
4.072808308128909260e+00
9.473925410854082685e+00
-8.412621003007744847e+00
-4.073931729633406462e+01
-4.461098351283401264e+00
-1.205104863526703696e+01
-2.894556476375444731e+01
-2.707778828726672415e+00
-7.722439369241541618e-01
-1.707524482015271872e+01
4.107280457931904993e-01
-2.080920562142096752e+00
-6.108631055868321447e+00
-5.820250956016116817e+01
-1.201454000201183590e+02
1.624582556997006009e+02
1.572388306461955381e+02
7.460347772554072776e+01
1.241629587810678714e+02
1.835588808461393739e+02
1.868722138291991826e+02
-6.923912454494791291e+01
-7.092901560845479736e+00
2.214474906408061106e+00
-3.034926525060472891e-01
3.492452311035803447e+00
-8.810451747897464492e-02
2.528062539397867292e-01
2.877386803682151495e+00
-4.597798748343030262e+00
-1.754030904268540247e+00
-9.696299901625433648e+00
-8.669696494468924541e+00
-3.130080062554914999e+00
3.508507275770278433e-01
1.924555359801537024e+00
1.455461815020056227e+00
-2.876291609232974333e-01
8.745614430480697976e+00
8.933606865172723843e+00
6.270200942022205126e+00
6.918955722926987129e+00
3.020138584490321687e+00
7.985532786066056321e-01
1.891788592556298054e+00
9.238875842853782050e-01
1.947082660692723266e+01
7.626821413065393074e+01
3.254854912988287197e+01
3.870103604603070124e+01
1.945837931491459116e+01
8.198981171522133593e+01
7.585293840315175373e+01
9.271210776331374248e+00
2.647321128554169434e+01
3.886845148596259492e+01
2.908562021180922557e+02
4.074500462459455719e+01
-2.509569664254638255e+01
1.537511015205261877e+01
3.482862531939968864e+00
-3.163000160261593052e+01
7.840534321699835774e-01
-3.353378924437420583e+00
-1.768549283807620398e+01
5.458143373052456448e-01
-2.533890875890679339e+01
-6.892623848714383605e+00
1.641687390056960849e+00
-1.670276958029426595e+01
-3.967133499742661051e+00
-2.034535744830644699e+00
-1.276933813950596186e-01
1.425015615600085939e+00
-1.473825161202869882e+00
1.024496973515074405e+00
3.148284373461216479e+00
-3.809477183343182305e-01
-6.249724784347615580e-01
5.268914652224211403e-01
6.295153894103356906e-01
6.444731254458263559e-01
4.158668214649553718e+00
-9.034408233375508246e+00
-5.935741048530419839e+00
-1.170565782297042334e+00
-3.483865829634541278e+00
2.001925819297250442e+00
-2.763089471781437378e+00
5.406746612833109727e-02
-2.570322215666170362e-01
4.733357323424818297e+00
1.603103096444386111e+01
2.648654140023149584e+00
1.475098925472059896e+01
-4.649705903341819768e-01
3.407490067817026819e-02
1.015212949388117813e+01
6.238149281138249957e-01
3.589349436055049747e+00
3.564819561102111400e+00
5.572586502586565071e-01
-5.922533263382860724e+01
-1.059156596400904533e+02
-1.054858609720984930e+02
9.157480078455441230e+01
5.995779559950481996e+01
-1.214936437261200268e+02
-1.217911451734717048e+02
-7.667585352888259820e+01
-3.336198857592632905e+00
-1.701779268854534877e+01
-1.692781811388510604e+01
4.006240651391043883e+01
2.841876963780554632e+01
-2.248090371781027130e+01
-2.258608862488233271e+01
-1.008341513665312483e+01
-2.854942068962467516e+01
-5.860034498616457199e+00
-1.050935918155945359e+01
-2.744895764773142233e+01
-5.604357459020033794e+00
9.937905383347712951e-02
-3.843881631473718752e+00
-1.570744001115460975e+00
4.645628195900351365e+00
-3.551120020579820569e+00
-1.319088455590370934e+01
-2.345666549595072592e+00
1.451256865673935303e+00
-2.069042720813325076e+00
3.853989748438650942e+00
-1.194205232973139985e+01
-1.215640469687172320e+00
-1.456183586988059275e+00
-8.730857445782874010e-03
-7.838640348470511388e-01
5.140690876445583868e+00
1.407134713322047759e+00
8.873248347651339074e+00
5.047400694928231957e+00
1.741942244672668227e+00
-2.980810829165414511e+00
-2.104594024963758692e+00
1.154580487844684145e-01
1.307956559537664765e+00
-1.563967227588070763e+01
-4.829976438733151189e-01
-1.271223290442835996e+01
-2.155881451858568720e+00
-2.633782381322690380e+00
-3.556614391451308865e+00
-6.118253281323590143e-01
-5.725845968515858253e+00
-5.645991171003558406e+01
-1.260874780474834544e+01
4.774821486633719303e+00
-3.169640242486118975e+00
-1.318352858852675880e+01
-4.350707754070122490e+01
-5.883401485617010263e-01
-4.995135966043003606e+01
-2.769231673483088230e+02
-1.694781693082539960e+02
-3.898540929122751919e+01
3.804708165006912424e+01
1.625538505538014178e+01
-1.517821941180569922e+02
-2.273679780699616515e+01
-6.216969765991575692e-02
5.603933585007947471e+01
5.420573696853564494e-01
-1.335953394068477564e+02
-2.779339468490905674e+01
-3.605605311673799633e+02
-2.288159620926964166e+01
-4.141589195628527165e+01
3.341459652540763603e+00
-1.659474508126598096e+02
-1.403982032885036979e+01
-1.818625482710275465e+00
7.362031466929640722e+00
1.908227913844958046e+00
3.146217248376374509e-01
4.231192710079421992e+00
-6.409004857631019902e-01
1.325293909228583811e+00
-5.488159973918243395e+00
4.894348210518269404e+00
6.556139874561378589e-01
3.388093523157294229e-02
-2.634600331240399274e-01
1.220347340048718865e-01
4.136532659408285184e+00
-8.252565054856889626e-01
-5.720605275611791996e+00
2.327525178908884662e+00
-8.018525709777462041e-01
2.561734384702412992e+00
-1.076100003002300687e+00
1.716020915248751777e+01
1.490492800076462343e+00
-1.187848300797737844e+00
5.886216958814502576e+00
7.922383244341467678e-01
-1.984999928421452120e+00
-3.953458699179518199e+00
-2.545510068716193341e+00
-4.201859061844074539e+00
-3.948406184388463913e+00
-3.961253006298397938e+00
-7.725140484824978948e+00
-2.269184004581314085e+00
-1.306806614289356849e+00
-3.043220837925388444e+00
-8.346590761681046189e+00
-2.447738512483109474e+00
5.032888547059577444e-01
2.800645962749198858e+00
2.306444043925540299e+01
-1.215346228378003213e+00
2.341460431095539363e+00
6.659536612574662229e+00
1.714404795091089184e+01
3.497668884394337852e+01
-1.299405146255923738e+00
6.768095129337130977e+00
1.082822555666848485e+00
9.221331269776943884e+01
-1.176350832511072397e+01
-4.641789126420519551e+00
2.216006359487186117e+01
-1.106407925256486280e+01
-5.290090571801926711e-02
-1.308017337957198656e+00
-1.644030016640039005e+00
-2.956168070429212591e-01
1.277448625079549815e+00
3.257000639804847886e+00
-9.494052602099921856e+00
3.073489568652586559e-02
-9.462446339172201348e+00
-2.254142153675749771e+00
1.604320379192595070e+00
-1.136737895734743903e-01
-1.021467202441373878e+01
-2.802155512787151206e-02
7.942534009450254173e-02
-9.884277821907842210e+00
-5.273789319330439707e-01
-3.273749171151966397e+00
-3.318254176170889913e+00
-4.786088566500314445e-01
-6.708993223439080111e+00
1.076069078407280166e+01
1.079097561322273968e+01
6.459248611313459953e+00
4.646132805590959869e+00
9.179391471554541937e+00
9.140510962378897375e+00
-9.946666195441514091e+00
1.179321250653512720e+01
-2.448655880015077457e+01
-2.454463295082164365e+01
-1.551719177114470760e+01
-1.221266085363929577e+01
-2.145318577177718211e+01
-2.136701615356460238e+01
1.778604198017141513e+01
-2.602319924798251805e+00
-1.373658435296464475e+01
-9.736080874669638119e-01
-6.045082942710604534e+00
1.250088012786236380e+00
2.775254107047277596e+00
4.068670431460457593e+00
2.114427404420614209e+01
3.329321578623343925e+01
1.108938809708049789e+01
-4.075503658258262440e+00
-2.778842216570187773e+01
1.618504222572918749e+01
1.106683781463416594e+01
-5.129232026278931755e+01
-1.277038341349219408e+01
5.170187329144417809e+00
1.516574912161823079e+02
3.994345852916987951e+02
-2.519395299992302029e+01
4.052999525266022474e+00
-1.636506086504642354e+01
6.526364852913600600e+01
-5.653412895057935650e+00
3.097446178551169993e+00
-7.643620279877580970e+01
-1.530443554325759408e+02
-3.816893243815526748e+00
-8.583078735165090123e+00
-2.501951665934028313e+02
-2.705368683699005601e+02
3.930499053829928613e+01
-6.926079080601405735e+01
-1.815967207580696652e+02
3.068077833712007774e+01
-3.112258785066752509e+01
2.725814014611803771e+01
3.285134666726572394e+00
1.153830191484617274e+02
2.470480777876160232e+02
-7.584489595455194433e+01
-2.743968452513477132e+02
1.745018084159018201e+01
-3.736868656063992233e+01
3.668723687615576523e+01
2.254353556030183938e+02
1.225643740087701019e+02
-9.913245977352117677e+01
-7.511351268964136518e-02
1.863693723053794926e+01
7.157126455451301439e+00
6.196567488907390731e-01
1.947469961095932012e-01
-2.117966836094229777e+01
-2.275295001271297579e+01
-1.383865411318963359e-02
7.002591775269002762e-05
1.701523824564342746e+01
3.173403704521178259e+00
-2.539709253747748363e-01
1.251891878158527538e-01
-3.106156205088719702e+01
-1.192854409241640745e+01
-1.032761248149365763e+00
-3.419619974140196028e+00
-1.473525008127316793e+00
3.168060719116255974e+00
9.753199927958157156e-01
-1.002389521259364979e+00
-1.446891723935558316e+00
5.699366623564935175e+00
2.455875013544259744e+00
-2.361493483412463590e+01
-1.041451191641930407e+01
2.941155951317381323e+01
3.510910464407884035e+01
-2.607259903910798471e+01
-4.219419876203428288e+00
3.935822472353018497e+01
1.735751986069445607e+01
1.023424087711421793e+00
4.130223016644543321e+01
-1.607801590623717303e+01
-2.930571757061173344e-01
3.528711148044357260e-01
1.515549694634421130e+01
-1.454105510822925496e+00
-7.784234418865543148e+01
2.580329812265839706e+01
-1.662944986590306939e+01
9.017874902053886199e-01
-2.321345500312318322e+01
2.005751364748039123e+01
-1.868051428685893711e+01
6.032507626743296925e+01
-5.584085817175269209e-03
-3.363905865039086507e+00
-2.097615400134088048e+01
-1.507581956533183554e-01
-7.280713409493764221e-01
3.283492839335620417e+00
4.526521454924973042e+00
2.769464707031812978e+01
-3.064853219818494123e-01
-1.614045188594564334e-02
-3.829495250277808460e-01
-1.584294571980863875e+00
-9.544715092064570694e-02
-2.234654844114606576e+00
-2.209736783725632758e+00
-5.792177733617441017e-03
-9.245931961600700744e-01
-2.087707637783070003e-01
-1.634557698723494990e-01
-9.592914994631802639e-01
-3.492319628625954664e+01
1.995687835406841870e+01
-2.221543630830035099e+01
-3.505616433006531452e+01
-3.898152946373818395e+01
-2.605759204958456365e+01
1.279260578420810468e+01
-3.890782819350587118e+01
-1.822075938880023216e+01
-9.344828358073822727e+00
-1.651501437254655613e+01
-1.827275896288059798e+01
-1.783638456250572091e+01
-1.500574930316445510e+01
-7.122111692844618425e+00
-1.784448275349103952e+01
2.180703484950204896e+01
-1.632466365482454407e+01
4.816163810863028694e+00
2.071298667386751191e+01
-2.654691286890591861e+00
-9.083902534110003257e-01
2.390032228414918081e-01
-4.866860249958158136e-01
4.959620479589849621e-13
1.572611342388027753e-13
7.531206359181941522e-14
-2.612012087081950661e-13
6.874192735860066295e-01
-9.218434885314129301e-02
-4.983961697884484177e-01
6.231135763427111396e-01
-6.294913426727228841e-14
-2.452027824016749187e-13
-5.333686236030376811e-14
-4.750519601823784373e-14
1.266223853161700941e+00
1.916768416226345639e+00
-5.142456989487908639e-13
1.570507203664025088e-13
9.478868571772010032e-01
-2.917494930284192933e-01
-2.462886751366658944e-13
-5.196368546053716755e-13
2.136009456373831483e+01
4.802331266857019720e+00
7.570051455846213528e+00
4.310900088128860830e+01
-6.381739291508027989e+00
-9.975577539555451345e-01
-2.090501014267429181e+00
-5.835390692535099788e+00
-1.044734709277890161e+01
-6.837785181376798249e+00
9.817100580637279084e-01
-6.254475429995166813e+00
3.428583531171605614e+01
4.775422317683491791e+00
1.393662423416494001e+01
4.730381994277489355e+01
-5.028649061059942582e+00
1.089379302859589727e+00
4.473278793665551589e+00
-6.326411114298848837e+00
1.489223640065522547e+00
8.273342328927102071e-03
1.071311996721345805e+00
8.046114308591094666e-01
-5.751005050483904313e+00
-1.396392488830938206e+01
9.744088699815238730e-01
-6.577981394127803583e+00
-1.430354093272686100e+01
-7.077585661335438205e-01
-2.933613694951929252e-01
-1.470773232562079968e+01
9.420524914486586576e-01
1.136556478269047332e+01
4.116725862567945926e-01
3.171786473043346266e+00
-5.988301231325753093e+00
-6.076794306135615997e+00
-1.682842992249908676e+01
-1.070072693695817811e+00
9.018708066297644876e+00
4.161300778044005888e+00
-4.492771102633924585e+01
-1.023882523245061194e+01
-6.247551499911100592e+01
-3.787297958810977860e+01
-2.474046280278576546e+02
-1.693214699475920497e+02
9.037245046343246324e-01
6.000303275449488893e+01
2.048149731731059475e+01
6.524383289174300771e+00
-1.139077843819604574e+01
-1.008276467873916147e+02
1.789741089255461404e+01
-7.298676813840079824e-02
9.252289578110474366e+00
7.721206724066915328e+00
-4.523622776375100685e+00
-9.956789004684340583e+00
-1.118349466220262372e+02
-5.907895575798318077e+01
2.665395056760467014e+02
-3.044577359270597583e+00
-1.699619290536058258e-01
1.985508765579310975e+01
3.282279213442253507e+01
1.568556915615252345e+00
-1.041273583299715255e-01
-1.181084962722677574e+02
-1.107053289259372164e+01
-3.428540213758334704e-02
7.320831244192312903e-01
-2.445318045510258109e+00
1.348621168570473650e+01
1.118816781589096587e+00
-3.098764335236504408e+01
-5.214701702893188440e+01
2.129267149353703701e+02
1.373301146442248033e+01
-8.965217186238058078e-01
-1.349487868592620110e+01
-3.868749172178587514e+01
2.364994982021541237e+00
-5.352195250717186603e+00
2.064825669051023738e+01
1.034923806246490585e+01
2.046830641577954779e+01
-2.123854175424901847e+00
1.716062491543197455e+00
-4.151258624942043340e+00
-1.123790172320991232e+01
4.786272719659840913e-01
-2.011587631282843347e+00
1.085956699394542202e+00
-1.485420858099420482e-01
5.578909665882436641e+00
1.311023879424025429e+00
8.060951372967846140e-01
7.175717944423782413e+00
-4.047002416404643199e+00
5.964606949926650081e+00
1.187668207383803853e+00
-5.109871493408403964e+00
-2.303597932068544463e+00
1.576418381807457747e+00
2.797177673183961932e+00
-1.641647173027563023e+00
-2.642466654627963152e+00
-6.460806775666428914e-01
6.453913580824509610e-01
4.757670627360099935e-01
-8.568606833179785026e-03
-3.310088389242072271e+00
-3.214483363428389140e+00
2.287158983438130483e-02
-1.018163817798605875e+00
-1.515884005244588495e-01
-1.354492559891535830e-01
-1.027762183503465820e+00
-3.510185727892113050e+01
1.598298724298927809e+01
-2.246174805522073825e+01
-3.518224503086862143e+01
-3.090250290682666900e+01
-1.794027033473017596e+01
2.421333366729801639e+01
-3.077958515086048408e+01
-2.409714897535260469e+00
-1.525852897920185303e+00
-2.159818884238555281e+00
-2.406951126587877798e+00
-2.553851149992360181e+00
-2.483733660946851884e+00
-2.024843651466441852e+00
-2.547179346485718199e+00
-2.375026026000568447e+00
2.128223023258382363e-01
3.390892908051920340e+00
6.611889166238790416e+00
-1.074121875743191179e+00
-1.049192315683815435e+00
-8.781524420374858808e-01
1.041620797391006770e+00
1.950942970493755091e+00
9.892901747549794678e+00
-9.011244354829800463e-02
4.605149119634737609e+00
-1.965251760724474828e+00
-4.134463443199250854e+00
-4.046520004665066228e-01
-2.468105889091491534e+00
-1.706945659765868095e+00
4.761616271806747847e+00
6.403504773359969704e+01
9.123055254831738736e+00
1.911034958438384734e+01
5.875944887278664908e+01
4.489089866524033710e+02
2.865977157792772800e+02
-4.834408888106326074e+00
-4.777752370316038366e+01
-3.469229574059109922e+00
9.572927772369357879e-02
1.870644628175596225e+01
1.361823611369416938e+02
-1.277433491132825338e+01
-4.443175481461254794e-02
9.306790808604020526e+00
-2.185836489493068413e+00
1.102456177368911217e+00
1.601376350009260818e+01
6.531158438783548092e+01
5.908389239673419446e+00
-3.862128947401328674e+02
-1.075433158316309878e+01
-7.588705449802131131e-01
-3.167296548775627940e+01
2.896795242155653760e+00
3.567451627892756494e-02
7.826013779758318467e-01
1.891118123539409055e+02
1.315055776298370915e+01
-5.788297767922324227e-03
6.642382290858655836e+00
-8.044424159977918709e-01
-2.661080586561962136e+01
-9.576495379048907131e-01
4.421627033984822930e+01
-5.024154581065760183e+00
-3.382411911344096325e+02
-1.473254511816618617e+01
1.181047360116645351e+00
3.986892000453234886e+01
-3.888057713767286927e+00
-6.674262687471856026e+00
1.043066468866994612e+00
-2.789532875613573282e+01
-6.421826587960880772e+01
8.643701561807870348e+01
3.029571372024806308e+00
-4.312951167680459434e+02
6.109791279697033950e+00
7.665953890458411524e-03
5.688353015595988893e+01
-3.068905714046325617e+00
6.023853553522238826e+02
-5.050051711405508570e+00
1.787533990684753438e-01
-1.911892603790829526e+02
-9.118030730355856761e+00
2.660385253267562658e-02
2.638824628019546736e+01
5.481158365417793554e+00
2.745174824041322381e+02
5.061598372045378547e+00
-1.640348072792519574e+01
-2.234944700530550943e+00
-2.452353718319629561e+00
7.659971904316257962e+00
2.916504321571698366e+00
-3.116161552406599908e-02
-1.690242204790877445e-02
-1.799838685894860735e+00
4.175165098436907130e+01
8.904496744910038730e-01
1.386198236859139232e+00
3.213339773915433284e+01
-1.033696361951640519e+01
4.707287978185104201e-03
-9.663745756803896955e-03
-1.389094706609714791e+01
4.395857246719560152e+01
-4.823681087513443266e+00
-2.917398842745946297e-01
-2.960144107977592043e+01
-1.320563513175682679e+01
-6.699100605669020547e-01
4.409877109706439313e-02
2.037629285659095846e+00
-2.817585555574099399e+00
-1.028709295106064112e-02
2.200939188625686782e+01
1.116516767611933414e+00
8.476204450260775403e+00
2.887498862463513949e-01
-6.629876527848902867e+01
1.067121656615268677e+01
1.841476116780202954e+00
1.903873627353050040e+02
3.095800039663094694e+01
-9.582226332976618854e-01
1.385510263718429426e-02
4.032100340263390370e-01
1.176682644145975019e+02
1.129576884604684084e+00
7.175141451701865236e-01
-7.972600392094750532e+01
-4.970074652281466498e+00
4.901528695165881244e-02
-3.069126861303746789e+00
-3.173122712254482281e+02
-5.159666732772014086e+01
1.597037722161316342e+00
-7.967231102649853369e+01
-1.198745532338622333e+01
-4.361759611752618615e-01
-2.472307474925505133e+01
2.856446495225488391e+01
9.474672197458137157e-01
1.327871850441273409e+02
1.997909220564570987e+01
-1.060631778031027324e+02
-2.255602731399110894e+01
4.583822604955461455e-01
-1.316151259447257189e+02
4.438239865783987881e+01
5.081797440423571288e+00
1.767719630051435900e+02
3.759337885665200218e+01
-1.196746228480395047e+01
3.631499216165099142e+02
3.210826631158262501e+01
-1.075856899036437886e+00
3.570768500263574174e-01
1.651272854590937755e-01
1.940087762097494917e+01
6.199332708739336617e+00
-4.436654413350033188e+00
-1.691928785634956967e+02
-5.661521670297237740e+00
-1.532416328937981631e-01
1.851838100690343936e+01
-2.401770130440240223e+02
-5.302322266805274609e+01
1.012548419525965304e+00
-1.396476874593876403e+02
-1.090100619734398180e+01
-4.896094800218487308e-01
1.935007970328817706e+01
1.209285655557161654e+01
1.065674357813488182e+00
1.911181507879742014e+02
1.971686318423606110e+01
-1.960451937252900905e+02
-1.574932864323845649e+01
3.416035785768126720e-01
-6.771039811205172043e+01
2.445238172140194024e+02
3.912407554202804505e+00
-2.100623408868766546e+02
2.505653020083506277e+01
2.652783579396170155e-01
-4.801948135179482335e+01
7.733681082469683332e-01
-6.636109352933951266e-02
1.537724491808120320e+01
-5.175289422763621472e-01
4.603060608933126474e+01
-5.594873113659158959e-01
2.251596211500503841e+01
-5.943828959213092844e+00
9.630713671877819237e+00
-4.499430006389351533e+00
3.944991216718054972e+00
-4.118414550545209885e+00
-3.752660352502485352e+01
9.906381598696381019e+00
-1.169777365153811743e+01
-8.795007828592424914e+00
-3.860210332329181870e+00
-2.182756197215195648e+00
1.877843438846750201e+00
1.142954082824056750e+00
1.949628941923318948e+01
1.465834638098900555e+01
1.254823943411474296e+01
8.696506109191904699e+00
-9.772373227825914555e+00
2.898386934097385570e+00
-7.796645046777873622e-01
-2.792381089592745891e-01
-2.091373239018380659e+01
-1.449417684865459321e+01
8.020836733725630885e-02
-1.015880935654420192e+01
-1.455493205023832992e+01
-3.890667393729419637e-02
6.010679080741687316e-03
2.255883535391402628e+00
4.909304643052514461e-01
-1.022771694236143253e-01
9.289859893243580524e-01
-3.229420537535358626e+00
-1.627158687141905924e+00
1.626263958537290874e-02
-1.336806122266303021e-01
1.693134892756845034e+01
2.425822008372758987e+01
6.484445656291951132e-02
-2.164444686524062078e+00
-3.416328763944169178e-01
-2.944587934441616817e+00
-1.959629291282771524e+00
1.403094339383336386e+00
1.404569980025770715e+00
3.607407810877677257e+00
5.693881273240373186e-01
2.411155251447192782e+01
2.410164952145821005e+01
1.362512359411637286e+00
2.078824769134603123e+00
2.981123081386283236e+00
-8.250821760003480554e-01
-4.018592085745410003e+01
-4.016941586909433681e+01
3.814182386300840610e-01
9.146902125722842669e+00
-2.249268474270416540e+00
1.188757247706909159e-02
-4.087495787784186860e-03
1.697906697951771515e-01
-9.520022530396913263e-01
1.932513755578436077e-01
2.472991729959778118e-02
-9.539708882681364743e-01
1.253887971496386200e+00
7.187113384039149622e-03
-6.356970643832882129e-01
-1.524483687620549865e+01
3.748780790449679046e+00
-1.981262079514679517e-02
-4.987644014333649234e-01
-3.536003680693109996e-01
-2.103619304309008731e-01
-1.433157126856271946e+00
1.149344706013085249e+00
-1.726073894027871369e-01
8.312740023889703123e-01
5.893339467829913358e-01
-1.131339029673044827e+01
5.884371494289416304e+00
-6.610997223706672754e-01
3.048443009976503859e+00
3.301981160707591623e-01
-1.565670252755445802e+00
1.885565049455132325e+01
-9.807285823815609760e+00
2.842071260130064392e+00
1.221539255912074822e+02
-3.009374052938170507e+01
-1.352728352456141980e+00
1.107710604652344610e+00
1.823133620753558759e+01
-4.736785433551004232e+00
-2.035898759853671152e+02
-5.218563016779324215e+01
3.794596313560798961e+00
-5.335618117273694061e+00
8.697605027966605462e+01
-7.159512994391560881e+01
3.354575320229548652e+01
-1.646964399177744909e+01
1.193252165732074701e+02
2.861325756754733440e-01
3.277410875182568617e+01
-1.754195990701431640e+01
1.708214074745245392e-01
6.620826977050547235e+00
5.974815507874584597e-01
-5.967731799766814049e+01
1.628087367285918319e+01
4.863587713531829504e-01
9.881071664594175630e+00
-1.773928669913461320e+01
-2.097462519098982833e-02
-1.007200100362005468e+00
-2.532434320752569246e+00
-1.465378854951872256e+01
2.891950218921991933e+01
3.670245906657038648e-01
1.276369594551112652e+00
-4.872078066833010479e-01
-6.117076511091740221e-01
2.178979429759632680e+01
-4.234963313864493983e+00
5.204136422359656677e+00
-3.631632382931972813e+01
-4.322049541213331025e+01
6.864658937277750894e+00
-2.735831675176977118e+00
6.383216840089772859e+01
3.825109103494015983e+01
2.772368413522114494e+01
7.690423434148254689e-01
-8.133865364392491415e+01
4.527692057570674722e-01
3.994084236841550961e+01
-1.263950430473456876e+01
-3.150324635588209188e-01
1.330962682152686261e-01
6.625368484298295613e+00
-7.546153429282218550e-01
-6.656807061403031867e+01
-1.288278521931708376e+01
3.417477844512975871e+00
-1.299308815996627731e+00
2.147130869886411020e+01
-3.593669181350104225e+01
1.005930263921475998e+01
-7.458375332570777339e+00
5.989448635583917024e+01
6.069714124901677277e-01
1.916360851901779228e+01
-4.422971380334855951e+01
-7.694178764308245988e-01
-1.508601266509364269e-01
2.147624486071228489e+01
-1.011619020816944436e+00
-3.193934753171441443e+01
-2.858099104477797248e+00
-3.502049588061706231e+02
-8.134340612017213346e+01
-2.465696568752802909e-01
-1.033799262093013427e+00
1.128182975562383490e+02
4.763498507467078369e+00
5.836749313435660724e+02
-2.526513717556918692e+01
7.808477116617874358e+00
-1.053234457514438915e+01
4.210856195929223134e+01
1.350718145387089919e+02
4.135004463681149645e+01
-4.096864568040493992e+01
-2.251196908978172360e+02
2.998180860031719774e+01
4.204436777258850100e+01
-6.557525874715961933e+00
-4.996968100051599748e+01
2.427728333495533946e+02
3.395131885112030545e+01
-6.043662429132344727e+01
-4.046213889159176347e+02
4.808309775223020388e+00
-1.574011499042917350e+01
-1.707245417859004277e+01
-2.411281885941325864e+00
2.027219848421260906e+00
3.222017341455849504e+01
-8.243833522707676664e+00
-2.047983074233599865e+01
6.900786206979607762e+00
-6.566135493624238961e+02
-1.729687034471740548e+00
-1.396566417213695344e+00
1.366312105870510996e+00
2.031055275347383997e+02
-9.798144773985569600e+00
5.473766678455295960e+02
4.636948285064154796e+00
5.895676713825792614e-01
-6.896780335691567565e+00
1.168427364214961184e+00
2.013392975336786890e+02
-1.355213228501974676e+01
-1.927813937829150248e+01
-2.779515081232153193e+02
-1.496695798040485670e+01
2.706035146356828847e+01
-3.297990791897533569e+01
8.524225801418837989e+01
6.142173382582684553e+02
5.439453167992473581e+00
-2.758892045838676381e+02
-2.178066368974325258e+02
-2.587899106602397081e-01
9.262588022983296199e+00
-5.513203502298717057e-02
7.318637028729297356e+01
1.967093129676372953e+00
-6.704673320267107606e+00
-2.225415558399470228e+01
-1.239951699199088466e+02
4.673085999258361385e-03
8.938234425488159829e+00
-1.580685703617068505e-01
7.188436169117503027e+01
-1.908620784132076587e+00
-2.259517847055319351e+01
-1.061862563811441262e+01
-7.141577243501691896e+01
1.851314499001801783e+00
2.368340019234471405e-01
2.898957374119454089e-01
-2.822687669326958027e+00
2.733913454654060615e+01
3.724907834217159319e+00
4.087256197199118368e+00
-1.276661984052413956e+01
-1.647835560562009150e+01
-1.705097090124733095e+00
-1.757406518135517182e+00
2.029435179294387215e+00
-2.826204581362594936e+01
4.733187651030890564e+00
5.222005270970710100e+00
-5.408408365157374931e+01
-5.989215772673155413e+00
-2.059662247434192572e+00
-2.439855969801567603e+00
-9.052514167977323112e+00
-1.441921152005900986e+00
-2.011386767831144784e+00
1.782594260829248212e+00
1.493605438851250133e-01
1.934665726301954825e-01
-8.123237842148466337e-01
2.403201920009239156e+00
3.352311279718123593e+00
3.066093260336803894e+01
-1.013768947806155296e+01
-7.527188911019260686e+00
1.965507015528951573e+00
-3.209880270648485912e+00
5.167350943183109280e+00
-5.110155433894229304e+01
1.689614913009890529e+01
-1.456456891106276963e+01
-1.357510858613789928e+01
2.579131371499701508e+00
-1.707224981874384762e+00
6.010132345920790264e+00
2.738154193175774687e+00
2.116919988524955798e+01
1.592875957280969601e+01
-3.963925693178622112e+01
-1.684471571001514434e+01
3.816169553845520923e+00
2.454810802077157206e+01
1.570621747424415560e+01
-1.522159440064664526e+00
-9.619450961359426344e+00
3.708652726157306034e+01
4.699869589699231298e+00
1.097862847639018646e+01
-1.065717989304481961e+01
5.313552015282978214e-02
-4.776333638782555013e-01
4.856350867299134677e+00
-7.833115982825960444e+00
-1.829771412731863478e+01
-5.875128083980793114e+00
-4.316269077536386334e+00
-3.761273822339143180e+01
-4.520844891407350019e+00
1.723941286473194001e+00
3.184250935831879570e+00
5.552890444693572292e+00
7.373218595295615074e+00
7.956700902674688436e+00
-6.264573744956493107e-01
6.472865279641998315e-02
5.451768402530683844e+00
2.481660659140137071e+01
-2.679279258130269348e-01
-4.253467626051264661e-02
-8.750462011335585544e+00
-1.614348477566924567e+00
-1.510384320175965078e-01
8.155991914940572329e-04
4.933312408876925348e-01
-8.428597816050370284e+00
3.901735947669301985e-01
-3.735409356684045445e-02
-1.967782286363329636e+00
1.800034159610190532e+00
2.762017130125679620e-01
1.115431266198527638e+01
8.168557850665532527e+00
4.251894572001928552e+00
-9.329606723121819378e-01
-1.711200043665764881e+01
-8.388830388908337099e+00
-4.208637378261617101e-01
-2.130079459865425739e-01
3.185397048693297539e-01
3.122013114483465746e+00
-6.078535481964925324e+00
1.053734163909597843e+00
-3.002594772579244520e+01
9.003660081629202949e+00
5.112390987375745599e-01
5.444323279972933527e-01
2.431475568597196268e+00
2.359181034486456330e+00
3.192105599380874015e+00
-3.434132396752547778e-01
1.668264455443098271e+01
2.680388347306756347e-01
-1.277096283810285371e+01
-9.291664240760885152e-01
-1.332359634090512390e+00
-9.199447270039478042e+00
6.706913440463207365e+00
5.739150258948357702e-03
1.048791733996310566e-02
3.039844518175986554e+00
-1.880808444905779142e+00
9.606270654766507766e-02
9.756917574767001722e-02
-5.864646967934554311e+00
2.128493806350139650e+01
1.548610706793442482e+00
2.220599390150878705e+00
1.533241211673295190e+01
4.120448788462172551e+00
2.781460740757249805e+00
-2.566768003925345987e-01
-7.620500069851118274e-01
8.248145557416511897e-01
4.768165955801017541e-01
-6.867414647435691855e+00
-4.635767901262103585e+00
1.610863819162019439e+01
1.613783427135746251e+01
-1.147207402491627448e+01
-4.948818426860931652e+00
2.049317773158878531e+00
9.472716914830989765e+00
-2.684773031936392229e+01
-2.689639045226250502e+01
-1.260607094227107039e+00
3.442203246791724069e-01
1.562237692578291037e-01
-2.598983226755112241e+01
3.016166079583989745e+00
5.642397148179800412e-03
1.318650210059115965e-02
9.131399863811758166e+00
-3.771149521356813583e+00
1.818299195675820599e-03
-1.283659339807999011e-01
-8.760603970741145829e+00
2.101011823704997727e+00
-5.737005411305505787e-01
-2.603729487628230199e-01
4.331638711258346319e+01
3.094841373187598776e+00
8.293514753428837594e+00
-4.939887498953617673e+00
-1.305464125328146485e+00
2.643027761192260350e+00
3.000865085670867849e+00
-5.158068955308086956e+00
-1.382252458904769377e+01
-5.658780901059507151e+00
3.935141866239453634e+01
-3.028396077322788926e+00
-1.437587406173385318e+01
3.893165473568142687e+00
1.235940162262798481e+01
9.431301501766325757e+00
-6.558569777065129358e+01
-2.580416000492401452e+01
-3.494388216313047479e+01
1.100370012639146644e+01
-3.221524289418353337e+00
1.389341669698408310e+01
-5.995252469507495796e+00
4.300693334154004788e+01
5.823980360523197675e+01
-1.633364100306276434e+00
-6.410252627946031900e+00
8.154671733837991709e+00
-3.131768931318949178e+00
2.965885621908504799e+00
-4.064607437799898193e+00
2.722273500518035405e+00
1.068375437990912147e+01
1.959460678562903979e+01
1.349001682477800834e+00
8.477841288318854751e-03
3.492194003458394480e+00
8.679452609458129686e+00
-1.110331397358197136e-01
-3.265767797604552669e+01
-2.248336137463105011e+00
-2.914652257218565801e+00
-1.041026026839842133e+00
-2.919000017298674088e+00
4.857753762031815192e+00
-2.222223445258018160e+01
-4.511122972576726120e+00
-9.336620171159681902e+00
3.703705742096046549e+01
-4.250472599347769176e+01
-6.394906740187136229e+00
-7.747545256184883655e+00
5.435184887780336593e-01
3.193798251276283029e+00
6.887747729920297601e+00
7.784730430046658967e+01
-9.269486823306772649e+00
-1.331708605211955776e+00
-1.617939814646897345e-01
-1.010323467190994640e+00
1.599669474130055224e+00
-1.415660708248031030e+00
-1.606820229248869802e+00
4.968048827395798561e+00
-2.727668353240803256e+00
7.915315261644688682e+00
-4.481803848990218442e-01
2.832161624018368096e-13
5.376886226736870840e-12
6.283491675089230455e+00
-1.820369151470152951e-12
-1.421951782860412550e+01
-1.832013788395443765e-12
-8.274549257127846147e+01
-1.145213864831294837e+00
-2.933249547909785448e+01
-1.879907100457861588e+02
3.819822404436482088e+01
-4.793882507008311933e+01
1.158729999004629860e+02
3.053303428858156963e+02
-1.579655020640522434e+00
-9.424421124370554992e+01
-1.163659723425551525e-11
1.004760042308451260e-12
-1.070455553930492520e+01
6.733444072295804369e-12
1.760889478005941839e+02
1.452871308033057800e-11
2.687648390882043659e-01
-3.780442576893027251e+01
-4.374186515587513403e-12
5.151764811714828897e-13
-9.749850268374322670e-01
2.696153861387405105e-12
6.296315134452614615e+01
6.383991564837617900e-12
-9.955621301503195242e-03
5.024142746448029584e+01
5.245019723867654360e-01
-3.842209072972274653e-02
-1.785204103412444356e-13
-1.278547682214049837e-12
5.593107853083639008e-12
-6.479419515779853314e-13
1.871178500985389570e-01
-6.143322465081644701e+00
-1.624659672891052420e-12
3.287506899081049043e-15
2.305226824266925611e-03
-6.602605361671786000e+01
-5.629664493438310060e-12
1.009689504824527516e-12
-9.685076128084915581e+00
-3.281065088766189214e-02
2.208149598363937933e-13
-2.538026004524258255e-12
8.039670883145035862e-01
3.228022926869097983e-13
1.561432835708347966e+01
3.868211625918900183e-12
-6.934388434368503340e+01
-9.087524654831657944e-01
2.208863349401679276e-12
-1.346571101818774798e-13
5.306354279879349711e+00
1.945265489424332369e-12
9.135914983597889716e+01
-3.804427366198494427e-12
-4.591616476473084352e-01
3.239135328613696885e+01
8.008770076014805686e-03
-9.418145956882458198e-04
4.034454607235756319e-14
-1.187663735510941776e-12
-5.201737060168414060e-12
-4.612214763109831956e-13
2.562508805303839732e-02
-2.126360506480679202e+00
1.834906798255706384e-12
1.362099687074225030e-13
7.027437306283681462e-01
-5.152965095801640416e+01
6.781310635197788208e-12
4.049967202110942060e-13
-9.458098143843589156e+00
-5.973408002243279363e-02
2.903623468665435407e-13
-4.410150596694262132e-13
7.571423288249716776e-01
-7.759476934436153324e-14
1.587581933291116343e+01
5.286573363775595992e-13
-4.221576984714057090e+01
-2.059647083691775599e-02
1.484727055417716750e-12
1.120276945799802713e-11
1.005560545224034597e+00
-3.188563699755079830e-12
6.802752756058103500e+01
-1.475496446277693437e-11
1.466271361563353537e+02
1.353963114019487435e+01
-9.512577169005231426e+00
-4.609200166492080086e+01
1.790151289983349443e+02
3.690685319130787567e-01
-2.162919329945437230e+00
-5.301355266823939161e+01
-2.941981821049289891e+01
-1.669711939097818343e+00
-1.001173767726630803e-01
-7.531323460478996923e-01
-5.084768596774688620e-02
4.655017258380438755e-02
-7.316627923359557695e-01
2.230653227265060323e+00
8.994852654090262689e+00
3.647830758538910811e-01
-7.414368484074829180e-02
1.643281696554742322e+00
4.552400922935676419e+01
2.802302315871285643e+00
9.957611298957823598e-01
-7.762086528396167751e+00
-3.423610471937834632e+01
-4.812673983597133720e+00
1.430638740724091695e-01
-5.667339866683230198e+00
6.085289870380077293e-01
2.277157297835081529e-01
8.404633347415374489e-01
6.518693142907908689e-01
3.114743406353768407e+01
3.643717195324964325e-02
-2.391138348830493809e-01
-1.481981513907329173e+01
8.475702754007234319e+01
9.142675605777837333e+00
-1.907768033248142814e+00
8.325315481258116490e-01
-7.924098219608906923e+00
-1.525146734027362783e-01
1.061129144823363124e-01
-7.093511091240224387e-01
4.903303035082706174e+01
2.782853231828968266e+00
1.668622946211026081e-01
1.255220576745033512e+00
-3.136214345862447672e+01
-1.848761604819462168e+00
-5.910439826534812091e-02
3.094645587163861178e-01
5.706017453233061332e+01
8.021123305999463327e+00
-2.384397901192396307e-01
9.445566444473367795e+00
-3.755035093543585276e+02
1.468172023997950770e+00
8.028477382667295048e-01
-5.045703612867179499e-01
-1.834287727878108569e+02
-1.081583432268071299e+00
4.096485740193042679e-01
4.249222234114706787e+00
-3.574941700279058665e+01
-8.063309260512093957e+00
4.314954602632566083e-02
1.359510483210789467e+01
-2.330241967491359958e+02
-4.027803464246895970e+01
-6.221663996675544928e-01
-8.094916202014161399e+00
-9.358622921194529098e+00
-1.194647365481750878e+00
-2.727643350221273244e-02
9.101120536971704089e-01
4.926578816009379835e+01
8.641521854037891304e-01
8.518993026162079152e-02
-2.227400701402724614e+00
-3.943899831660298361e+01
-1.476332641179365135e+00
2.615226120029446114e-02
2.335951407338172814e+01
8.828468966484972213e+01
8.164389382345520474e+00
-1.016318857424092892e+00
-1.605490769532462991e+01
1.661984302547000425e+01
3.210533462675672634e-01
4.632747665402796855e+01
-1.775133958464029149e+01
-8.303911564831720327e+00
1.068370700638587145e+01
3.510842162863869476e+02
3.048312677362106271e+01
7.784482733779644725e+00
-1.154368728769837560e+01
-3.944966670719421700e+02
1.174147395415372586e+02
-1.874065825499179283e+01
1.317016208502308938e+00
-3.320777403282397131e+02
8.971148334424232473e+01
5.784530620865944162e-01
-5.876305322425645628e-01
1.430084628205748487e+01
-6.023293784967151954e-01
-1.569978745086346628e+01
-2.613545125890962773e+00
-7.739672418041426738e+01
1.008855990620921084e+01
9.318741585968036034e+00
9.336634060595868289e-04
4.989941609748684215e+01
-3.363824719236900052e+01
-6.506962726921183560e+01
2.292662671577524591e+01
-1.798587747792758194e+02
2.065716952461224309e+01
-3.692155268093078035e+00
1.930993255946988008e+00
5.958236167128647764e+01
1.343884876752033364e+01
3.676792328172108171e+01
5.999196036066975601e+00
3.883736612484510715e+02
6.713005773744922067e+01
-7.308635385227282288e-01
7.260077936760958583e-02
1.559770486865476613e+01
1.991078942470078106e+00
1.073874686237537901e+01
1.237197272978289853e+00
-8.210964693349335164e+01
-1.440253642338129803e+00
-1.200055243620034773e+01
5.173995788292716780e-01
6.573166386099551062e+01
2.460554401964522242e+00
6.435950922995934320e+01
-5.586369054374039633e-01
-1.471411494414783192e+02
-1.360731563724416127e+01
4.281736626270052426e+01
-1.592762936911362726e+00
5.521415970126793127e+02
1.226418038977386438e+00
2.243506867033594787e+01
-8.579318409659200673e-02
2.663209262513826161e+02
-7.416938519234760996e+00
6.391587856944790502e+01
6.564755106401005236e+00
-2.443785602605820486e+02
-2.256605190032720643e+01
4.716407656433382556e+01
5.027413029800893440e-01
-2.983585483305585626e+02
-6.151142198545641593e-01
2.911495572927666142e+00
4.813592579582386122e-02
-1.499142109014933055e+01
-6.079717930894377176e-01
1.231409749150079058e+01
4.164329096961039700e-01
-7.587334871561023419e+01
-4.670503859785227974e+00
1.432201820047711216e+01
4.706467648139915916e-01
-5.191239010590078351e+01
-6.072861992234106915e-02
5.005499222183735242e+01
3.259796985042161310e+00
-1.412617125668444089e+02
-1.523779267630311729e+01
4.804802303283018716e+01
2.365548658282373706e-01
5.626072262657895635e+02
-1.751827444442573212e+00
3.680729508120389681e+01
5.831906913953526228e-01
2.784594541149613747e+02
1.834935516320142845e+00
-1.307236317911123713e+00
-2.769973837577916953e+01
1.023993459481235746e+01
-7.721246108999119429e+01
-2.161517270792849743e+01
1.383985260806853823e+01
-5.247739266297423200e+01
-5.851403604771467144e+02
-4.142416821276226346e-01
-1.297413788960779613e+01
-1.115651572416941235e+02
6.574944451199195328e+02
-4.789666367005369629e+00
3.123443042499306799e+01
-7.345091569817941490e+01
5.534629005470660559e+02
-3.970768982469333741e-01
-9.640884368105858693e-01
1.039370902428220500e+00
-2.383474380342390830e+01
-4.042373516919133714e+00
2.616631241810324582e+01
-1.718794418311809835e+01
1.289945403007059781e+02
-6.329687581215938108e-01
-1.553123597661134170e+01
1.639974392204149467e+01
-8.316569349579226866e+01
-2.082349880406329845e+01
1.084493787820269830e+02
-1.016895282823923026e+02
2.997646246322203183e+02
-9.150865206146688635e+00
-5.926010170238376418e+01
-6.202010884817428860e+01
-8.289143247767916591e+02
-5.888290962925410987e+00
-3.086155736609397593e+01
-4.878068574660569823e+01
-4.142393144039948538e+02
-4.834819870767890215e+00
2.195523319242266291e-01
3.427635148299198933e-03
4.411085012834399244e-01
7.368614701625769703e-01
-3.732978962245409038e-02
8.058033117946369117e+00
-3.659205532065828437e-01
1.983472058966458951e+00
-1.639930971449061081e+00
-8.512525915580497482e-02
-3.305786764943613676e+00
8.236961556718931377e+00
5.144234500445775682e-01
-3.478145107827016469e-01
-1.372826926120001545e+01
-1.233558904327565813e+02
2.077525928579462544e+01
-1.467868795878062116e+01
2.055931507212746112e+02
-2.872077450213321015e+01
1.131151928093907522e+01
-3.807330805369962157e+00
4.786795750355781109e+01
7.679714870593168996e+01
3.332134716214715464e+00
3.133178500762813883e+02
4.888749246516724156e+01
-3.039354457590898306e+01
7.989804178347810648e+01
-1.066876116450105201e+02
-5.088839048096525630e+02
-7.164537085909365111e+00
-2.706940889448813170e+00
8.436333208453987709e+00
1.808931625958920719e+01
2.855120889440595988e+01
-7.893420508903754573e-01
-4.111214213984465182e+00
-3.933342483575543014e+01
