-1.475763969004510387e-02
2.132802427374697607e-01
-2.460255324438723884e-02
3.920050577388913167e-03
7.935832898635879554e-03
5.488818332279166330e-03
-9.606022377949870183e-02
5.751898928078257554e-03
4.924752372708244424e-02
5.510966760563618116e-02
3.692815319528228724e-01
2.570554059380569800e-02
-1.801546383654303168e-02
-6.886978769594534477e-02
-1.954928739926174719e-02
3.326416222961349756e-01
-3.233436677081673316e-02
-1.516540886550007405e-01
-1.207706982373587873e-03
-1.041479317826854434e-01
7.961817528682062911e-03
1.701185344827884586e-03
-3.516551724139782564e-02
1.449504731265452114e-04
3.434571831806455117e-02
-4.038326149417079472e-03
2.377537704283631673e-04
1.462191254704479915e-01
4.148784532758901101e-04
3.979266859358286668e-02
-4.809189206428542834e-03
-6.003550999720914660e-01
6.266896551709917607e-02
6.632920423347151654e-04
4.675378938526116024e-02
3.486894251953775049e-03
2.074783310918701940e-01
3.977734480464097805e-02
-1.726115793438254623e-02
3.194077375612078967e-02
-1.134909981943033573e-02
-2.137076073575121596e-02
-1.720097265695642169e-02
2.881411085031701513e-01
-1.777218893934760791e-02
-1.359655658266077649e-01
-6.883656908025158339e-02
-4.783782151342761968e-01
-3.677857226365521121e-02
2.139388814993299984e-02
5.670129791728657082e-02
3.033772466991473127e-02
-5.085708861794627778e-01
5.317403562685371621e-02
2.867856437141267367e-01
-1.428502268457660946e-03
1.364460928947973384e-01
-3.399922772983809266e-02
3.897808908047853491e-04
8.881609195405220161e-03
3.634982530538099707e-04
-8.637613420163259281e-02
7.214996408038335321e-03
7.768176729048781532e-04
-3.975575443212593374e-01
-8.970396970473607781e-04
-7.301942266755870325e-02
-1.154486637692895808e-03
1.289963228094172853e+00
-1.160057471262981726e-01
-7.917611824543459948e-04
-8.348662650351286463e-02
-3.653862035334349938e-03
-3.158504360272474942e-01
-6.477285007925039258e-03
5.623768838125343993e-04
1.699547413790547870e-02
2.257902298897608920e-04
-6.795402298936758026e-03
6.897702381485629024e-03
5.088071545331401130e-02
-9.026634339020345177e-03
1.399802442520057611e-03
-2.679885057456846478e-02
1.337266523006380974e-03
3.580278376434038734e-02
-3.855334051723832440e-04
-2.136673850571823056e-04
3.170312500003132864e-03
2.739080459762878884e-03
-4.852528735636803953e-02
2.060613933607784165e-03
-6.007998502683173370e-03
-3.527478448276544915e-03
-4.544494654889287381e-03
2.690852613386867861e-02
-1.434087643696905687e-04
-9.639008621157661835e-05
-9.295096982754574855e-03
9.136810142350111283e-03
-2.536613749207250121e-02
-2.376907146421271613e-02
1.410805653709649166e-01
1.442558922679256167e-03
8.604781839720170716e-03
-2.159780470891890184e-03
-6.557918303600989221e-03
-3.147535840671023682e-02
2.098606677273948465e-02
5.825287356323053528e-02
5.326009104082556067e-02
-1.465691624797332282e-01
3.900000000036730422e-03
1.791954023059934720e-03
1.548034482758057495e-01
1.279422215884435223e-03
1.804496795854703154e-03
-2.769663147891586030e-03
2.233223300142788553e-03
7.322156908347298224e-03
3.178219279763869892e-02
-4.832693174045899105e-03
-1.296379288139693220e-01
4.416520917421487037e-03
-1.237905481749548509e+00
2.130629083838858975e-02
-1.618322608580282252e-03
1.670179209372344570e-02
-2.099649438326091876e-03
9.313281587693651720e-02
-2.064603142689609185e-03
-5.409444233874852875e-02
2.921810836559098901e-01
1.127909201002543771e+00
9.579766379927748265e-02
1.809156790404463366e-01
4.722111972273203007e-01
-1.021412365779923725e-02
-2.131157763732859145e+00
5.869044657660992675e-02
7.452349706004077201e-02
-1.721841850401437668e-01
7.265223882697595392e-02
-3.819914136755672013e-02
-9.625534255469993944e-03
9.179389366353336854e-02
2.071222976051891734e-02
-2.933090480721403659e-02
9.788924356152337719e-03
3.466202949674940942e-02
-7.853197551572027590e-02
1.448112580877780782e-02
-3.692483092783294119e-02
-4.605943599018821888e-01
6.706118100682360028e-01
-1.525848468864190455e-01
1.039931181001602957e-02
-3.499169913979583574e-02
1.751337301464329643e-01
-3.250533362188030018e-01
-3.222733610007259136e-02
1.180542770940180008e-01
-4.313297842798217291e-02
1.170142906058128235e-02
8.766385961792950640e-03
1.650431743282886748e-02
-3.248462027315037748e-01
1.890440161639498143e-02
1.569964453528968074e-01
-4.419576908720025954e-01
-2.256955757391757023e-01
4.360894335733780242e-02
-4.094039813506489267e-02
-9.802703415499489092e-02
-1.791833563469193494e-02
6.885200579459606063e-01
-5.718334576514629702e-02
-2.571111537061607777e-01
1.993603163670693568e-01
-3.918747685583870988e-01
1.284429090437528842e-01
-1.034516756055909800e-02
1.770081577738243095e-01
-2.562812435753894849e-02
5.903544527576695677e-02
-1.574956044165507635e-02
-6.136195044846325108e-02
2.159441554148703590e-01
-1.786143629447153186e-02
4.415059156217718273e-02
5.300752442861622615e-01
-1.021363282171445785e+00
2.297319017686886289e-01
-7.070820972082041828e-03
5.014639994465712458e-02
-1.629230694721704731e-01
3.060499310080443403e-01
8.324938125990060875e-03
-9.185819234507659747e-02
-1.761392558243201484e-02
2.693852454766780167e-04
-5.189195564285840889e-03
-9.746257469263956696e-02
4.312975720634001919e-02
-4.571375392594889675e-02
-1.706342424910802088e-03
2.242480366324088592e-02
-8.509045918263865790e-03
1.955206728927800022e-02
3.970648704565839064e-03
-2.432935057247696386e-03
-8.628998779150132137e-03
5.199610410795204446e-02
1.168613888029090137e-01
-2.262067961633915276e-03
1.868832442509607908e-02
2.813154915736479269e-03
-8.730911226860343932e-03
-1.664549466829989485e-02
9.470525551487482888e-03
4.623368512584670117e-03
2.602375064061636725e-03
-8.749422629268673382e-03
5.315046835525633062e-02
-8.209399800255243185e-02
-2.002916925553966873e-02
-1.800066864761143458e-03
6.404724066859430846e-03
-2.387872699911367316e-02
1.148553247951381376e-02
3.875261172551715955e-02
-3.086214667883728224e-01
-4.686054948583281282e-02
2.577301737719670666e-02
2.642669678809671518e-01
-1.627531904176104383e-01
-7.831850474567665643e-02
-4.401194525289924692e-02
-1.729889887147403361e-03
1.926178876696276951e-02
-2.210522165048749849e-02
-3.394647236820854362e-03
-1.127545456868329216e-02
9.366457046040078949e-02
4.279123811809389111e-02
-4.856189589950745539e-02
-4.849313622143069762e-03
2.615596349414947563e-01
1.714206904756070821e-02
-2.645368960222297446e-03
3.985322111912898563e-02
-5.097803435472834932e-02
1.815401986484287689e-01
-2.791518264377486624e-01
3.971206925180455205e-02
-5.052474732762762821e-01
1.239336623192942473e-02
6.233047776575151300e-02
-9.337370251371138533e-03
7.967402962487217261e-04
-1.667152842574363622e-02
-1.823343916753514954e-02
2.551326657026810607e-01
1.347612650967502587e-02
8.255258006889128197e-02
-3.604745167420356222e-02
6.056435488228137376e-03
-9.832142804913589218e-02
2.426623507563820670e-01
6.479981360973795235e-02
6.020551066852692507e-02
-8.462160747946593370e-03
1.221211501080454870e-01
5.215328461257298827e-03
-7.471402033352673999e-02
3.868389011287583570e-03
-1.125683902053465713e-03
1.964506838434681643e-02
1.656040845585031104e-02
-3.066463747550883245e-01
-2.648637550495279262e-03
4.147681590356613879e-02
-1.357438603205363787e-03
-7.646757538141471522e-02
4.231542782326990632e-02
2.108837530476464096e-03
6.454438943267910020e-04
-9.081291841301403125e-04
4.979000230494013768e-04
-5.613594063873315887e-03
1.969569519292506399e-02
-1.469424068126075344e-02
-8.453826476169077481e-03
8.876455476598474337e-02
-3.104310059211858319e-01
2.385688098921379952e-01
2.407865218587752418e-03
-1.443076375747801843e-01
-3.214680592763150230e-04
4.971153903516440341e-03
2.673287016133274116e-02
4.714093467341196747e-02
-3.439745890773913094e-03
-6.580708619697403852e-03
-2.541087599211204993e-03
-1.394292314065404687e-02
1.065547055581446802e-03
-1.860980188116854702e-03
-3.940854470028237050e-02
-8.140427121443194469e-03
-5.066968004532297967e-04
-3.234066799709693716e-03
-1.472917361098590583e-05
-2.009024817352313315e-03
-3.192050344401591543e-03
5.463063873328518651e-03
1.489866451337909861e-02
-2.710254384850214748e-01
-2.181670419945394221e-02
-2.143606739010748760e-02
-1.170105341803500190e-02
-3.097268899581435975e-02
7.177927786930665991e-04
-5.266398677591236505e-02
2.399858744219625535e-03
5.561722221389559656e-02
1.514609209003888769e-02
-8.922340371968065509e-02
-1.628973515136670656e-03
-6.735624289293721742e-03
-1.008302307063322148e-02
2.175764747051286280e-02
-2.900520121465769569e-02
1.487054151041307559e+00
1.066207495016351266e-02
-2.167500035795161539e-01
4.070888597389998864e-02
-5.896474927996763205e-01
5.850297818395761712e-02
2.651689166327266325e-02
3.380598292986811831e-02
3.218107178645641109e-01
-1.444166953525433811e-02
9.503255104291280508e-02
4.361824930170655201e-01
9.694301941951939672e-02
1.321024207558760613e-03
7.225339390218037117e-02
2.878423185144488787e-04
3.564766594961057272e-02
6.495246673623211731e-02
-9.978178755603574202e-02
2.128027268063380304e-03
-6.973819982610513814e-03
2.175579145025513181e-02
-6.054834286679154631e-02
-1.336634461084513625e-03
-1.413753122864740835e-02
-1.774874375250890673e-02
1.121250597815200666e-02
3.637991498733419721e-03
1.831790882611824545e-01
1.319796435890976671e-01
-3.435647934056740294e-01
-3.555414546267030972e-03
-1.592164268034630126e-01
-8.308034144862112835e-02
6.729248828367170865e-02
