-3.741896691256368923e-02
4.505537906249552638e-01
4.301155817486849303e-02
7.408052292444329556e-02
9.961756665921469439e-03
-1.254190769229294056e-03
-5.929753846151223371e-04
-4.487353846152910782e-04
-2.586510769230224421e-03
1.847094726971479708e-02
-1.780740773362199858e-03
7.976596921147221294e-04
7.769866086682312859e-04
1.057048782658439381e-04
3.399144733752616494e-04
1.337970989339970582e-03
1.565091065436346237e-03
1.848217865239719648e-01
-3.665904679100348562e-02
-1.549519934280838181e-02
-1.142115019493804284e-02
3.185230769227430500e-04
1.445415384609012577e-04
3.806153846081167854e-05
-1.088369230773919615e-04
2.778353175323811652e-01
7.749383925735865708e-02
2.313079875355104204e-02
-1.364911668566200914e-02
-4.598092307691885663e-03
-1.481926153846260330e-03
2.129538461532289376e-04
-8.179323076912077464e-04
-1.736167805348638182e-01
7.290411508343618008e-02
-4.382403285708288965e-02
-4.214208664959932099e-02
1.542676923077146824e-03
5.788184615390450875e-04
1.413846153950773755e-05
1.486916923077929867e-03
6.209919480628676124e-03
1.549052974906325788e-03
-5.837758038994267634e-04
1.337239821308881848e-03
1.082969185763534795e-03
5.029177867858188652e-04
-3.823765347450866167e-04
-9.412994264656487529e-04
-2.930692482228577367e-01
6.153318231296554808e-02
9.662777777782962166e-03
4.740555555554508242e-03
1.061767998456817491e-02
-6.107166811326440736e-04
-1.501443391128094197e-03
-5.305271706210487083e-03
1.387274888251624483e-01
-4.514150041325561830e-02
3.562777777786344923e-03
8.373888888881719436e-03
2.765260963848322970e-02
1.427823061653503769e-02
7.953319822102922557e-03
-1.082139850264030728e-02
3.987692307601071117e-05
1.984043076922272376e-03
1.832482186884667671e-02
1.850180248911858019e-02
1.513846153835096049e-05
6.512415384617107608e-04
9.350025496526437677e-03
5.086867656002872808e-03
1.513846153852220853e-05
6.344015384614062544e-04
4.138907643079472315e-03
-6.268135946993139487e-03
3.987692307938108237e-05
2.695163076920559751e-03
3.463005537905242820e-02
-1.976128673250983001e-02
-1.226748776548006355e-02
2.135940767764584608e-02
5.394557773686080825e-03
2.284693563378809283e-03
5.599999999993763043e-05
9.147999999889507429e-05
2.539999999851298360e-05
-1.385600000014225832e-04
4.804869729255894506e-01
3.558019471158519603e-02
-2.943582109124526572e-02
-2.323240841930335199e-02
1.040849230768578016e-03
3.054461538459644129e-05
-1.019455384614805556e-03
-1.483150769229446553e-03
1.222009989441171923e-01
-4.028002692602915269e-02
-4.791160818374659569e-02
-2.154786141626053586e-01
-2.017716923078058562e-03
-3.549384615385235545e-04
-1.841846153854089825e-05
1.656923076922195426e-03
1.798834444652462616e-02
-4.011138294946588190e-02
-3.799172839497185709e-03
2.428728395064806179e-03
-3.543528756173618295e-03
-3.471079935697338886e-02
1.203761728394834446e-02
2.304082716048879917e-02
1.092590769231608803e-03
-6.331938461562423978e-04
8.170153846160832685e-04
-7.763369230775271504e-04
7.037353846164446335e-04
-1.244056923077795302e-03
1.595630769233892738e-03
8.737661538448129699e-04
1.006848676048023444e-01
5.914130298469986308e-02
8.746732873954622114e-04
2.735747134061059524e-04
9.326751412186057899e-16
-1.364665701533138628e-16
3.819825357050458971e-16
1.326130449459028411e-15
1.660429342147630438e-02
-2.088235620816627502e-01
-3.885379143276554426e-02
-9.218766262422936619e-02
-1.425230769417426100e-05
-4.586153846028683815e-06
8.933846153897805734e-06
-5.361230769337666522e-05
9.371943289160061114e-03
-8.722508579158769898e-03
-9.309876543150826748e-04
-1.880123456786110927e-03
6.005518267904965193e-03
-1.001479528751064024e-01
-1.502345679012711275e-03
-1.246543209877359545e-03
-1.034584615398372710e-04
-1.037046153842610002e-04
-6.372923076982879608e-05
-7.932307691543464284e-06
-5.820923076916942362e-05
1.176676923078516680e-04
-1.068184615388375231e-04
2.074953846159719698e-04
3.557306580243468908e-01
9.299151460855369089e-02
-1.058560484717211043e-02
-2.292046518112168460e-03
2.131001187106181604e-15
8.358407858788005604e-16
1.392609086408177339e-16
-1.483672094670165743e-15
1.348868566639210842e-01
1.668021654501746637e-02
-1.955037582004913801e-02
-1.292251928892062252e-01
-6.360923076936127706e-04
-5.284661538466548219e-04
6.392538461535189967e-04
3.352947692307526630e-03
8.959879768024790053e-03
-6.345006653603856017e-02
2.345366666666352448e-02
1.585588888888085982e-02
1.039714525126139537e-02
-1.565539622594444569e-01
1.637588888887381300e-02
4.022555555532159911e-03
-2.513686153844818180e-03
-7.129846154144026007e-05
1.291169230776592874e-04
-1.656709230769521247e-03
7.399692307736720253e-05
-5.493892307692261646e-04
-1.809526153847628533e-03
4.116941538461393359e-03
-1.077025221316579712e-01
-4.272125934024127714e-02
-2.061970077613948030e-02
-6.970171724608946462e-02
-2.908202176675460697e-15
-6.672614638196175196e-16
-3.816331400823240228e-16
3.589751770634927895e-16
-1.820239025264559773e-02
-1.353170027158953626e-01
-1.152289706430218580e-02
9.155588627866581564e-02
-1.614298923089313442e-02
-5.146724418460110403e-03
-1.546201523327540243e-03
7.802874077754142976e-03
-4.225537193721400271e-04
-4.279175280339504836e-04
-3.433201949039520673e-04
7.501351401754781855e-04
7.649366637548317199e-04
1.127791929371691534e-03
7.334328654950221212e-04
5.141471217453922595e-04
-1.800343792355354744e-01
5.175929510271125300e-02
4.990607747594303506e-02
3.048129583426365530e-01
2.805121031571819815e-02
1.200019596850105362e-02
4.180879799875329467e-04
-1.025563021084003809e-02
-7.005337475197143116e-02
5.879405239053673432e-02
3.971875964328454994e-02
1.210270863473172226e-01
9.060930070047712448e-03
-2.582016050628947994e-03
-3.755546279336890655e-03
5.334200662644633488e-03
5.660492307715317677e-04
4.244811834559352424e-03
-3.217558311500372074e-04
-9.823715650593796075e-03
-1.689953846151312381e-04
5.070685810205315287e-03
-1.662121464789597172e-02
-2.784562583261673309e-03
-2.507553846159532021e-04
3.164621209285350175e-03
-5.819292205732577890e-03
6.192194631407570366e-04
6.972923076957775938e-05
1.063003471024636694e-02
-1.100884228879833206e-02
-1.746512810886897320e-03
-1.623762762180969710e-01
-1.006415146613772460e-01
1.128196355423332282e-14
1.561036354818502202e-14
-2.186677187733803568e-02
2.713863312447489795e-01
5.683790982925724516e-02
1.463335643322103141e-01
4.663613733443107943e-03
-5.196732402555664281e-04
-7.076700594736595913e-03
-3.234133817019775765e-03
-1.075743209875678653e-02
2.228936896094012299e-02
3.542523689366856160e-02
2.843043074894116215e-02
-8.479901234555839787e-03
1.702704985190746090e-01
-8.888199782495015411e-02
-3.168675734456582321e-02
1.130995469253424923e-01
-1.335782612146305948e-01
-7.108721801945904240e-15
-6.626807633976751094e-16
-1.224936617288477358e-01
-2.515631256716661934e-02
7.704937400044387097e-02
2.172913251802469081e-01
1.972529000542391081e-02
8.098303686365637341e-03
-1.162662562829318465e-02
-1.129923946976184312e-02
-1.407545679012411205e-02
6.565327101668014254e-02
-4.061196699831481349e-01
-4.516363555539211760e-01
-9.615209876541479586e-03
2.183937022392231087e-01
-3.425177642882569762e-01
-3.549433302129412215e-01
3.987692307725483316e-05
-5.418310949824899708e-17
-2.169298461538861009e-03
7.920341328582068685e-02
-6.492128369767246124e-03
7.999167408297171850e-03
1.513846153828899495e-05
2.006799726521914526e-17
-1.015089230769528538e-03
-5.252600401655753426e-03
-8.939377238566300482e-03
7.407587500556823837e-04
1.513846153813033213e-05
-3.868568966411105371e-16
-4.642892307695385690e-04
3.454623419692101367e-03
-7.973346256497468310e-03
1.173169412503869308e-04
3.987692307794601205e-05
-1.960508866529014568e-15
9.323015384607494759e-04
2.690056160155846181e-03
-4.417352144095164357e-02
-1.345142263952200067e-02
-5.880829668403867588e-02
-1.613704787938959745e-02
6.647822558779908908e-02
4.322379135345152945e-02
-7.970635530050988347e-04
-3.598861645158672544e-04
2.890690008656646159e-04
8.563257677143063093e-04
6.222631797136073811e-02
4.220188020714030902e-03
-2.999107827361855438e-01
7.306141565288194750e-02
-1.773467738467258692e-01
4.688405487962787020e-03
-4.421634467711263623e-03
6.651415696728735401e-03
9.575713690876697104e-02
-1.017145442970206030e-02
-6.925940829545740307e-02
-1.260051359352913070e-01
-1.622948255118714100e-02
-4.376320102420495862e-04
-7.871043783012720944e-04
-2.062162010534830149e-03
7.797720776134987875e-02
2.804689373354340293e-02
-1.272638307050461826e-01
-9.114600402945577384e-02
-1.007099797355648536e-03
-1.810364784904021085e-01
-3.207043015071320974e-02
6.402154159231203921e-03
3.023142020830209623e-02
-2.267657425900136952e-03
3.972841059062934732e-04
-1.317505693436941830e-03
1.146883117960747524e-03
6.375621348324174128e-04
1.244941013821038991e-03
1.746828570175967821e-03
-1.489873693349506034e-01
-2.052439771191943985e-01
-3.029882966865045657e-01
1.217334890087815591e-01
-1.401050782584876064e-03
5.717946846567143599e-05
-8.899522543542533304e-06
1.725177001515905490e-05
6.042726586376387377e-02
1.249954931780087805e-02
6.459741266822413563e-02
-8.429089424565952560e-02
-3.365024873584613924e-04
-4.166960456271770409e-04
-6.865229195773627814e-04
-3.966787216907225085e-04
-1.885476487612870386e-02
1.214295906859617219e-02
1.698053926554261503e-02
1.997898628129110912e-02
-1.728831646565720873e-02
-5.236940780433547299e-02
1.576522278453504691e-02
1.795040375690811971e-02
-2.048883366206654452e-03
3.213806358000096623e-03
-1.342288954201363614e-03
1.158496409757405051e-03
-1.824512221817830410e-04
3.286283793201282845e-04
7.739427047341588444e-04
1.483013944924342804e-03
2.568410890602980667e-01
7.684000778400179588e-02
5.800620989188438881e-02
4.988147665358975968e-02
-7.155406969980772358e-03
-3.200924203154735179e-04
1.681537035201260673e-04
-2.250384007683469442e-04
8.312566987335141822e-02
-8.331629682077325294e-02
-8.408062942859426125e-02
-9.973571169907882727e-02
-5.566219380545728290e-02
1.682481706923246497e-03
1.458691302942565805e-03
9.561744078617199398e-04
4.720107913707060482e-02
-1.935100163064049916e-01
-6.228455442781840462e-02
-5.814538465571597592e-02
-2.780401347219099879e-03
-1.306568388668095937e-01
4.788108104109153819e-04
-7.169280932410004555e-04
-5.195154293140318014e-03
4.956836816718874009e-03
-1.802390114787191051e-04
1.256363133786389009e-03
-3.387791272914528673e-04
1.888145265796162568e-03
-9.778633691237116911e-06
5.376135411397838307e-03
9.741432572772154574e-02
6.526133794117405795e-02
2.710428413660425084e-01
-8.418246753224122025e-02
1.487623617119000936e-02
-1.424814997990579354e-02
2.990294713950597105e-03
-8.802826539677836848e-03
-2.741921179131374259e-02
-1.354122767590570930e-02
-7.273588623349137861e-02
4.378458227016071569e-02
-4.684429935782265936e-02
-9.457386681249720182e-04
-4.546235444910182513e-03
-1.100247530025324702e-02
-9.821842223743415534e-02
2.348339451979180800e-02
9.490874279599405272e-02
1.430578307205592203e-01
-9.288710917368572795e-02
6.375235986978920744e-02
7.430927689462066277e-02
1.080207652571297527e-01
3.326088449996665846e-03
-6.539593019891132807e-03
-2.669429873038041347e-04
7.584142389429959948e-03
-2.182747972815781996e-03
1.302596327916598004e-03
-3.660855022234307463e-03
1.544854733721284920e-03
2.082827430388510259e-01
2.500112738316485061e-01
4.837246017389391639e-01
-2.213212488499889385e-01
-9.539770490286827997e-02
-1.347099556440186675e-02
-1.108093128767763252e-01
1.355108536025821930e-01
1.940407365957949951e-02
-2.258282480938863732e-02
2.269922818217023908e-02
6.914987918417038470e-02
1.783583504297663394e-02
-1.830401168781314036e-01
-2.395699600077295932e-01
-4.916707415915313323e-02
-1.399034713707589805e-01
7.919056521336081955e-02
8.101513364221105129e-02
1.911241262123749840e-01
-4.818262409741712153e-03
2.733932401958530378e-01
1.610717518373069521e-02
2.193505870847209660e-01
6.993256709134779148e-02
1.028004201102162979e-01
-9.680045978579534215e-04
-9.023236316831259596e-03
-1.704762835090919667e-03
-5.634469980700976613e-03
-2.931368566608534999e-03
4.307214086387080830e-03
1.198866741726330783e-03
1.950130086221211600e-03
-3.685656734116567277e-03
5.079005670094735928e-03
-2.054117235084676821e-03
-3.998995107320139734e-03
-2.146867252808434996e-03
2.849032896892094227e-02
-4.536473982734780253e-02
6.423895851950424049e-03
1.412257228708957424e-02
3.376816978913455003e-02
-9.749729815624171231e-04
-3.597635257911835187e-04
-4.597867028231817656e-04
1.767849629617535836e-04
2.945516830860808732e-02
-6.700290850245535675e-03
-4.314025976754951031e-02
-4.879217853148793554e-02
3.322238446452685837e-04
3.278536203547549989e-04
-1.432103180444828154e-05
-4.630702123986423988e-04
3.293215503346794745e-03
5.419152409284769267e-03
-3.968225919124311954e-03
-3.689234450341480689e-03
2.287936433517901574e-02
-1.377022587418894398e-02
-3.934304087123127736e-03
-1.114474973089418439e-02
1.660045046992473031e-03
-1.062176316332494016e-03
2.725692128101942836e-04
-1.596038478766569557e-04
1.170733737221339911e-05
3.140741336865066503e-04
4.739565937580866840e-04
3.019972741844442212e-05
1.091708318659032756e-01
2.074021232057683337e-02
-3.587992789886517153e-01
1.827483248492926815e-02
-1.839187458943986331e-01
6.017683187912367324e-03
-3.788095510078418309e-03
6.692101053094294365e-03
7.018979287993265537e-02
-1.346994125360487932e-02
-6.018323063925035826e-02
-1.083708675954784539e-01
-6.142739785787194352e-03
-1.519476114528975352e-03
-1.809868345095774940e-03
-6.978720162349218159e-03
6.558952131411548148e-03
-1.732339862241042971e-01
1.139197722235639997e-02
1.249963120222460054e-02
6.910241362794949591e-03
-2.180424417251998759e-01
-1.132722909880715762e-03
1.285752146642181806e-02
3.635096209900197037e-03
6.049425668824649945e-03
2.293151745855505179e-03
-2.318215811678349684e-04
-2.228143467559506386e-04
-2.145565034301516807e-03
-4.399387586820267988e-03
9.789201586846174065e-04
1.156623958037768934e-01
-7.100187441832647717e-02
-2.108381269665654811e-01
-1.888467729675235296e-01
-5.467913896094905336e-03
-5.667756259306931752e-04
-3.690578010182316167e-04
-1.459384908578666065e-03
-3.969963759943827969e-02
-6.771218775167819328e-04
5.882857318224976595e-02
5.775676177243395382e-02
1.449374128866391144e-02
4.741026549883373825e-03
-3.448458713200069480e-03
1.155638179426368185e-02
-1.125761619712195988e-01
4.129465824789833178e-02
1.036705972103281193e-01
1.620982869239989965e-01
-1.980647279752831558e-01
1.148188796078717794e-01
3.826895084096572086e-01
3.312636812736824421e-01
-1.202604958777289028e-03
-1.980601636940901647e-02
-1.428183121437593458e-03
-8.078718663061921698e-03
-1.473968754800430308e-04
6.786997597245058005e-04
4.985109784408773767e-03
6.802053316398661356e-03
4.020061746732949554e-02
1.798076271916523384e-03
-2.042278775276438682e-02
-3.502528029488936184e-02
-4.944120486941232934e-02
1.417047930447672653e-02
8.002766341531498961e-02
9.553243429605166870e-02
9.947062397580150664e-03
-1.827822613338220617e-02
-1.457938374213637624e-02
6.250515630794552767e-03
-4.283331961055098815e-03
-1.933392972826408762e-01
3.218898073098694617e-04
2.729413288888556718e-04
-1.068539926433276915e-01
3.688917435840139564e-02
7.204044384757746222e-02
1.651379087744558605e-01
3.953842467424412491e-03
2.598575814863085531e-01
-1.295560847899239997e-02
3.041632053932022961e-01
1.706581925067469571e-02
-3.284597428768127659e-04
-7.858300596795939411e-03
-2.610282514460792770e-03
1.179186744782670035e-03
-1.122828003378890244e-03
-8.128683195220657177e-04
-4.009215204579895560e-03
1.579776568884585022e-03
-2.362927555336510627e-03
8.769832193835086628e-04
-2.973274493000506013e-03
-5.718629221286774470e-05
-4.925698699154923248e-03
1.578594256721943621e-03
-2.627349524091903213e-02
-1.266249612320435591e-01
-1.212657416333364352e-01
-1.706490502606535509e-01
9.561011804249110180e-02
-1.346757823628693101e-03
1.309650218196229048e-05
-2.266907453789734819e-05
3.685893648574278033e-04
3.965154991512671867e-02
-1.555255528486316000e-02
-9.463166376194011298e-02
-6.306674719350335856e-02
-2.369279300494075207e-05
7.612793093839954060e-05
7.025774697636512291e-05
-3.113619285891676522e-05
1.020289021799849691e-02
-3.902154703870869962e-02
4.455686667363427855e-05
1.450204271086280887e-03
8.295351449067260227e-03
-1.651724107894700366e-02
7.905853541813386703e-04
4.526442684531042406e-03
6.137616661972882740e-05
-2.786304111061529588e-05
9.720258086793315521e-06
-1.436483029844627761e-05
-6.738143425156540873e-05
-2.048259079514412091e-05
-1.614760464756701788e-04
3.447726117239734357e-05
9.893128313666513240e-02
5.393756124888145816e-04
-2.289601210936211342e-02
-1.390319355601732365e-01
1.432963575134497595e-06
1.851947440665914512e-04
2.206498189273857914e-04
-1.586970933446381219e-03
-3.951341971877671971e-02
2.058537605508289903e-02
2.591941027261314701e-01
6.352959846803800381e-02
9.014917116747368786e-02
-7.934028570917919798e-03
-1.211776416073764113e-03
-1.541716641085762868e-02
-9.615462536012074624e-02
2.556418859200512358e-02
5.605913909260550054e-02
1.218850939611868384e-01
-1.642260003337434882e-01
2.530527784325465809e-02
1.526191219425788170e-01
2.333901202026674448e-01
-2.708399652274130764e-03
-2.159564857446427330e-03
2.507287065911954142e-04
-3.209046976847898027e-06
4.863306668243226887e-04
3.731284234105054429e-03
-1.150573888461560836e-03
3.069398328638952081e-03
3.222047732117352438e-03
-7.094737763739112149e-03
-2.765962462002895857e-03
-9.912058042244044700e-03
-1.465279796042423532e-02
-4.023754485206871255e-04
3.085464202890739541e-02
3.837502642066709102e-02
-1.127306094919372330e-02
-1.295536477727920674e-02
-1.345426430246012342e-02
-2.756316315973281368e-03
1.207996533014087624e-02
-2.952509845217694134e-02
-2.222170562077130482e-04
-6.151121374209000438e-03
-6.158033195101157015e-02
3.470580449137296991e-02
1.600534689419100542e-01
1.038144297035804714e-01
-1.693119337629575213e-02
7.651490651514206154e-02
-2.289734149958060072e-02
4.399568404610333661e-02
-5.889383789101561859e-04
1.006027696538385423e-04
1.039474867089731913e-03
-8.421211995670495332e-03
1.959424357910314099e-04
-1.862971307818569783e-04
1.687285903194396183e-03
-8.230365768973998313e-04
3.335319025111269510e-04
-5.463915062658731029e-05
4.137523385256732921e-04
6.012868619140437475e-04
2.951931714667211564e-04
7.561277051658447631e-04
-1.481200061563637226e-03
3.275866739754748885e-03
2.632319194602801282e-01
4.918818821558312848e-02
-3.917540764183816138e-02
3.449095776377225642e-02
-5.889527051124892471e-02
8.207183209568645046e-04
-5.489413959093331508e-04
9.921313458098775240e-04
1.106187976643777243e-01
-7.489186518635433665e-02
-1.520054603890737821e-01
-1.654196441723587707e-01
1.576830785712217550e-04
-2.593633594662323575e-05
-8.057018813363430473e-05
-4.403337499910080596e-05
6.260689907779773931e-03
-1.169188050888998742e-01
1.266785856426339224e-03
1.085818306073371839e-03
2.227900131240474757e-03
-1.306890880320708825e-01
-2.024780253408483112e-04
1.167466696624700883e-03
5.505440710919671447e-05
1.680794223153601874e-04
1.153944559673224285e-05
2.307823959111557479e-05
-7.064966696852517921e-07
1.776789682777250441e-05
3.349317541393270466e-06
3.689765077019245814e-04
1.645526669995107938e-01
-9.425098434592187047e-02
-1.818862521429912005e-01
-2.570171077123066250e-01
-5.697893639912140346e-02
-1.539971815210458821e-03
-3.050001624274346077e-04
1.599225006166444434e-03
-5.409899778970165413e-02
5.803155232265161043e-03
1.475405776569703020e-03
8.066113994003418219e-02
-2.397023591622915104e-02
-3.684411213795210551e-03
-1.147362597983421972e-03
4.050680168560458205e-03
-1.126788064820609253e-01
1.067124740693527335e-01
4.100592788619861206e-02
1.449436165491268524e-01
-2.955860271737675293e-01
1.209824474191642379e-01
2.271734131249241173e-01
4.575743099255618618e-01
-8.074508951003860069e-03
-1.391447587567181537e-02
-4.590254131602657800e-03
-3.286507502813923020e-03
-2.045921331183327748e-03
1.224753341508625498e-02
5.668420387123119120e-04
9.272920923459453471e-03
-1.815574874355562612e-02
-2.094463614372505944e-01
-1.266079391535232523e-02
2.981276704544409684e-02
-1.216661552616092046e-01
4.806696484696400262e-02
1.146900600861894270e-01
1.855844894442576498e-01
-1.968733314508252369e-02
2.745635847417082775e-01
-1.483077011523595799e-02
3.316411950387305740e-01
-7.701577950684103738e-03
-1.363328563421484785e-01
-8.560384535553258734e-03
1.138644670410964878e-02
-1.844317959753163094e-01
1.218753162646592225e-01
2.490294665387722262e-01
2.750108701754240270e-01
-1.068193406501103358e-02
2.018228251848048216e-01
-3.219951727023613597e-03
2.250954571313119601e-01
-2.533327186225380317e-03
3.612477111592455551e-03
2.960634267954243611e-03
-2.039509147481088566e-02
-1.689688450319281167e-03
8.207888602217130103e-04
3.767302865172693620e-05
-1.015190946861402668e-02
-6.658183605520979305e-04
-4.497318541698482768e-04
-3.077593121684650199e-05
-5.495993939070170815e-03
-2.877269243845386164e-04
1.503047482356866015e-03
6.808737515550844673e-04
2.862576111174012627e-03
1.044303973275278880e-01
3.145170747844843601e-02
1.648424909490523727e-01
-1.216730167262454476e-01
2.014124930082072593e-02
-9.621623498367874033e-03
2.280493803411515891e-03
-5.770780942573184961e-03
-7.739604403696022372e-02
2.492259401570062066e-02
6.640973413469947184e-02
1.021311253051234436e-01
3.568904564869853930e-03
5.316479631503067543e-03
-3.181965286789182387e-03
1.246790751500832448e-02
-8.504989224215876720e-02
6.631491298378246191e-02
3.789189018244268348e-02
9.042122793250284563e-02
-1.257951917459895208e-01
6.948468119428750922e-02
1.126852509656953438e-01
1.793413523598349768e-01
-9.732553056195352315e-05
-5.670435495754288027e-03
7.075211704511412294e-05
1.907574631378715141e-03
5.069585877816531501e-05
2.648960333193577880e-03
-2.472978518519340445e-04
-3.545549277733886940e-03
-8.963926374774949801e-02
1.919261152566271306e-02
4.229586280606026372e-02
1.363679590997938229e-01
-8.648545486093752593e-03
9.287390714356920374e-03
-2.234825580966944870e-03
6.987711521673404744e-03
4.588513534425951029e-02
5.369352829334927274e-02
8.353330128584141034e-02
-6.591732044483912534e-02
2.255818673023321508e-02
-6.372687595673746800e-04
2.957797195544857507e-03
-2.671035852019199974e-03
1.208440095700425848e-01
1.841234910407886852e-02
-1.835027323091933124e-03
9.887225632223387603e-05
1.194157093100187009e-03
1.813043183733869775e-03
-1.273640787156557475e-04
-7.306235568918782210e-04
5.386045496892578194e-02
-1.820841358635857249e-02
-8.558982164433927980e-03
-8.528388527574071176e-02
2.573270189695038915e-02
-1.124798119980302807e-03
3.850085401116827739e-03
1.339153014116627877e-02
1.413056727594642348e-01
-4.979645635541495030e-02
-1.466006785935004275e-01
-2.120089911529085269e-01
-1.121432464967260165e-02
-1.143748863910775716e-02
8.792670163771175267e-04
-1.509140596065032015e-02
-3.382058555520700040e-03
5.360471133582839567e-03
2.904707948738942044e-02
1.666475663116926548e-02
-1.607921716937683702e-03
3.392478383413048259e-03
8.606556082049033815e-03
4.587359371708803549e-03
4.596787318021195064e-03
-4.016626295934531791e-03
2.814851256828031223e-03
-6.453433599210469176e-03
2.048888500233057505e-02
-1.093372243068219465e-02
-1.391102602702661700e-02
-2.950225652256362879e-02
-1.562912384154370171e-01
1.086711113524734679e-01
3.135995185739416380e-01
2.599064120113327991e-01
5.927120059846526651e-02
-7.702409148264298747e-03
-7.432750577573944695e-02
-8.757128655093054936e-02
-1.731841985192207264e-02
-6.052739861070560896e-03
8.627785271506881876e-03
-1.159050898887477830e-02
1.294811443882430968e-01
-5.679710674442799839e-02
-1.244400365339779491e-01
-1.748367355169298809e-01
2.816797125609821206e-01
-1.633652648344110780e-01
-5.383792824229101104e-01
-4.643278787029059274e-01
-1.274611862799835404e-01
6.944217783853806614e-02
1.084986098667578142e-01
1.798841771895391406e-01
1.098247906239203792e-01
-4.130638670850584476e-02
-9.028555129098971010e-02
-1.449588556492343305e-01
-2.352306164572673820e-03
-7.601253870700071594e-03
5.781570024829632039e-03
-2.054998025184880117e-02
1.476174901913883952e-01
-1.034566283184496505e-01
-7.207413644249580087e-02
-1.612234612903845898e-01
2.199071436940243374e-01
-1.193070518209283781e-01
-1.959046809492129282e-01
-3.136433595915649186e-01
-4.882174085395040841e-04
2.544703731212689946e-03
-5.840891534845188936e-03
8.575690657116436313e-03
-1.148020433965134951e-02
6.665192930155193658e-03
1.013203161501778811e-03
-1.023635777109041566e-03
5.009703561688412694e-03
3.059759649246051455e-03
-8.933251991369404663e-03
-1.065116596904474612e-02
1.020742603251566369e-03
-1.324398263102978491e-03
5.153578144219422667e-03
1.596254118717914698e-03
-4.532244323168762093e-03
-7.231369839616184382e-03
3.356028725085488228e-03
-4.895879148323518948e-03
1.960388459086321450e-02
-3.040081193239913254e-03
-2.102177579913196495e-02
-2.740866703171851090e-02
1.619300949495420527e-01
1.703669088352387784e-01
2.791234385211096014e-01
-1.579290067149041188e-01
-7.132253546599348626e-02
3.867449462721434666e-02
1.611326170282404435e-01
1.188368478450216315e-01
1.000600530216146197e-04
4.170365295406059519e-02
2.842443302552561182e-03
4.138028021110302934e-03
-1.602073473527591274e-01
3.677012169397618664e-03
3.245186528465190262e-02
2.319473340635149206e-01
4.721971585002564253e-02
-4.194473695345665720e-02
-3.058952507392256326e-01
-9.105145899288606681e-02
-1.498772173930487395e-01
1.313006314425202090e-02
1.365808139753881901e-03
2.768947161838121451e-02
1.463203511729860573e-01
-3.072382684843111972e-02
-8.059646494177752363e-02
-1.869440404640450304e-01
2.731218158869380130e-01
-4.546776797289449334e-02
-2.429013623643974662e-01
-3.913906431803256258e-01
1.883048031457529997e-02
-6.868768426390704784e-03
3.834176925718266876e-02
-1.612253528071449366e-02
-6.443675691023456609e-02
-8.739124618996381433e-02
1.077615278671766909e-02
2.125784126200394239e-02
1.126532976517675144e-01
-7.104207733269532477e-02
-2.727787629639158995e-01
-1.930479107730194710e-01
1.097423882740370359e-02
-1.604346532569867201e-01
-1.788676247426174981e-01
-2.522824152184668239e-02
-1.600214608062622001e-01
1.061964648772939501e-01
2.115875649873521502e-01
2.413002190226297416e-01
-8.834643274274867454e-04
1.988107079474134564e-01
-1.692340141961542642e-03
2.059292895620919162e-01
-2.770661797795406778e-01
1.091087602109934995e-01
2.119943360248046915e-01
4.324265482215101652e-01
8.996265189803795415e-02
-1.248620867852244173e-02
-1.794880941484350116e-03
-1.415563346515363863e-01
4.227951861954720031e-02
4.903443239547771761e-03
5.797887396138120403e-03
3.995784847768087990e-03
1.935504879535903389e-01
-1.333916281516253910e-01
-1.374425266262317147e-01
-2.652227169986814403e-01
4.677119740093133582e-01
-1.757754836319675718e-01
-3.768966016378518802e-01
-7.231989938330126710e-01
1.378731753102776375e-02
2.827040935754753237e-01
1.765737783760401858e-01
-8.980298569231467964e-02
-1.295944949043657812e-01
-2.668864907554603372e-01
5.862797111040108852e-03
2.125019002727937534e-01
2.655880418650993779e-01
-1.655790297449319937e-01
-3.455847197814350125e-01
-4.009264577641881155e-01
4.994567026736988075e-02
4.881537524314761428e-02
2.941625834515791444e-04
-1.586860841607560038e-02
-3.206908672918380374e-03
-9.790827271129417739e-03
1.551613288106304389e-02
-8.413530779127147141e-03
-1.307018118866228873e-01
-1.699927673731413749e-02
-1.960971556481538088e-03
-4.278100749772984109e-03
4.937250376366217721e-04
-2.763943352445196334e-03
-8.128753869826502827e-05
5.753312278883618248e-04
-7.782180721057967328e-03
1.345068373014334309e-03
9.305189130964734018e-03
1.488171778909386754e-02
1.012933663584213986e-03
9.284699023355956916e-04
3.827766181349610185e-05
4.007930907314849814e-03
-1.173825428144230007e-03
6.937428332910493484e-04
-1.767686694686690580e-04
7.797736059523498913e-05
-4.903483904614041808e-03
4.331682983605574487e-03
-1.876911055279173370e-03
-2.484095133981815626e-03
1.037211415488096660e-04
1.185098834528248123e-02
-2.209210489271744673e-04
6.776162573377377332e-03
-7.167091590610266856e-03
2.072125210282240587e-03
-6.060150010513198210e-03
8.819790384485954454e-03
