2.496087364596762689e-05
2.562066897745901017e-01
-1.473258904594701955e-02
8.466666666667560211e-04
8.333333333332493612e-04
3.184327258187935605e-02
-1.172366309184155698e-03
-2.315495640996640086e-04
9.069441832954630318e-04
2.224210512462731874e-03
-2.280920098226391080e-03
9.366666666630812997e-05
1.403333333331641846e-04
3.565512359684469001e-01
9.511544473722577039e-03
2.229444444444156521e-03
1.040555555555383680e-03
-8.950031616126995215e-02
2.774670194801521356e-02
1.336000000000370311e-03
1.476000000000338586e-03
3.436714649258088266e-03
-7.580499798521643377e-05
-4.763012712432267647e-04
1.170727493390166709e-03
8.873259895353893468e-17
1.172666666666511434e-03
-4.708155796430726382e-03
2.032767047061067450e-02
9.559010644996558670e-17
4.593333333335047615e-04
1.753865210240532560e-02
1.693466075988160624e-02
4.534212555230763522e-04
3.706905639420261778e-04
9.988888888939107837e-05
6.211111111140615653e-05
2.687262032676798751e-01
7.563380636510837066e-04
7.076666666663868326e-04
1.914333333333815895e-03
-9.688191336584080562e-03
4.759085274207239952e-03
-4.347777777778019767e-04
-2.039222222222514085e-03
-1.097777777780971521e-04
-4.021111111107211820e-04
-1.542222222227545225e-04
-2.779888888888628392e-03
2.125729405345464038e-03
1.125318331005945434e-04
4.435242844353304298e-16
5.973227518623870101e-16
-7.162468228073018113e-04
5.391394364304509523e-02
1.937222222217459277e-04
5.927777777702867667e-05
1.577777777775090414e-05
-4.783333333317130778e-05
2.022222222229281383e-05
-5.116666666642082296e-05
3.777386631997403654e-01
-1.592127515297236777e-03
4.609866585814296272e-16
6.733963555796187276e-16
1.390845159652057648e-02
-8.717058655183580751e-03
1.672166666666644085e-03
-1.251166666667199480e-03
-5.590000000000263161e-03
3.691944444444665921e-03
-3.629999999999690332e-03
1.793055555555551428e-03
-7.128551276336313192e-02
9.943480364940084429e-03
-9.764753823045156196e-16
-9.360703551795794307e-16
7.327008861339407222e-03
-2.746020079375460082e-02
-3.367383619123334032e-02
-1.305196086916761986e-03
3.969030791081274399e-03
8.331205728510213582e-05
-2.496656155159039572e-03
-2.250918157179078536e-03
2.904333333333516867e-03
-9.207041402871953689e-03
1.768519111667347932e-02
6.366123892935757894e-03
1.777666666666609082e-03
-1.808416381953057567e-02
8.797102229972710366e-03
-1.104531607877133614e-02
6.753541851707744871e-17
-5.785783891027019989e-16
6.878888888887931896e-04
-9.115761961886069409e-02
1.592787950760255616e-02
5.881450662238059401e-03
6.072013343228301062e-16
-7.041833899070173764e-16
6.901111111109475707e-04
1.524315615298534043e-02
2.975354001066769088e-02
-1.621888779798185548e-02
-5.612816815157229550e-03
-7.845936081712353433e-03
-2.368236782990466968e-04
-5.446977208507781362e-05
2.881766599899861572e-02
-6.971747466487918099e-02
-1.811332607354276258e-01
1.565483785841689096e-02
3.763548610881092913e-03
1.463163890148682852e-02
2.381309285435581971e-02
5.922127502091732026e-03
4.510077096847211163e-03
1.189904654561587706e-02
-6.149125077779584066e-03
1.524828384466696751e-03
-5.916973616444840683e-02
-6.526486451052523896e-02
-2.180684187438374291e-03
-6.644807490988495274e-04
9.502977630356599509e-03
1.002924064775102993e-02
2.448311274822416450e-03
-9.882024209984545046e-04
2.987711757516704845e-03
2.153982880612864345e-03
-5.071288003664579241e-03
2.850739415801092913e-03
2.323326874028760480e-01
-3.582233500709149088e-02
-9.529261550296673489e-02
-1.170888356541798132e-02
-3.209548825928570936e-02
4.819784487727142228e-03
-1.786990745620438414e-02
1.073906400422219680e-02
-3.229575144193670613e-03
-6.957018590997094722e-03
1.080508394733726944e-02
-4.099342810924480954e-03
6.339415148524291110e-02
5.140188728004440460e-02
1.476911936021174931e-01
-1.058327108014914253e-02
1.656925132276371171e-02
-2.063503410174931385e-02
-4.504394769113684999e-02
-3.413596382336766405e-02
-9.304923025960913641e-03
-6.039674009264476423e-03
-3.600540101398917205e-03
1.681157234078926345e-03
1.448508089918984776e-01
1.081300716747436441e-01
-2.191332723156379225e-02
-2.026927228901451508e-02
-1.392872106969024470e-02
-9.323183027065850073e-03
7.995358461492976798e-03
-1.527053198124538914e-02
-7.490174621357668927e-03
-1.307928846202870664e-03
1.095201296839801701e-04
9.611922148334498938e-04
2.121263082113017742e-03
-2.620332857391088639e-03
-1.533731621261594181e-04
3.362299985344412850e-04
2.313533396238145155e-03
-8.485561014639389065e-04
1.013018662948419546e-03
5.770156061517769421e-04
2.025864461941544875e-02
-7.656151539764347036e-02
-1.937037832239108803e-01
1.843707726603603311e-02
3.926700455162242080e-03
7.601611303945241677e-03
-1.569785661641290341e-03
-8.213989242045287558e-04
-5.088561319685286181e-03
4.083604297969787092e-03
-4.757320778446949040e-03
5.186943683759344566e-03
2.112376997598701140e-03
1.121164857949770791e-02
1.513787444986221427e-02
5.261907713594381848e-04
1.131437089816304288e-02
-7.861663895668868571e-03
-4.855197679234002708e-03
-1.695653369537399036e-02
1.551917244619727783e-03
-1.759664780228328493e-02
7.832955848436587865e-04
-8.460715960965276700e-03
8.909724927137338199e-03
2.230192858951866430e-03
-3.419350859593537229e-03
2.887638403637080454e-03
4.029261740631078512e-04
5.799893213219518406e-04
3.233105830401906099e-04
-9.358487517989701882e-03
-5.828556284596315973e-02
-5.192774399078466108e-02
-1.896437897799013034e-03
2.614487674227395676e-04
2.172117897552703269e-04
6.390105535455670345e-03
-1.363863885004511613e-04
-1.822047678905984035e-04
-4.567730480526767861e-05
-9.275817013050414864e-05
1.158330199330348238e-04
-4.319956358477711504e-04
1.251247749522438682e-02
8.844251707996237180e-03
4.442447046797315022e-04
-1.053256178549208865e-03
-6.391658303244858409e-04
-4.035572495642013313e-02
-8.828726718285306863e-02
5.399809287389211810e-04
-5.459507810523501342e-03
-5.300893789935288286e-03
-3.247428891205493637e-03
-1.892568825401751576e-03
2.030838611503473813e-03
-7.625614729279948673e-04
2.115922730602628533e-04
4.219640696068797416e-03
-3.726528071345723819e-03
7.750606158560646003e-05
-1.689709730563840068e-03
-1.134548630262767824e-02
2.115130457568140110e-01
-4.842379763856001496e-02
-1.259344386662361315e-01
3.313067292349645195e-03
7.597812014852497716e-04
5.278970349329384880e-03
8.604903032740897567e-04
1.057312273037693722e-03
-2.422991379709444758e-04
2.273615715943768181e-04
-5.099346909490863307e-04
4.048737723900543519e-04
-2.209209855750452270e-02
-1.036038998122187568e-02
-2.393803043864456415e-02
5.601869682475770114e-03
1.463327005050131177e-02
2.034631763968856345e-03
1.275529220308367628e-02
-1.879266703278658496e-02
6.879818079988351230e-03
-2.441039505014604150e-02
8.606856880540785654e-03
3.883317958808669458e-03
-1.577813680424142986e-03
3.374514117521667102e-04
-6.890560954110707542e-03
-1.290875681061490025e-02
8.986762083818093660e-03
8.053245086736823344e-04
-2.666947286804051236e-03
-8.108211581267760204e-03
4.919702245531663160e-02
3.955428280707708882e-02
1.170315212722732312e-01
-5.271855530670080565e-03
1.215618964787542992e-02
-3.439530725211123463e-03
-1.486791171934427093e-02
-1.949770323395706023e-02
2.076273051330683377e-05
-4.782790396232272992e-03
4.580347416252480964e-04
7.093515542890473785e-03
4.569556983162958389e-04
-7.685347518825495078e-03
-1.351373699112210468e-02
-8.274663872615758975e-03
-7.467580212435598330e-03
2.431100152302623565e-02
3.021134721783564833e-02
1.063173493494035289e-02
1.565004422237694856e-02
-3.551027403210138458e-03
-2.214902733304336020e-03
-1.391604321401253980e-03
-4.134068210374808316e-02
2.282108728476024001e-02
5.548991217057452213e-02
5.830464356652567681e-02
-9.806334490322646952e-03
3.407513386899180697e-03
5.355141626344050304e-03
8.739023007282355551e-03
-1.159875664600080363e-03
-7.210119419178836683e-03
-1.714901326465810213e-02
8.275146596271850188e-03
9.372661597378876414e-03
2.506029724568391293e-02
3.282165627238508611e-03
6.005780613700694923e-03
-1.920963314099214531e-02
5.263734780802343735e-03
2.729934710662379124e-02
3.220345732507277209e-02
1.267588572509856792e-01
8.758646497532950048e-02
1.692235840780404550e-03
-1.177793100826044284e-02
-2.517356990390029817e-02
-1.605420862099282350e-02
-1.431525448217756428e-03
3.742687495688434840e-02
1.493934401055086458e-01
1.122437349538772493e-03
-1.301244456389913026e-02
-7.480634628621180178e-03
5.078608039185549417e-04
-1.034435207521598385e-02
-3.760349811997501426e-03
9.419246466271045254e-03
-1.785793151683882918e-02
-7.084369947665397627e-03
-2.133933432904961194e-02
2.226589094042213599e-02
