4.747322389119210703e-04
1.343149443266138943e-01
1.371595516987716068e-03
2.274371190103574667e-03
2.573068852521931960e-01
9.852755861946204882e-04
1.653710198528546838e-01
1.384452321242018655e-03
2.952881465947441164e-01
-2.214248114263505166e-02
1.628480504040636934e-01
-1.108744180470785795e-01
3.563444442054743977e-01
-5.686311951628453439e-03
1.435311897134546044e-01
-7.435481242364103127e-02
3.183927654451698674e-01
8.516850216394812600e-02
1.724991716006145370e-02
-2.976028654287589306e-04
4.945057899178284533e-02
-5.929402034747393441e-02
-1.187081681563938304e-03
-2.071097939345830849e-02
-8.749697323262405069e-02
3.716413960553314848e-03
-5.599010675715710567e-03
-1.212926966381491951e-02
7.064974333861636160e-03
-9.859069345411713807e-04
1.037575848322065805e-03
4.046168121415733530e-03
3.041890151754678812e-04
-1.203066559467090742e-03
1.797590889254637380e-04
-5.707096304795699140e-03
-1.723783084898253140e-03
5.171196837073701452e-04
-2.634021656669584439e-03
1.763558050743203182e-03
2.070681348510045662e-05
-8.026042963860841040e-02
3.096233174943361505e-02
9.688722789595087537e-03
-1.530609518082393442e-02
-7.680679442286633685e-03
-5.679781541625756464e-03
1.044235713654414165e-02
-5.451038263893722563e-02
1.745464517182683355e-03
6.996734994897439936e-04
3.842977730512530808e-04
3.053959853490997248e-03
1.702212711930725306e-02
6.275932531509184620e-02
3.956691615908516230e-02
2.120286609444694235e-03
9.702720496248936819e-05
-3.993963875043510313e-04
4.914485281189606876e-04
8.624823701352436625e-04
-2.503893478037214071e-03
-3.604289250576710960e-03
-1.530000000002553623e-04
-5.713750371329442374e-16
-3.515833268702493595e-17
-7.114444444443944688e-04
1.188272657239607642e-02
1.515102979885808721e-01
2.328080341261700992e-01
4.313919473812219407e-02
2.939808211688858114e-02
1.354050930137701003e-01
9.027065324680198788e-02
1.364736890381431159e-02
-5.744444444438923786e-05
1.528236171053728753e-16
-4.983905979606525517e-03
-1.155562836413014539e-03
-1.245342033670600356e-03
-2.695642094219991881e-03
1.132257006152774005e-02
-5.022752144334842591e-04
4.841888500055633107e-03
1.400747848202439465e-02
2.775422362767697437e-03
5.388259242658914074e-03
-4.811626486882060981e-03
-6.348979954768965532e-03
-3.792261872652444993e-03
-5.534856896291716517e-03
-8.478333333327052815e-04
2.079166666666715669e-03
-1.771526785931867853e-02
-1.867397527883698366e-02
-1.611879254578971535e-02
-2.130821860277912899e-02
-6.778736013363201003e-04
2.306844327974821949e-03
1.393208120459895260e-03
-9.581080974375875622e-04
-4.368971488573551682e-05
-1.391450232202816242e-03
5.248333333331190766e-04
2.689077996370012758e-03
2.618931489397209079e-03
-3.330000000000548233e-04
-6.031665000900381546e-16
2.004245608670863771e-16
-8.025555555555589568e-04
-1.367350081168730927e-02
-2.766861822906016219e-02
-2.751473895256187699e-02
-2.215062311537875639e-03
1.864869044699441749e-03
-1.396526543203888658e-02
-1.225092067925634236e-02
3.285621892205392103e-04
9.114444444445747541e-04
1.401393033554532372e-16
-3.571971819862579910e-03
1.760430302136541158e-03
6.763267321055906848e-05
1.050244022648195476e-03
-1.191166666665943600e-03
2.135833333333384942e-03
8.293077962339705581e-03
1.917859271848595558e-03
1.902904313813772461e-03
-6.404037849070743846e-03
1.816666666636830777e-05
2.077744736799511886e-03
-9.287850385764479227e-04
-2.214461420643632373e-03
-1.200153753823640038e-03
8.077777777788157192e-05
4.452444444445226128e-03
2.222222222222277623e-04
1.458888888889560355e-04
-3.439216728999807066e-04
2.434857964772503113e-03
2.695665047202195036e-04
3.104922719321090516e-03
-2.145198163355182749e-03
-2.364623888300366582e-03
-4.293839317048513127e-03
2.265164824483905477e-04
-3.025555555556521336e-04
-6.084222222222230442e-03
3.550555461012349333e-03
3.011683081875301485e-03
-2.018794784769472900e-03
2.838905934415541246e-05
-4.534500000000502538e-03
-3.137722222222171127e-03
3.228572747290766893e-04
3.421013359489551934e-03
-4.225267831003630056e-03
1.455529581486743633e-03
6.019944444444431074e-03
-1.707719837073065931e-03
2.783313163209040399e-03
1.052222222221294273e-04
2.483555555556330244e-03
8.977777777780646031e-04
6.811111111111168399e-05
-4.331585127184379123e-03
1.342220526291882775e-03
1.142973429817662184e-03
-1.717017786439595673e-03
-5.716345061290999032e-04
1.578187760907586498e-03
-3.253500875425462471e-03
1.436753973941446621e-03
-2.514444444444469844e-04
-3.659777777777711502e-03
2.652655314899231113e-03
4.607938736831474098e-03
-2.281717860094880680e-03
-1.405329355312821783e-03
-2.084500000000610604e-03
1.567222222222227279e-04
3.765522393141519219e-03
2.686615806022506388e-03
-2.446268585109155711e-03
-1.373355017694506816e-03
2.211055555555703402e-03
-3.235367050367087514e-03
4.596251051763329716e-03
-1.155555555555876623e-05
3.426000000000185841e-03
-1.427501911121727297e-16
-1.247663528467235914e-16
-1.257756427816592981e-03
-1.082592560320948119e-03
2.512542948646023268e-03
-2.276836294182306084e-03
-9.651687110840844906e-04
-3.377952380166998614e-03
9.915826577838301927e-04
7.337925967467763296e-06
9.277777777785794339e-05
-3.966666666666255822e-03
1.694413593864514071e-03
4.437088076412585083e-03
-2.512904190194598618e-03
-2.706699878503325551e-03
-1.983666666666852180e-03
1.970443751611830126e-16
8.178995376802570584e-04
8.028588086771146822e-04
1.594986688453531873e-03
1.069741644366386125e-03
3.709722222221993777e-03
3.569944463445106318e-03
-1.894488855032909437e-03
9.955555555554261441e-05
4.025999999999871695e-03
-8.756216163337781346e-17
6.988046867864403346e-17
4.680916328559008369e-04
-1.501040763748374149e-03
1.663787951965153529e-03
-2.703769461675408154e-04
-8.222027360962288513e-04
-1.925724599003369010e-03
1.037454638285325789e-03
-8.929824417930168118e-05
1.722222222213982097e-05
-3.153333333332968350e-03
5.103919686881970737e-03
1.989285648439076664e-03
-1.795597891150863077e-03
-4.086098812821324817e-03
-3.090333333333498619e-03
9.492179153394835795e-17
1.133394211664444026e-03
4.091509956903317986e-03
-3.348715003932849535e-04
1.435369752743796039e-03
3.345277777777729174e-03
-3.580845186435914485e-03
-1.367286028984885781e-03
1.542240462582858363e-04
1.827631501119815829e-02
6.867163569078982288e-02
-2.229174205727300212e-03
-7.088649798477256571e-04
6.955311230981408091e-03
-2.858736642142415199e-02
-3.477926436579207789e-04
-5.205328061789421621e-04
9.909813872226939935e-03
7.205143598719752169e-04
2.169330886357243211e-04
2.399071969289233149e-04
-3.231135356939385164e-04
-1.155126413870522081e-03
-4.417106646535825490e-04
5.817893355608233594e-04
-5.010240546624160005e-03
4.118963232243123135e-02
1.479127887210402725e-01
9.866664502356764510e-02
7.950025024828831152e-03
-6.384156452715230960e-03
-1.545394909714906768e-03
-9.623009493501354442e-03
-1.220379318220923652e-02
1.669732858142703325e-03
-8.902740801622400536e-04
-3.270486468122011606e-03
-4.904344541198842403e-03
-2.432865729592342851e-04
-2.136248637490279195e-03
-1.153244430715980560e-03
-1.929833299945608871e-03
-2.247997603979616854e-05
-2.446536178829671255e-04
4.278398856227071112e-03
1.199083485334517108e-04
-9.480930177247394322e-04
6.088236701468691852e-04
3.663352911706128923e-03
2.434448682982412893e-03
-9.594850262565465717e-04
1.159163506933600946e-03
-2.209103633979284890e-03
1.028573628201385950e-03
-8.714752782926646346e-03
-1.117820111515974678e-03
-1.470144363448290829e-03
-3.975240098142639552e-06
8.354861394215391769e-04
1.882637337321675902e-04
2.844673878565652774e-03
1.965703801691516626e-03
