9.562508250657766190e-03
3.037427160500474344e-01
3.545718799380939007e-02
-2.425294709728312639e-02
5.108421718876295439e-03
-7.407138461531029283e-04
9.068307692383562708e-05
-2.937969230762506670e-04
-9.720738461513508651e-04
1.390483069886093263e-02
-3.263588846354589703e-04
6.011573264905416920e-04
-2.222964388056476726e-03
-1.484921816293312182e-03
1.157656645732704033e-03
-3.615460133464775934e-04
-1.585236996100032603e-03
1.466570239190315428e-01
4.416975726943870445e-02
1.531971338583932099e-02
1.663054668386932874e-02
-1.147569230772476923e-04
5.341538461309248434e-06
2.030153846128268709e-05
-9.603692307751603542e-05
3.154449823158534949e-01
1.252715492979046552e-01
3.089390324898843784e-02
1.035121962583118553e-02
-3.537353846152850069e-03
-1.220316923076875722e-03
1.863230769237630795e-04
-4.088738461511673352e-04
-1.442051108069659360e-01
-8.740583688176180310e-02
-9.890434014577453858e-02
-9.773975130482147333e-02
7.688861538461377442e-04
5.807830769231900120e-04
-5.720969230771205108e-04
-1.423273846154222933e-03
-2.648132612337967748e-03
-2.669150339639138770e-04
-1.204728972513807965e-05
-1.578455916202965584e-03
-1.287387846487119845e-03
7.807601057959728114e-04
5.664608446737285388e-05
-7.188596438166480751e-04
-2.472574623991391773e-01
-7.781668996824356310e-02
-7.625925925931589626e-03
-1.026740740741602376e-02
3.231510397879412688e-02
1.167243899692965714e-02
4.188615598246200541e-03
-6.561329679616181333e-03
4.650734087483483076e-02
-1.777298028522200923e-01
1.368148148144986533e-03
-2.754814814824988693e-03
-9.261101533417494952e-03
7.199425249017123510e-03
8.481917975113302879e-03
-3.823447687066475979e-03
3.987692307572564732e-05
-8.958461538466610521e-04
8.400406749892508351e-03
-1.638308369192994357e-02
1.513846153834572583e-05
-2.896030769236239226e-04
4.522425368428199463e-03
-2.250786410005874150e-03
1.513846153869688367e-05
8.536769230760960728e-04
1.502761313658134909e-02
1.060519545772632168e-02
3.987692307918556006e-05
3.749113846151728643e-03
4.356420530236967958e-02
9.187836613219434873e-03
1.014388524750173097e-02
-4.886880575069644378e-02
1.255172874929927265e-03
4.279131310818536310e-04
-4.942769230752632213e-05
-4.259384615394067367e-05
1.460615384605757928e-05
-7.902769230707145309e-05
3.493445492927459983e-01
-2.723859183958264249e-02
1.750195448463605363e-02
7.030749877528194407e-03
1.081292307693037255e-03
-3.135538461534845170e-04
-1.153953846153382484e-03
-3.351507692306785781e-03
-2.424002174712231957e-04
-2.255056184206517822e-02
-1.172730162806729648e-01
-2.286959195451781016e-02
-7.367446153853645253e-04
-5.369723076927239826e-04
1.047876923073944342e-04
2.063575384615050530e-03
-2.029479786948786696e-02
7.670075223991079660e-02
-2.555827160487620688e-03
4.947382716057546759e-03
-1.282578774425610288e-02
5.666133026057026956e-02
4.191827160500016455e-03
1.940861728395324934e-02
-1.467704615384140794e-03
-4.864738461532239471e-04
-8.937323076921856960e-04
-5.613692307722128745e-05
-6.033323076922336064e-04
1.526183076922774107e-03
-2.270904615383555550e-03
8.635766153846133331e-03
9.964008033874023618e-02
1.166743212886881854e-02
-3.610804935088700058e-04
-1.576277500327965316e-03
-7.757785497700277394e-16
-1.351074595268365740e-16
2.537946669283726782e-16
7.835466524709659676e-16
-2.252673536661380441e-02
-1.863920657652849006e-02
-1.300230688297025761e-01
1.714467001831965686e-03
-2.416246153848305392e-04
-4.155230769213913341e-05
3.392769230774321271e-05
4.373538461501191133e-05
-5.004121235348791500e-04
8.019048882589782656e-02
-2.657654321011826892e-04
-1.132679012350114789e-03
1.842938189662816180e-03
-2.022234712779636540e-02
-1.350456790125431975e-03
-8.790987654354794631e-04
2.600615384594427603e-05
2.027630769233888927e-04
1.728307692308395452e-05
-4.623846153799024682e-05
5.443076923021666959e-06
-3.275846153786784071e-05
-5.687384615451968387e-05
2.012307692444246653e-05
3.891219299452898794e-01
1.882780747898433679e-02
7.969545439783754306e-03
-9.058113265207289305e-04
1.309557126802923898e-15
2.062565250039716508e-16
-3.097355705657128026e-16
-1.383221143513508585e-15
2.742168222472766981e-02
-3.087588770545409214e-02
-1.937178129147178740e-01
-3.913829681926490065e-04
-1.044080000000848028e-03
-3.428200000000925104e-04
1.573540000000171746e-03
2.025440000001052857e-03
-1.026921019477639377e-02
3.341582090172785097e-02
-2.575702469136608580e-02
-1.146097530864853206e-02
-2.137614335795189752e-02
-3.780834096665377370e-02
-1.110097530864933082e-02
3.762975308631187881e-03
4.461390769231611542e-03
-2.396369230769824880e-03
7.185353846152870653e-04
-1.722046153844169743e-04
-1.027064615384941414e-03
8.623153846149675871e-04
8.341907692283507831e-04
1.210270769230535224e-03
-1.473691044912307790e-01
-2.444514440352935081e-02
-1.012069405217035922e-01
1.321802375537580072e-02
-9.385657180096650512e-16
-3.658416710759387183e-17
-4.656659543405026889e-16
-1.524182569980568561e-15
-4.053521206220022321e-04
3.847795520824890542e-02
1.386045010472251593e-01
2.912660451780665904e-02
4.054635303919922051e-02
7.318634973424875505e-03
-8.816508198089252277e-03
-7.637456985997297630e-03
-1.848052499931084145e-03
-1.106823653821027318e-03
-9.101113224632548975e-04
-1.924979658039476481e-03
-9.602466690921817195e-04
5.878155153406287815e-04
-1.068610712207584360e-03
-2.879478039632446182e-03
-1.720169594859298837e-02
2.855013107668500499e-02
1.566142231262782070e-01
2.043193728174510365e-02
-3.881194695700460051e-03
7.308123388859517205e-03
1.798700417972201593e-02
3.176017950204149815e-02
7.534422650467644846e-03
3.668720685831101946e-02
1.740052531212420150e-01
-1.488277471855059889e-02
-5.399567591238061195e-03
4.300356103710170630e-03
2.023828976599983953e-02
3.241854396213909861e-02
-2.645630769230144803e-03
1.232151563200223690e-02
1.950874922163208652e-02
-3.290186233171805974e-02
-1.165553846153165492e-04
-4.010436798495221368e-03
3.897194324265708127e-03
-1.650548606131623658e-02
1.002884615384539227e-03
-2.190205496335145049e-03
8.769531677853822232e-03
-5.807472298145648082e-03
1.372449230771403484e-03
5.006187047733101809e-03
8.570858956229821879e-05
-9.994081672342921066e-03
-1.617026594951641305e-01
-2.168714806042589677e-02
-1.245858725167245343e-15
-7.300354636408468099e-15
3.390650367193141085e-02
2.424187594749662930e-02
2.274815832939495186e-01
2.168949225009741185e-03
-2.914860308844889267e-02
-2.766121288011383697e-03
1.419233588454567319e-02
4.556049963111919593e-03
6.142888888890833329e-03
-1.252870080933426444e-01
2.773965667876999719e-01
2.022385349715677405e-01
2.236222222225945494e-03
3.697483648332004075e-02
2.007448467130002190e-01
2.035233351137136770e-01
3.484383666247363454e-02
-3.291025950750067763e-02
-1.143825765015336821e-14
-2.041226387487752006e-14
9.601339994495881446e-04
5.444001747159573495e-02
3.266604642084213195e-01
-1.807475672359623586e-02
-5.998133245978735234e-02
-6.287876565351730243e-03
2.862122078151214943e-02
5.637438755319280209e-02
2.205844444444400240e-02
-8.108212845987670947e-02
-4.406409653611107619e-02
1.077627521361926854e-01
1.041844444444462066e-02
6.146076247188873160e-02
5.520684478634495414e-03
1.568574134173286727e-01
3.987692307716979106e-05
3.011135441655811239e-16
1.291895384614996688e-03
7.866003644293127414e-03
-1.873132595046925197e-02
-3.732900636290022167e-02
1.513846153851420238e-05
1.688148598517756376e-16
1.074967692307387222e-03
-1.922613486594480304e-03
5.923911849508615383e-04
-1.661068514806779070e-02
1.513846153834919697e-05
1.471612010556138591e-17
3.133676923077968616e-04
-9.284539710595255887e-03
1.881102523485132794e-02
9.602554150844778633e-03
3.987692307654605632e-05
-1.147071662734294269e-15
-2.113046153845006222e-04
-6.896142033561873837e-03
8.757999654352857308e-03
2.458168791112620710e-02
6.809334966724274636e-03
-8.819451044040121923e-02
-2.108307657354179659e-02
9.262858148542940651e-03
1.288953866032430627e-04
2.054686099206494323e-04
-1.658444378755601583e-05
8.979587570584638215e-05
1.114144025355686372e-02
-7.931239920226894335e-02
-2.078614089142009347e-01
5.532515247372727513e-02
-6.315849365684186867e-02
5.603423338393649644e-03
1.892811741331195169e-05
5.000251279813571446e-03
7.624521890276368674e-02
1.595741302444719789e-03
-7.488510301735586128e-02
-7.883014427439016814e-02
2.019982148780960843e-02
6.536117248467782624e-05
-1.834188943533322054e-03
-7.029748271686132519e-03
-1.451639820910608815e-02
1.308875978897287295e-01
5.111747403203251855e-02
-8.854090622161019108e-03
1.120057334782759151e-02
-1.325191620460194723e-02
-1.298979498255296849e-02
-1.010615967014172160e-02
2.742132805723530419e-03
-4.235109955259162899e-05
-2.052493549410666553e-03
5.838752190717414088e-04
8.193292903081163476e-04
7.712932394956031890e-05
1.171833723133008064e-03
1.089741779600297323e-04
-1.407971490507554380e-01
-2.143269590122033885e-01
-2.483006059779384045e-01
3.587126095956998800e-02
-1.505558664841470445e-03
-1.559124317333142337e-05
-5.105229494040526778e-05
1.244795157736053965e-04
1.236051707488935308e-01
-1.180809658967620253e-02
-7.120625701966286358e-02
-1.521510054221466290e-01
-7.306856812311742421e-04
-5.758160790180628626e-04
7.674665682026974992e-05
-9.972454461447865983e-04
-2.463164142028072962e-02
1.551963167053224679e-01
-1.758310540564119243e-02
7.850297532812824247e-04
-5.131986683893440676e-02
1.204858138921823946e-01
-1.597192633445619278e-02
-4.440876367734945644e-03
1.230620685842924097e-03
-2.001941238606128916e-03
-1.068979878842952471e-03
2.659814641795021136e-04
1.065260823867539243e-03
-1.103694296821640299e-03
4.050384646630472230e-04
-2.980844069401136168e-03
2.141175430472499475e-01
-1.953089048696102920e-02
-3.758970410317010596e-02
9.258518017832754674e-03
3.166370360230508132e-03
-1.130718126930971984e-02
-6.024219888875575503e-03
7.659854994291183036e-03
6.646755018289364492e-02
-7.179224088268323922e-02
-2.022122893385307207e-01
-1.457864446652047952e-01
-9.558230568341187505e-03
1.373958059177544152e-03
-9.193506658208193622e-04
-3.995573948211103045e-03
8.423978246126683639e-03
-1.842353440903477316e-02
-2.513240000186446957e-02
-1.537688621393140491e-02
5.326025003631471716e-02
-1.809404982521673963e-03
-2.054445815113077091e-03
-2.468879261388480517e-02
-1.266583186151803812e-02
1.307004691806155569e-02
-3.620876059271672942e-03
3.483285313984762262e-03
-6.410316486224661983e-04
9.479965543311984514e-04
-3.681760417402948644e-03
5.935499955063600584e-03
1.920731460984248240e-01
8.347615676092949577e-02
1.588495190411987057e-01
-1.569311376047246021e-01
8.534507850143512042e-02
-9.021223057365747658e-03
-6.512723903775006649e-04
-2.823630875372304307e-03
-1.004718775777164591e-01
3.848626708881626446e-02
1.090858129084151945e-01
1.245186165056039185e-01
3.617433727465818594e-02
6.266987413523071593e-03
5.188871931710539731e-03
7.134822181643477902e-03
-9.567322216369930632e-02
8.726088659370943162e-03
1.581738204708724727e-01
1.001466229651014200e-01
-1.437643195550020736e-01
3.937841823464543339e-02
1.627918020322537407e-01
1.961509297959652953e-01
5.651435080784606227e-03
-1.530010274097499609e-02
3.567342365937530100e-03
-3.483855174424215634e-03
4.011654978781171370e-04
-4.995240790501845156e-03
5.264854984611252141e-03
-3.536149064074455527e-03
2.129517101981221461e-01
2.878212106657322411e-01
4.223795883290578645e-01
-5.845944266710156878e-02
-1.912790224895239699e-01
2.201685318772461999e-02
1.286618963858200404e-01
2.329752193927587811e-01
3.219311598427067322e-02
-2.270463517627328009e-01
5.651821662161846810e-02
-1.668982440299677239e-01
-2.724319347060158089e-02
-1.048867748693294022e-02
-7.474100972013980604e-02
2.297494819159262743e-03
-1.519133593363032331e-01
1.115998907372251492e-01
2.971136771183664482e-01
2.475186869757399211e-01
-2.351267102769555653e-02
1.074483672401767937e-03
-1.394194712390428234e-02
-3.154112155074626639e-02
8.308411057358545959e-02
5.441073890794642653e-02
-1.710098107549718263e-02
-3.900299101182389265e-04
-3.859460726518301570e-03
-3.111328886566405803e-03
1.674806724292034806e-03
-6.685042950889464371e-04
1.318393811822429545e-03
9.593540558844676708e-04
-7.938964740724377628e-04
-1.285109515840266239e-02
-2.219495691746896458e-03
-1.728642135522364450e-03
-2.046252567984300792e-03
-9.574594534875965207e-03
-6.505272838207422186e-03
-4.552378293889638994e-02
-8.548518133905527033e-03
-4.008267922107839124e-03
-1.300905634806110713e-04
2.163646411417778290e-04
5.401703669825453724e-05
-5.549052173007199126e-04
1.975775977790487567e-02
3.666671269230947772e-02
8.156539945731060282e-02
-5.431757268611766241e-03
2.343919549924012387e-04
-3.923939012964119971e-05
-2.441551684997827262e-04
-6.252891426538704969e-04
-1.317880780635580229e-02
9.770286850941610479e-02
9.516017136691937812e-04
-7.229663090603266097e-03
-6.338838168349954054e-03
6.794730110991449579e-02
-4.555804886088551595e-03
-9.365546437096255658e-03
-1.482898352671964621e-03
6.858660480784334150e-04
-7.195601839686592647e-04
5.780530301695175222e-04
-2.721568973288269262e-04
3.567412728471783820e-04
-1.772916246106424443e-04
-4.570187535807863216e-04
-1.029769030209174221e-02
-9.699888556795797923e-02
-2.329378727120550441e-01
6.440512114451428516e-02
-7.743052429107685763e-02
7.028722958287938853e-03
-9.960358186033341395e-04
2.650685746756131604e-03
7.011725637317847704e-02
6.872608655356389484e-03
2.374514983325678660e-02
-7.083829600057303666e-02
1.673452995411679268e-03
9.774295220224017960e-04
-6.407997259925688523e-04
-7.570814461019242242e-04
-1.009274909963349051e-02
-3.768063700318099313e-02
-4.173083685215635275e-03
-8.504211994492558851e-03
-5.561727025632159406e-03
3.203688901733151712e-02
-1.898848341410526094e-02
-6.898701954002350346e-03
-1.866320801336202343e-03
-4.279321865504590733e-03
-4.376694146627465361e-04
-1.052138104317508396e-03
-1.842039544723972214e-04
-9.449135020315570840e-04
3.532737244454404839e-03
-5.667115789730545194e-03
3.719504090757309173e-02
8.237555548860917357e-03
-1.388265136196692104e-02
-4.247336966087097293e-02
7.316486901905527342e-03
-1.798046211020195759e-04
-8.801884524874549042e-05
2.858023416576398711e-03
-1.102594734274574446e-02
1.451323930861816220e-05
3.713923471807934612e-02
1.899175011394971246e-02
5.691192209703992318e-03
-8.998676110503225217e-03
-4.352972590489876704e-03
-1.834744396700201119e-02
-1.058544447382134268e-01
1.080370930832865069e-02
1.865864326425243080e-01
1.322178755395291838e-01
-3.342415192558162440e-02
9.852158575111468614e-03
4.139736740756350120e-02
2.963489694468654165e-02
-4.149705005771621089e-03
1.427656001293891100e-02
2.514135101907092598e-04
-2.744729899386622041e-03
4.739234424391529235e-04
-1.209296688337790221e-02
1.983710481121836889e-03
-2.114225883556332050e-02
-4.276997496479490596e-03
6.690720099350311312e-02
2.280364887078962371e-02
2.247504634845420846e-02
-4.129836933145782096e-02
-5.408214557072684586e-02
-1.280114569620527665e-01
2.254220907304236091e-02
1.544478827919885423e-02
-1.317437839928314314e-01
1.998231232889921896e-02
-1.038894661929554153e-01
2.930179405844569093e-03
2.385674356131121596e-02
-2.205210874532599272e-02
-8.112237802467985731e-03
-8.071028415170347636e-02
2.598362202858498990e-03
-6.893543267549828713e-02
6.171469064449534858e-02
2.261466474599784122e-03
4.654546653975671217e-02
1.219661096313131785e-02
-7.704929454046398341e-02
3.550242769322697022e-03
4.192446295679258701e-03
1.317287027200887261e-03
-3.063840431955326508e-03
1.650271455601193954e-03
-9.367059142493485606e-04
1.742498972624612074e-04
-3.310135054171128594e-03
2.027486545772666862e-03
-2.506708242909397311e-03
-3.016560935541080964e-03
-1.081201333010362899e-02
1.843169561731202106e-03
-4.900077036232675792e-03
-6.510516996372560025e-03
-3.200045235848494873e-02
-1.572102400989167925e-01
-1.499251579358251429e-01
-1.624348504256295234e-01
3.236847112484652483e-02
-1.151650985402971183e-03
-1.622457955996788392e-05
-1.240312546861512704e-04
-5.090253592544824717e-04
4.451861551308768788e-02
-2.463274306344012329e-03
-1.738206142214173203e-02
-6.118704068806063434e-02
-2.816655301738776402e-05
2.815215147069690052e-05
-7.479754568351071580e-05
1.971082506972366083e-04
-1.251294688785089398e-02
9.278716225272290452e-02
1.952257612639260930e-03
2.770515315443454647e-03
-7.094354016202234631e-03
8.298140828234043531e-02
3.506227932655912784e-03
4.969201910116044507e-03
9.951784377294654860e-05
8.743484080785498451e-05
5.222791597715512052e-05
3.076554333710567542e-05
2.411762865016367692e-04
2.882539025913253154e-05
6.577951213929190727e-05
5.192491713440976035e-04
5.972295106742141202e-02
7.999576928465486347e-03
3.489871202575677706e-02
-4.707134769522903356e-02
-3.469255137613641701e-04
-5.828632978200721853e-04
-3.403951604298386942e-04
9.036528993977712256e-04
-5.033995955730779376e-02
-3.538956532627850898e-03
8.589313908931228356e-03
7.424862427872878923e-02
2.061408180288438682e-02
2.075803197359784094e-03
-6.366703698473382897e-03
-4.201703751826003572e-03
-1.903168982635316253e-01
5.457524552624939962e-02
2.178457177551101631e-01
2.763610811566233894e-01
-3.161952114307815809e-02
1.708719098789548627e-02
-2.539261717205563290e-03
4.500685084958083032e-02
3.671328210321443165e-03
1.536832404733996793e-02
5.088631006543523896e-04
1.663998666181064822e-03
-7.916412008578974178e-04
-8.165130698678914681e-03
7.460275423078509879e-04
-3.046020292958294320e-03
1.555767935075657964e-02
7.237494627756183019e-02
-4.126047220504489542e-03
-5.390053245141624566e-03
-3.583835498272738146e-02
-5.230574821988606682e-02
-1.310681262008089321e-01
1.356184610808752397e-02
1.700958873036035809e-02
-1.998082199579668816e-01
1.950599799434225541e-03
-1.330902974775022840e-01
4.261953306525861733e-03
7.502213515477668127e-02
-4.469803915343878442e-03
-9.339129251259157410e-03
-7.413042553958401615e-02
-4.193519294710502249e-03
3.027751396892993524e-02
1.021943243558526976e-01
2.241532687537796040e-02
-1.536843882977314002e-01
1.405989008995745838e-02
-1.385749721874393325e-01
9.298720886542743416e-04
3.777848621594352479e-04
-1.438032933027402413e-03
-1.860979857383270736e-02
2.257207064480425888e-04
-3.648722362000310094e-05
-1.255752693261170754e-04
-6.480106583192130239e-03
6.924315264104759443e-04
-6.182784987657866929e-04
-7.813950264230644155e-04
-1.247528131418181594e-03
1.572975110542646979e-03
-1.785610707155794834e-03
-9.664926165889221746e-04
6.368356570681821607e-03
1.903690161977737716e-01
-5.781567654813311863e-02
-1.119920354133298601e-01
2.618612933514580937e-02
-2.705740773016977047e-02
-3.297796018966027073e-03
-4.415002356430577229e-03
3.142626223426490777e-03
6.622488440574135493e-02
-4.744540321449570303e-03
-4.663075981348693139e-02
-8.142315027841579012e-02
6.393688478550635769e-04
2.652645459522588517e-04
-1.930057385062530442e-05
-3.950569390776656389e-04
2.271585966698065964e-02
-1.183462947994738321e-02
-2.181600424310255019e-03
-1.469867690709153853e-03
2.762787587561972222e-02
4.362473548893852637e-02
-2.253289764409591080e-03
-1.942130694459773569e-03
2.252170682276321710e-04
-2.609772652498715517e-05
-5.410098556065920698e-05
1.345422751870888555e-04
3.271438396683368899e-05
1.630257031244989371e-04
5.178943973642301420e-04
2.349638777367952808e-04
-2.785667188811080403e-03
1.909779549509817848e-02
-4.564038774902410417e-02
-2.340133394019834959e-02
-7.699304033860116664e-03
1.042715401850626201e-04
-2.477163704016489311e-03
-4.345781538911527332e-03
-2.170590378486446370e-02
1.916129687521745187e-02
4.338057574222520946e-02
2.921905226389255247e-02
2.108638848986989570e-02
-2.979614048602082215e-03
-1.477068075570176419e-03
-4.203956580962136917e-03
-1.929693372590959854e-01
8.081904738594829218e-02
3.165443425121800547e-01
3.123000481539604523e-01
1.135298965206269287e-02
-3.915085688045880780e-02
7.090761737095947759e-03
-1.468882827697779239e-02
3.057656456220597067e-03
4.065364327695445562e-02
2.056756327012077435e-03
4.357550077359884956e-03
-6.131780003742113259e-04
-1.919891120951360691e-02
-6.267255556578693945e-03
-3.010137086547173130e-02
1.814891386453499830e-02
4.713840174801382094e-03
2.228156617704288073e-04
-2.441405889411545072e-02
-1.189766423813149732e-01
-1.540535914386517019e-02
-3.959038431389723389e-02
1.206525531824442915e-01
1.176986434725723132e-02
4.555550639294208420e-02
9.356129881469502779e-04
-4.091087713104228640e-02
4.739820971237352493e-02
2.521221950874964063e-02
1.712967957570264016e-02
-2.116751336536492473e-02
-1.109776100651097830e-01
9.290397087984627114e-03
8.543526818278748824e-02
1.396239595302359027e-01
-3.331830705700195017e-02
2.303703046907297838e-02
-4.068661366074105556e-02
-7.024228382994517073e-02
-2.667277782785104981e-03
-2.243107180446869513e-03
8.039137201450035491e-03
7.893859013405373631e-03
-1.062938477639931547e-03
-1.906270615146521885e-03
2.430975627460055417e-03
-3.226435061005891898e-03
1.495793867754652675e-03
-1.108384417489501322e-03
-3.497730871497811526e-04
-4.890508442224616309e-03
6.335163787751264819e-04
-5.309624383037548929e-04
4.876831068316311467e-04
-1.956564366161831750e-04
1.199221291565329001e-01
8.320863493079512507e-02
1.849454106585648461e-01
-5.126917771778231880e-02
5.312093973982522088e-02
-4.910385770898539198e-03
4.786844995085432245e-05
-3.601534612521486642e-03
-3.074980157176773407e-02
1.593944334310404276e-02
2.898441934074423229e-02
3.513620051600861022e-02
1.709877256399584822e-02
5.481561006265026287e-04
1.670922380312573133e-03
7.571453471132866568e-04
-1.513496399784060309e-01
4.014225241678855832e-02
1.688264811164220947e-01
2.005352603775082398e-01
-2.190420841316504177e-02
-6.682859836366415555e-03
-1.492450872810427952e-02
6.236581509487970632e-03
-2.421250982624799570e-04
3.073357153003005316e-03
-6.126573260840183070e-05
-2.608723631011209722e-03
-1.434913185628813545e-04
-1.240573902827253085e-02
-8.025302169770963129e-04
-1.975146197140350071e-02
-5.536060226795043449e-03
-6.701086330040894115e-03
-7.539956579254758311e-03
-1.010549397739704709e-02
1.155255824141082806e-02
2.837882771861934949e-03
7.444012237696614846e-03
-3.035243507880915244e-03
3.465182294723824497e-02
-7.863476291463505560e-03
-5.121127865127273610e-02
-5.128308426375494805e-02
-1.390028366607297221e-02
-8.672324471825271263e-04
-2.719256533078535931e-03
-1.265415890119862190e-04
-1.826777111155122131e-03
-4.809836741805221909e-03
-1.693289580172207967e-03
-1.880011466724726800e-03
-6.433495038193750909e-04
-5.229504690796052358e-04
7.977267828328842491e-04
3.205427441133017110e-03
9.951174580328171759e-02
-6.022285087491156125e-02
-1.674669827266416500e-01
-1.408413918232311879e-01
-6.406175777946618299e-02
-6.800843011080508899e-03
-4.835424411359346385e-03
-4.484494179713467525e-03
-1.955148731093573830e-02
-1.241036150997121452e-02
-2.142314687101737336e-02
2.505438412014693653e-02
-2.853295362497125509e-02
-4.172368665721818033e-03
-7.706912301685440309e-03
1.115693054497872948e-02
5.299204787949805817e-02
-2.959482249839343049e-02
-6.381462429610194886e-02
-7.973183050900657654e-02
5.703383624474886102e-03
-3.604430262482092532e-03
-9.953742904426425911e-03
-9.344948365953467673e-03
-7.864204049081184936e-03
1.014596445258877759e-02
1.284342904809755541e-02
1.266385307876954046e-02
-9.487897487846851802e-03
1.496171829516161449e-02
8.696925745893009999e-03
1.700443293541256326e-02
-5.209943185377923641e-02
-1.955203840096864099e-02
3.592838593519877971e-02
4.575485969462517871e-02
6.592804441538108011e-03
1.085682790385173423e-02
-3.874067915590358180e-02
-1.786200113667300859e-02
-1.460021576401650430e-02
1.184199650758230651e-02
8.573448122857953851e-03
3.558320425803193632e-02
1.504463256913240732e-01
-1.776938523467458397e-02
-2.479551455396755422e-01
-1.774431470292505975e-01
3.638841608280490858e-02
1.367307422961044731e-02
-3.481882551070791809e-02
-8.255654371656176178e-04
-4.457168703059984083e-02
-2.194743803961723277e-02
3.154969120833325423e-04
4.582186161040606442e-02
4.574266542673249836e-02
-2.255577225454078252e-02
-4.040898967468078279e-02
-5.054942990512852063e-02
-2.890640088781238487e-02
-9.122600668103479681e-04
-2.740511903430481629e-03
-1.812074810108521821e-03
2.512462578643830380e-01
-6.800702405224942626e-02
-2.902558333913762278e-01
-3.345675713868705992e-01
3.798911088993060792e-02
1.990739527190806338e-02
1.296207309059785144e-02
-1.578867089513665001e-02
-1.650592639008025301e-04
2.356321201597530446e-02
2.785891587173495564e-03
-2.811649206538549984e-03
-1.532120810461946869e-02
-8.342439488890865396e-03
-9.299051826322895760e-04
1.176881101465381690e-02
-3.364753163968088514e-03
-4.747256041745622737e-04
7.247453638517365772e-03
4.934692697207139316e-03
-2.575247632392047709e-03
5.213284293595298567e-03
-4.370649853157972976e-03
1.063839482485204801e-03
2.760734801584069451e-03
7.138817372989971800e-03
-4.949492136690066164e-03
1.020715556760038063e-02
6.682330254863031067e-03
-2.605118834332217480e-03
-9.108327130840244285e-03
-9.842934392391299372e-03
2.266877271947707884e-01
2.059311397053570913e-01
2.672846205261317221e-01
-4.912685738967913218e-02
-8.282813199409899685e-02
-3.541312917822730597e-03
3.319653071799277821e-02
1.139985262674423627e-01
-4.241885732287704359e-03
-1.208911646698702796e-01
-7.365544299465624084e-03
-1.205935328525585687e-01
-8.750494003781243701e-02
-2.606975163027177439e-02
-5.356335987107336410e-02
7.402080950960225614e-02
5.431508649310689413e-02
-6.172940486162705603e-03
-7.793482521355061567e-03
-7.654531036622939932e-02
-3.317550495029961827e-02
-2.246582821652254053e-03
1.157425564519163133e-02
6.677157814185515419e-03
3.004162939504720908e-01
-7.793991427274110650e-02
-3.812898404693449428e-01
-4.324360427794459727e-01
4.966963752256575715e-02
4.999642818330859995e-03
-4.458084099293819873e-03
-7.229200784101878774e-02
-1.849254796388260028e-02
-1.110064959967477505e-01
7.768231609126548254e-02
6.971748606089558931e-02
2.044764126658584480e-01
-4.945399244736375238e-02
-1.758209277260850897e-02
-1.119220941358376326e-01
1.381258316130505592e-01
1.435758408105741908e-02
-5.671020072322896510e-02
-1.880515719904345129e-01
-2.960645284776243155e-02
1.475375742355459693e-02
-6.847509529213656465e-02
3.990032098206640863e-03
-8.789021652376752258e-02
7.923145653366887864e-03
7.487825967298807062e-02
1.168360480569863302e-01
-3.272563841810015826e-03
-7.099260433880496234e-03
-3.827443562491145927e-03
-9.651652010781849866e-02
-2.331379280184943045e-02
-4.656018265047093263e-02
1.450108341020995770e-02
4.555365204483211722e-02
2.062717405255166947e-02
-3.821426817913237822e-02
-6.618770610926254239e-02
-3.864461385841912872e-02
-3.583121282499913268e-02
4.657588721596812517e-03
8.077843545087720969e-03
1.874276564844671103e-02
3.233471423535150824e-01
-1.446882926994653429e-01
-5.399587572197943608e-01
-5.073284333988735684e-01
-1.450243991611281820e-02
4.839320119245463930e-02
1.332628178214472978e-02
1.991826600838945277e-02
-9.875289391167586805e-03
-3.488973793376884402e-02
1.409878576699747643e-01
9.427124003625902580e-04
1.042440001080198742e-01
-1.132039354280294924e-01
-3.864847902751769419e-03
-6.436829419225974236e-02
1.486054998137662231e-01
-1.210540363838988158e-02
-1.358143160539710126e-01
-2.000715658404228214e-01
7.158100790887697573e-02
3.739097850009912710e-02
-3.533978956432077970e-05
1.110702299922470236e-02
-1.819697901729827941e-02
1.521452359535247455e-02
3.213957992824826443e-02
-3.205022379322438556e-03
-9.241965048181047249e-03
-4.893254554658239830e-02
-3.447009277458195318e-03
-2.687722030055576979e-03
-1.125009505815802711e-04
1.446107356504771095e-03
-3.835521266060798115e-03
1.239045050046121837e-02
3.240533254335681724e-03
-2.148301934406595098e-03
4.448392990478405688e-03
-4.265130991420566960e-03
1.154534393076930843e-03
5.695692461688266640e-04
-2.150997263579670885e-05
-6.232682889502424647e-03
-1.094412422723223298e-03
-4.531965370073989460e-03
-2.918432811373585824e-03
7.874932608019769367e-03
1.323560336381297831e-02
7.728313769967022975e-03
-1.300022362750142277e-03
-2.397979239866439381e-03
-6.083166160358106011e-04
-4.689583470304166911e-03
5.797960331044153467e-03
-1.401304513441008551e-02
6.899921873026203245e-03
1.616042677137304387e-02
-8.270555850884454005e-04
-3.949942316450059422e-03
