-7.605555224522196056e+01
-6.740141559925471704e+00
3.085687099358924712e-01
-8.132728139666876643e+01
1.816632256749702776e+02
-6.620719312860873629e+01
-6.212431567206488481e+00
-7.502563140772033989e+01
1.921634473049471694e+02
1.920731411362633168e+01
3.532264969517722619e+01
4.787100670420652904e+01
1.207567237035619314e+02
5.098359910183045685e+00
3.924176326366624323e+01
-2.251770668769420780e+00
1.205514568405314435e+02
1.037521120889325488e+01
4.480805522451541378e+01
3.602374433868410364e+01
6.040790456977239486e+00
1.272891605551568084e+01
5.108556381042732397e+01
3.833068821671547255e+01
9.459576656593689847e+00
2.985072890809095658e-02
4.936241857940875555e+00
4.930751288082097616e+00
-3.814177953546507571e-01
4.319474104804342574e+00
-4.904569267817656453e+00
-8.352824734629212600e+00
3.588671508822422584e+00
2.616471752653651617e+00
4.361143205474150020e-01
4.810844017095440295e-01
2.784397078335699049e+00
-2.282110818169181155e+00
-2.257037496551341782e-01
-1.320976250172499089e+00
-4.760515814550675628e+00
3.908394562887994539e+01
2.135369867277666245e+01
-6.330586062890684040e+00
7.506252958265334030e+01
5.956305857989575259e+01
-1.166384960749533661e+01
1.563224583765081377e+01
3.032547338054702735e+01
1.677850331854570598e+01
4.995005365139166287e+01
-6.360449219581443714e+00
9.427647110814556530e-01
-4.075522877420922008e+00
5.137267928004020767e+00
1.813225105747298826e+01
3.284667031875397214e+00
-8.493816385998830043e+00
-2.708198381464474025e+01
-2.423885997462404163e+01
-4.677073920720657085e+00
-2.922812213827910455e+01
-7.715185725732440858e+01
-5.754944101037916226e+01
-1.190482390873100016e+01
-4.122504911083538559e+00
-3.343280862282855370e+00
-2.407537774725259094e+00
-2.782784598214151917e+00
1.517156224152157673e+00
6.993083126550333484e-01
-2.258005666206390760e-01
-6.452395260988996739e-01
-1.628672303004781996e-01
-5.601337701645825895e+00
-1.093407120633181684e+01
-2.704855154843591070e+00
-3.719707015095168767e+00
-3.560304357940279107e+00
-3.245585448237879422e+00
-3.935081808312621998e+00
-2.063776881721380296e-01
-2.644621652708839310e+00
-1.096245259696668972e+00
-1.718108974358056873e-01
4.285671283670728116e+01
9.984205655281877512e+01
1.088896334206679057e+02
-9.333825914697565906e+01
-9.051274032808299808e+01
1.130296760761323753e+02
9.744152867404675078e+01
5.290079052979497476e+01
-3.149293913655628607e+00
-2.358752116361789319e+01
-8.089906838988369486e+01
-1.023252007300115896e+00
2.804175140749985307e+00
-6.087433870396822044e+01
-1.892558960492961262e+01
-3.577442300061076885e+00
-3.644804029968943815e-01
3.738112257152774176e-01
1.043951645861348032e+00
5.184887840310727081e-02
1.763262397149626560e-13
-5.217266437014836741e-14
3.153710108055793473e-14
2.554823964983622692e-13
6.803830202931423488e-01
1.404909048125191906e-01
-1.084756072424408746e-02
-3.721142503984366939e-02
4.330421047923869902e-13
1.942716442473198048e-13
8.237698801509447897e-14
4.807070893574136191e-14
-3.038774584137379442e+00
-3.622465191618588598e+00
3.400946489404810709e-13
-3.087739672746319706e-13
2.009948534142654009e-01
-1.344580001837756833e-01
1.719683749027814579e-13
-3.368286707913321368e-13
1.043535447753860756e+00
-2.432951921020050534e+00
-1.252252612243924368e+00
-2.279444285685742866e+00
-5.012899704801253620e+01
-7.766149718168649407e+00
-1.435545785362818805e+01
-6.691111525019239537e+01
-8.237553993198968527e+00
2.804989775755962755e-01
-3.311276537057064595e-02
-7.371286531569063882e+00
-3.091524216526770341e-01
-3.571394517966646198e+00
-2.797725680084428568e+00
7.058324143001191153e-01
9.937501740446895715e-01
5.620742248299922750e+01
5.665574504077704177e+01
4.591282937452211144e+01
4.037562174637358936e+01
5.631715894893464025e+01
5.632148755380574556e+01
-1.010061750510899437e+01
1.933275832017192108e+00
-2.614037928865432292e+00
-2.796850445631371862e+00
-1.506431164832950920e+00
-1.935591015543334237e+00
-3.062715454427133555e+00
-3.049818715517854439e+00
1.373972989822019208e+00
-7.455002628448935909e+00
1.791464609591255197e+00
-8.681442536452031788e+00
-3.169252900278342722e+01
-1.822408241070504363e-13
-1.916000919416839512e-14
-1.595675947636542935e-14
-2.259896175925755921e-14
-1.536211828355220188e+00
-8.548971401064386910e-01
-3.947684536139207667e-01
-6.951736159723178599e-01
3.266515331165757158e-13
1.033686132487554435e-13
-8.366670816638805462e-14
1.033954286712718183e-13
-7.890993762062402439e+00
-8.302881743405832182e+00
5.118707107153159980e-15
4.580939455299100911e-13
2.873909509695773412e+00
2.798420986122594378e+00
1.405229239007488981e-13
4.331949729360269546e-14
-5.122488630038427715e+01
-8.792021742487035496e+00
-1.919197835371198479e+01
-7.034501382044921058e+01
-3.709942249632745437e+00
-1.145299333637730621e+00
-1.994634409505953165e-01
-1.421620881851396012e+00
3.250505468246502327e-01
2.205484617682174076e+00
6.781530017921097553e+00
-3.689343809910765933e-03
-2.953212595349439806e-01
1.751780626775644167e-01
2.004971969488391181e+00
1.151618359985529416e+00
1.027328500002706813e+00
-4.308728884214213517e-01
1.125366956942542407e+00
8.847978726679368577e-01
1.034100520699382519e+00
6.503353798118603757e-02
-4.272019516532642447e-01
1.028858330781621921e+00
-2.489467445733772433e+00
8.023281805742786821e-01
-6.771840998989919758e-01
-1.534118248147415597e+00
-2.094694824837867397e+00
8.735440056267276265e-01
7.452739440194291465e-01
-2.071581150470830135e+00
-1.019373618835973616e+01
-2.367601073273270185e+00
-3.020462565799521659e+00
-7.990947556114994299e+00
2.019618486352843176e-02
3.653458436724759673e-01
-1.711383374719039133e-02
-8.802341811415228534e-01
-5.067307692303356648e-01
-1.099817772953026074e+00
-1.607719447890869180e+00
-1.473623604218647909e+00
-6.561468737034398657e+01
1.278521469552248533e+02
1.283200246754016689e+02
8.202810832762526161e+01
9.880101299903900269e+01
1.430723977204150401e+02
1.427992400253804703e+02
-3.361369182608311235e+01
-5.832718866689781123e+00
4.777792787591024770e-01
5.194297152154465635e-01
-1.194408071786000169e+00
5.186315700955083097e-01
1.351068013164442805e+00
1.338376284849823072e+00
-3.168470625755852144e+00
-1.043860881089768045e+00
-1.022105413852622569e+01
-9.095075296717523017e+00
-1.717372327680415367e+00
8.749315237497637954e-01
3.177314109288775779e+00
2.806421132430292342e+00
5.177504795277129146e-01
2.576264880951831260e-01
8.395039205578899710e-02
5.917968749999717559e+00
5.701604710393806563e+00
4.508391998626791186e-01
3.562968606913430869e-01
2.433643830128148000e+00
-1.035048935438935974e-01
6.792538129034338290e+00
-8.562113213341278950e+00
-3.022041842912213028e+01
-5.474445053126530070e+00
2.881903903388358401e+01
1.244455811838620605e+02
9.366858402014612750e+01
2.195542232651661863e+01
1.285864287622078734e+02
4.871353689713185275e+01
1.984137318121783622e+01
9.591573501729880036e+01
4.012562957875537073e+00
4.637974330357117481e+00
3.763342777012793627e-01
1.075399210164778685e+00
3.822261454350226462e+00
3.427552515271757860e-01
3.458650044073178220e-01
2.926045261831334621e+00
-2.425907019725101676e+01
-5.804257198173802479e+00
-2.059402816830554706e+00
-1.318342413814940173e+01
2.713724547352928915e-13
-1.772702422769728052e-13
-1.238934924519397398e-14
-2.107482287408440921e-13
7.615285621415374129e-01
5.011151322025212407e-01
-1.877634263910136769e-01
8.863557627958382756e-01
7.356435083756918210e-14
-5.365373491454425706e-14
4.176477792602536514e-14
1.167340107873126890e-13
2.368370037220832280e+00
2.929939516128749477e-01
-3.923958011311985662e-14
5.055054854026558940e-14
-3.624108250621509986e-01
2.473759305210823989e+00
-7.293649337137633648e-14
2.240985298061810397e-13
