-2.224251339405798689e+01
1.319600483878409669e+01
-8.938148865455964875e-01
4.047476615267436628e+00
1.371590222529436289e+02
8.809915812385251854e+01
2.486955865816567552e+02
-1.633515171789271969e+00
1.323836187263386250e+02
-4.857446304960684635e+00
2.241305806737960182e+01
-1.680704584480356090e+01
1.466144996838843042e+02
3.222268866560674638e+01
1.254833258223335832e+02
-2.157804842251255550e+01
1.557994036430582696e+02
4.676298938009057338e+01
1.156517132816068028e+01
1.310236554385721952e+01
1.406200422736860212e+01
-7.090612413875733822e+00
3.064923221890238381e+01
2.510804941534641443e+01
1.052483122424928830e+01
-1.106554646901915362e+01
-8.362330987224597223e+00
-1.300537426590478063e+01
-8.916120584101754787e+00
-7.179629948726616639e+00
-2.783385399095217139e+01
-2.530367108165921053e+01
-7.385185576606382085e+00
-4.717133783641373412e+01
-5.322627796547306644e+01
1.331894757823903097e+00
3.702558433923115899e+00
1.000734300466528781e+00
4.165951371384554180e-01
-4.390841813393934956e+01
-1.640336586243426709e+01
3.691227661566020402e+01
2.664861376465465614e+00
-2.016507521591319296e+00
-4.613506359646479260e-01
2.119610369203624778e+00
5.929549336011135097e+00
-9.359434996191143341e+01
-2.591196922373780964e+01
2.777164393680297749e+01
-9.048587030891484417e+00
-6.123783867608852916e+01
3.724343826360227183e+01
3.022644335867999033e+01
7.120340406010861045e+01
3.863474130500519976e+01
1.481636824775468497e+01
-1.059527014434838321e+01
-2.889817128928369527e+01
-1.560988263628925381e+02
-1.172302794275537074e+01
-1.253114887673822153e+01
-1.382155622840404696e+01
2.786608484694261278e+01
-1.966537258879550976e+01
-6.126801699924841138e+00
-6.673354863468025755e+00
-1.926313633648639723e+01
-1.290239084935583946e+01
-2.180996461444275059e-01
8.597758723033825490e+00
-1.864578830262009745e+01
9.604597840543095677e-02
1.436362718271099626e+00
-1.374926698003212699e+01
-2.480625114014935573e+00
3.534926982357193381e+00
-1.757360034072718236e+02
-4.319650321993350417e+01
1.575999121668747271e+01
-9.986778522796068813e+00
3.277875829504408500e+01
6.619290462337281156e+01
-3.433240392185922474e+01
-2.834119013601559232e+02
-1.315560010960630777e+01
-1.140971034842061527e-01
-1.306281280391485000e-01
-1.342486202830295028e+01
-1.492956647179084939e+01
-5.831312438236545548e-01
8.322075250299212357e-01
1.234548628968301109e+01
8.302248743396255515e-01
5.077364989628708081e+00
7.364549109873894217e+00
-6.349129266307101949e-01
3.844413236962947344e+00
1.026550767647355977e+00
4.848960571813592857e+00
2.205873624898507579e+00
3.391743543007434170e+01
6.917607967982442929e+00
-1.954373215644783501e+00
-7.355994503197210710e-01
-2.805354943993746701e+02
-9.647691678044971297e+01
4.400700808445558465e+01
-9.909955075623189558e+00
-2.206891472822922395e+01
2.062636216477455520e+01
-1.584692350122283955e+01
6.082499071968924653e+01
6.815403834051732446e+00
5.884694119143067503e+00
6.055287355785981873e+00
3.476586459337950519e+00
8.508224649558648878e+00
3.445185429137301636e+00
3.272332755473897681e+00
5.270093290028019517e+00
3.983202110417148667e+00
2.161112688341900778e+01
6.715726909735340477e+00
5.030082259781702092e+00
1.191186053340983264e+01
-8.144180595096165121e+01
7.874390891390490310e+00
1.074370438594210242e+01
-3.619249220559607738e-01
-2.992939684643036724e+00
-6.734940200716901804e-02
-7.159399643456402229e-01
3.351682564674236087e+00
-3.739696132821770647e+01
2.892095753913928924e+00
2.420953299057427621e+00
1.288152424591395295e+01
1.555878878196653936e+01
-4.792577909233578737e+00
2.794761555828156574e+01
-2.236137878284174985e+00
2.359009393169818125e+01
4.386796683632841365e+01
-1.931950519989881876e+00
-3.086154633980410011e+00
-4.232919259215061203e+01
3.793417927827477598e+01
-1.092863769628606718e+01
-5.563809791499929247e+01
-5.319671555308575606e+00
-6.132350576310440005e+00
9.564299278028927986e+00
5.878597738852699095e+00
1.183096161349098097e+01
1.303636516815330992e+01
-4.947604119931020783e+00
6.753936310972244428e+01
7.424906939085555280e+01
-5.300905390538074968e+00
-4.216476225732368910e+00
2.469723185485053207e+01
1.047392620106177930e+02
2.239799353579443775e+01
-3.059289030330061365e+01
-1.803200404137197310e+01
3.774947722511644344e+01
2.819254964519839746e+01
-1.491925620890364890e+01
1.341108047472085001e-02
4.362607553986268272e+01
-2.794830237364597458e+00
6.938019051967838635e+00
1.622894857950694103e-01
4.743197589576103601e-01
4.791268655234642182e+01
4.919372224469165644e+01
-1.853723408099399395e+00
5.682150747987489980e-01
-3.070985069088194130e+00
-2.263564345939753863e+00
-6.459082360601843931e+00
-1.759017189268581305e-01
-2.795039863967930804e-01
-2.866014036292789058e+00
-2.139489567060945951e+00
-4.095593909867451532e-01
9.510842777202421772e-02
-4.623337969177221951e-01
5.934091736789018912e-01
1.200084297181914367e-01
1.649863037990018100e-01
3.038068532635898045e+00
2.167292595423295332e+00
3.137557236927659421e-01
1.504138579998874625e-01
-8.816489076620470655e-02
-6.053792577693151156e-02
-3.121438521963897372e-01
-3.003877511885004181e-01
-3.658555683390797952e+00
-6.749589045994419667e-01
-1.413867232114324468e-01
-5.109431197994696028e-01
-1.622456551925107071e+00
-1.941194454800988467e+01
-7.400710121873437686e+00
-1.043360045517030166e+01
-3.123480516417906827e+01
8.898297106326863215e+00
6.722834902077501340e+00
1.326224565208908635e+00
2.883166586406468568e+01
2.134462397027623126e+01
2.228149937389586110e+00
-2.995016881580820911e+00
1.518594665359863871e+00
2.046348488831323564e+01
2.287192405086697988e+01
2.272711880007705787e+01
-2.682485617103214182e+01
-1.308630765259368900e+01
5.447499593558204367e+01
5.448513116074556706e+01
4.003156266890121628e+01
-1.756153668229048392e+00
-1.126584348679894543e+00
-1.061731934046452386e+00
9.790117334121834602e+00
5.983502227556854791e+00
-1.557350000307275995e+00
-1.564653319727174585e+00
-2.909493781396775169e+00
2.504593522115966309e+00
3.024828795698099704e+00
3.002233554085591649e+01
1.734808269533564129e+01
2.142402877672122230e+00
4.274642112266724858e+00
1.133407066743890823e+02
1.155943496252545444e+01
-6.338752257687127667e+01
-1.168140050553721387e+01
4.213103249448132601e+02
5.595516928895710151e+01
2.168585006773754031e+01
-6.143966120799014163e+01
5.250121095988455977e+01
1.301661168838858407e+00
-1.357789965668700916e+02
7.002923022429943245e+00
-1.595396999347064582e-01
3.217356880828022292e-01
2.759888476171271643e-01
5.679327749678602544e+00
-7.466571214607410134e+00
-4.031579580140484120e-01
-3.097177550096008036e-01
9.151173678230192010e+00
-1.348378896157458406e+01
-1.011964714662122011e+00
1.318220394564820985e+00
1.618090673974804616e+01
-2.051376601357818519e+00
-7.097441604896872480e-01
6.545565845786844861e+00
-1.042613426842045676e+01
-5.644159852863121607e+00
-1.900917512267890519e+00
-2.312451299480278166e-01
8.366625675446990318e-01
1.220163844556948068e-01
8.523331137932200763e-01
-2.978366746006354759e+00
4.833614221369800235e-02
1.282606493533314934e-02
-3.272397147188850219e+00
-3.070807837615188163e+00
2.604526679986351567e+01
4.447522018116645270e+00
-5.633430942249602680e+01
-1.432879305630537781e-01
-1.350126728160116940e+01
-1.714502063874803994e+01
-1.471773113910083630e+01
-7.132962595594206334e+01
-1.525524966933102000e+01
-2.367684043349500200e+01
2.430164637492272561e+01
3.733668119989756562e+00
7.085127803755001397e-01
2.463726217046233735e-01
5.855099294423511680e-02
1.198642817999910370e+01
3.570137297763226769e+01
2.881848086342564486e+01
1.131217732050294700e+01
6.542594233313899110e+01
1.566437888107870791e+01
5.191755372261521018e+01
6.051994527610364827e+01
-6.336238349944442128e+00
-2.841759484717503614e+00
-3.093747420531108627e+00
-6.445955175677467786e+00
7.173336245421083612e-01
3.089082652350161329e+00
3.485730835541431816e+00
5.492335733295725664e-01
1.667580119962289942e+01
2.766318241631418005e+02
2.770749030437826264e+02
1.278187334316484396e+02
5.800088856936552872e+01
1.408435737446401106e+02
1.402969407096272221e+02
-5.119103050309740155e+01
1.118186678003959500e+01
3.210530704071570707e+00
3.160693014857268501e+00
-7.778666024999651984e-01
-6.915688629836152401e+00
-5.664748275670682176e+00
-5.835628378257874616e+00
3.660698304283207527e+00
-8.875988834879827705e-01
6.619773804517842253e-01
7.290195301499635683e-01
5.973680966460465092e-02
-3.886570160453212130e-03
-7.987116026143490366e+00
-2.494969951114039830e+01
-5.183338402667577505e+00
-9.267202028744130349e-01
-1.173346445677680094e+01
-3.130058467174495096e+00
-7.988165679073732988e-04
4.099260355039716086e-01
1.059214647988008728e+01
-9.925755317683001522e+01
-4.490176609103243344e+00
3.655642468099448372e+00
8.898529752337141829e+00
4.410701164246644268e+00
-4.539867711595773159e+01
1.547754302606246246e-01
5.738300790490752945e+01
2.341138987647030234e+01
1.992081845105757587e+00
-4.340726467147650425e+00
8.922678806342659641e+01
-6.592172933034233573e+00
1.068642744599105798e+00
2.816144631024212863e+00
-4.519142074338617476e+00
-8.945050031401537982e-01
2.486438755680176360e+00
-1.473635228316286128e+00
1.403886387505062450e+00
1.999930633882951891e+00
2.322722387363151064e+00
-1.330032872753197093e-01
2.315099926002616923e-02
4.496013729979283363e-02
-2.625614554860949412e-01
1.306637833958886885e+00
3.368492652508013885e-01
4.749961662263963574e-02
4.460266558330553188e+00
-9.702797743075584069e-01
7.885328776692004937e-02
-1.121673328911248768e-01
7.862460089985735534e-01
9.512392152450753757e-01
2.851700429458040364e+00
-5.918182815315963657e-02
8.046513782169139262e+00
-1.319146098709832238e+00
-1.754582443924659341e-01
1.993256750185547377e+00
-4.369689920679700634e+00
1.517173039284533287e+00
-2.952434323560014562e+00
-3.871203978938285495e+00
-3.333217723139973554e+00
-2.477832721454430610e-03
-5.918362783866473048e-02
-1.923871074514749840e-02
1.544773438492296203e-01
-7.433777597217779309e+00
-7.916602770394129407e-02
-5.614154420851594773e-01
-2.177729723264744344e+00
1.402455704129763170e+00
-6.368495674218496716e-02
-3.144421962884319521e-01
-1.122146830352692470e+00
-1.341085630361462933e+01
9.863638025466880954e-02
-4.752834049096436253e+00
-1.585398692074328375e+00
8.669481797728068040e-01
-3.646450577704041796e-01
7.282816534465974101e+00
-3.322094583644957577e+00
2.678253688842977986e+00
7.232239222536394063e-01
-2.145449016247237051e+00
-4.369186019497009354e+00
7.042651097004984706e+00
2.294680851424863022e+01
-5.355128416206427744e+01
6.627474508757111948e+01
2.975800195032786633e+01
1.520786949933091137e+01
-9.469887978790382022e+00
-2.997320761569183034e+00
9.546188320727944188e+01
2.394701304190435209e+01
3.983028976867462490e+01
-3.102438257726772619e+01
6.777354515141900571e+00
5.495718824456493401e+00
-1.380645009236354692e+00
-4.032648809612776830e+00
-1.997738030000036247e+01
-5.950228829605442371e+01
-4.803080143903504506e+01
-1.885362886750375822e+01
-4.781897722543526186e+01
-4.326505177016568560e+00
-6.274460885735181392e+01
-7.560158994597590265e+01
-6.623755964958046150e+01
-7.080214765109583652e+01
-7.477828903389611526e+01
-8.820146807640371067e-01
-2.060495780660968723e+00
-6.273657375977050421e+00
-9.626830740671056930e+00
-5.189824280879708596e+00
-1.175921193529665398e+00
-3.920857075081038423e-01
-6.620519972942617848e-02
-1.429542365273497317e+00
1.802534437822002691e-02
-1.362243368775329699e+00
-9.048264224270732292e-01
-6.430357258834515366e-02
-5.869042790919587560e+01
-1.229296024822542392e+02
-1.225442319670683275e+02
4.424571089777276711e+01
6.858669850641521126e-01
-2.102913892578525861e+02
-2.107025477498150678e+02
-1.022513981384646655e+02
-2.481864889163034960e+01
-4.809049738821318698e+01
-4.797185748660331228e+01
1.751518457962140118e+01
4.101716654065874046e+00
-7.571172397352022188e+01
-7.588160884751758317e+01
-3.811047407624813843e+01
2.731746921372558035e+00
7.816877395416172547e+00
1.003219821657144806e+01
5.010169711489930400e+00
-7.612468254701307280e-02
1.128096457948455644e-01
2.368711579213335361e-02
-7.028498582989131660e-02
-1.531956174915706237e-01
1.401337552224057592e-01
-1.092642903818094313e-01
-1.342116749920904406e-01
9.236747299612357409e+00
1.878943466318521516e+01
1.873512974047102375e+01
-6.792333691400258111e+00
-6.535959526994175040e-01
3.120406135429599104e+01
3.126819958919467979e+01
1.535818059273971414e+01
-1.077390654959624072e+01
-2.194119877179661415e+01
-2.187757343266795473e+01
7.930333017617181568e+00
7.380192260863417397e-01
-3.648138244549072340e+01
-3.655621986793769906e+01
-1.794681615070581060e+01
1.167950752219155675e+00
3.315307395711192040e+00
3.993263533517804831e+00
1.926577709791573501e+00
6.554473081273402835e-03
-3.078463601098165303e-01
-3.369469381318547785e-01
3.420817621818093152e-03
-1.161562496861017479e-01
-7.781236897078852577e-02
-7.945229266467622453e-02
-1.835095175415464297e-01
-3.388944339485245649e+01
-1.659145281024288110e+01
1.224337050305068608e+01
-3.379031565425175643e+01
-5.652203738598537086e+01
1.037897442797221625e+00
-2.777020390220955903e+01
-5.663738756140402586e+01
1.588489708977194104e+00
4.460704652047069452e-01
-5.371089254907813748e-01
1.578113129055780384e+00
3.818810276916122071e+00
6.352622872764970285e-01
1.638969845289907745e+00
3.822604558276208042e+00
-5.040081940459257837e-01
-1.022764824041556331e+00
-8.173018709947226235e-01
-2.865564889043960006e-01
-1.814058154040287590e-03
3.806400626101437423e-02
3.551669256322465690e-02
-7.665671248709008886e-03
2.908043876345852569e-03
1.730147173300884689e-02
1.628577644847692060e-02
2.514174273127649240e-02
8.812714639937514471e-01
4.324938960432605506e-01
-1.732633894269869010e-02
8.794699693295413567e-01
5.269456100403231424e-01
-1.909880448117279028e-01
2.592852400779360744e-01
5.284818765029795085e-01
-5.235720815209401469e-01
-2.569479819283531086e-01
1.029101052733733847e-02
-5.225018112440477092e-01
-3.130608642391440877e-01
1.134667608969417152e-01
-1.540413062724295679e-01
-3.139735896317729091e-01
1.149742970648220730e+00
2.328187873771056182e+00
1.853145151249761202e+00
6.494081253639113482e-01
4.345604394248947164e-03
-7.553165060242869600e-02
-7.086362538627247187e-02
1.882957467498451096e-02
-4.339518686077895558e-04
-3.877886208866068024e-02
-3.613590403265472262e-02
-5.219434711427552859e-02
1.347861180360422795e+00
6.614826225575861640e-01
-2.651347260611736090e-02
1.345105805764875040e+00
8.059509239825496385e-01
-2.921123971674979836e-01
3.965770489962806011e-01
8.083004961015010092e-01
-1.917468393411231276e+01
-9.410092500276206806e+00
3.766875729315133370e-01
-1.913548874440432002e+01
-1.146497297037219454e+01
4.155391010867112378e+00
-5.641237060262993985e+00
-1.149840058028117795e+01
7.636564365201458093e-01
2.180721076891253496e+00
2.754999632638886364e+00
1.364552666603686015e+00
-6.731235980775013283e-02
2.456714335852952513e-02
5.500327576686617898e-03
-7.096315095871731649e-02
-4.488462339685381219e-02
9.734198553623044439e-03
-5.341749115437340739e-02
-4.120902660314258031e-02
-1.228694506417195242e+01
-2.504669715815160558e+01
-2.497386132763996613e+01
9.051454730281975003e+00
8.179935750604968581e-01
-4.168672451711535842e+01
-4.177209650286578579e+01
-2.049903532543605067e+01
1.435422491842613724e+00
2.943120795684309066e+00
2.934417751934551788e+00
-1.062667407154762600e+00
-7.887886853152975553e-02
4.927892456017314515e+00
4.937883473634468778e+00
2.417248874853032081e+00
-2.675072539121600368e+00
2.008903485440897974e-01
3.140768259224129011e+01
-2.497446808199702550e-01
-1.279937459132863076e+01
7.978498739532899009e+00
1.186388601163814283e+00
2.294494402222416340e+01
-1.443700158802502465e+01
4.096615409640304684e+00
-3.803617486890470190e+01
2.219530353015368718e+01
2.445734714596135007e+01
1.186489311502974964e+01
1.278177990459089841e+01
-6.302904626820192924e+00
-6.304346688956927736e+00
-3.957674359843278467e+01
-4.347053349007303780e+01
2.486685987034274348e+00
-4.668286468162006209e+00
1.606350846725628889e+00
3.452292975004669806e+00
-3.613634746252370800e+00
-2.712042274919230334e+00
-4.144476645058300157e+00
7.780477446935143426e+00
4.214093702232759853e+01
1.001729085195929940e+02
1.403730905274469798e+01
-1.681736105245678559e+01
-1.613971828863634439e+00
9.293172398426376990e-01
6.903024232007052063e+00
-2.193122384130867353e+00
-2.553926031077955727e+01
-6.832101743506177627e+01
-5.281288669460666441e+00
2.550463869784437954e+00
-7.243590743840813673e+01
-3.454046318566053486e+01
-1.805933221386329990e+01
2.459947634969772068e+01
-1.039791856650090907e+01
1.834206905563872425e+01
5.517731605414496698e+00
-1.038490196747854810e+00
-3.449247039135115767e+00
-1.246027800086908499e+00
1.870542946930556027e+01
-2.533662061307856916e+01
-3.091710953510338555e+01
-1.807160461896988011e+02
-2.811875262175358614e+01
5.225594796085135663e+00
4.134422180673327318e+01
9.516799284712605811e+01
6.087480863025356825e+01
8.884159233246113274e+01
-1.392928282202628054e+02
-2.221842060045256062e+01
3.127045697604166463e+01
-1.537021006791285949e+01
-5.003174363653326573e-01
1.059952578020903591e+00
-1.408807478521399581e+01
-9.321930776518620121e+01
7.618719524930610021e+01
-9.214074832489022038e-01
-1.103215721665675808e+01
3.616628391390537267e-01
2.429724198968224584e+02
9.199951203269911559e+01
-3.907974319485395398e+01
1.475226560104132467e+01
8.565054424409256351e-01
4.982400456803837585e+00
8.606547514999240533e+00
6.140859063269514806e+00
-7.421245829917909376e+00
8.829464126475040642e-01
2.349457019109544120e+01
-1.454050681901013675e+01
2.785423574330710039e+02
-1.628827441825386302e+01
4.349570994426109394e+00
1.482532710945525025e+02
-9.199383100582556949e+01
1.268138619647801058e+01
-5.024435621632223956e+02
-5.660955444709065176e+01
-3.921116564861635823e+01
-1.123988529433225914e+01
-2.081922637983409885e+01
-1.345074160241013317e+01
5.446752498768375750e-01
1.389867613940339641e+00
3.284627145523246194e-01
-1.449195187972406096e+00
2.904690545332780616e+01
1.962324559788260103e+01
1.021200527651082490e+00
2.067490022130767713e+00
1.645039151899875485e+00
5.764533626939948308e-01
-6.616328239632217334e-02
3.876715956497372821e-03
1.683418077343477870e-02
-6.211058806340228472e-02
-3.438699529070759348e-02
1.214500699510639683e-04
-4.593718155979962386e-02
-3.201287341831840494e-02
-3.166253885118410949e+01
-6.451872301577395774e+01
-6.438684661500913364e+01
1.266226492878363974e+00
1.398149343402308453e+01
-3.857594761528929439e+01
-3.868843091176155013e+01
-1.898036884461266993e+01
7.689958624143167221e-01
1.567292764128759064e+00
1.564091800437746871e+00
-3.030225646684129789e-02
-3.394518931458062050e-01
9.366341164174937228e-01
9.393689559353113339e-01
4.606357490605060279e-01
-1.349337750269237191e+01
-3.864909567060379914e+00
-8.744159640832991354e-01
6.023034050421903096e+00
-6.706355752130548353e-01
1.966970745891935834e+01
-5.522678069360973385e-01
8.690217735884017136e-01
-7.360466337709284934e-01
-1.074590856769249286e-01
-1.615418208000508926e+01
-2.175663132506342734e+01
-1.040729398427706514e+02
-3.126876860612378906e+00
3.866262072190727039e+00
5.749631492836477342e+00
-3.148335043241277664e-01
1.939852765497013465e+00
-4.282272086819016721e+01
-1.137255498191144909e+02
-5.415359423113934412e+01
-3.568579671616349813e+00
-2.649526530143547220e-01
-2.164600892047022285e+01
2.823146630064191243e+01
8.965125183124574848e-01
5.472024849053821072e+01
4.776043703572462995e+00
1.939148800732890621e+01
4.246543972630042241e+00
-3.567879267301059532e+00
-2.411182337751095162e+01
5.862566830869534584e+01
2.888029787403058890e+01
-4.537083898513838420e+01
-3.997237005595233228e+01
-2.692651167972333681e+01
2.685135613229896023e+01
1.806566978816673341e+01
-1.135465912981123360e+01
2.798043674252181034e+00
2.054328079590789002e+01
4.487751946620372223e+01
-4.475226022048824603e+01
-1.028301176504958647e+01
-3.794134191917898846e+01
2.282492105432146090e+00
-3.498901344276200032e+00
4.078729826220365950e+00
2.662230766834561280e+00
1.713835294174984014e+01
6.323556986529030155e+01
-7.784130034019040023e-01
8.510039050919544934e+00
-1.659027755507503255e+00
-1.390287335070934382e-01
-1.423574300542660986e-01
1.071907280797415707e+00
2.819163845933510881e+00
-1.153017811097307721e+01
5.106210492845526971e+00
-9.028457274304896529e+00
5.393858434428846493e-01
3.813716902402324027e-02
1.297355005669536432e+00
-1.418339841819326530e+01
2.765046259182390109e+00
2.317145558451290943e-01
3.110026597678055005e-01
-1.301827554272453469e+01
4.842821249213771218e+00
-1.604101294070029216e+00
6.647954108859236433e-01
-3.842504193719276984e+00
-5.183377662787553852e-01
2.169712590453784884e+01
3.537276570397461573e+00
7.259555768619855520e+00
-8.231384691832829503e+00
1.857357189357166050e+01
-8.066847583864797500e+00
1.943708338107661149e+01
-5.895460950664087818e+00
-1.209925961437033592e+01
-5.855996701314723829e+00
-5.494341554221612078e+00
-1.019232495305916614e-01
-8.375826635297006773e-02
3.550205629399492968e-02
1.507485762566252718e-01
-8.676416804769667479e+00
-1.208232991561058123e+00
1.841747455311173454e+00
8.612853832481339733e-01
3.679293126787888668e-01
-6.586516056199390179e-02
9.759994502190034282e+00
9.157235923707307990e+00
1.698720825506272458e-01
1.395971105883566932e-01
3.578663370060328197e-01
-7.477776678697748203e+00
1.925022132756897042e+00
-2.594655513675687142e-01
2.644929388091111014e-02
-1.165151970773077084e+00
-5.964438950098623904e-01
1.246296113116226145e+01
1.079985828530366376e+01
1.692340302230956439e+01
1.146404693157441734e+01
2.337487134446162518e+00
-2.864601296097375904e+00
9.567383182105656525e-01
-1.799976380883791194e+01
-2.820567170385383804e+01
2.263898469821882475e+00
-1.361976524711857337e+02
-5.488645241878510994e+00
3.527443273096356968e+00
-1.414867054431180771e+00
-5.383022893353623495e+00
-9.613329673820176779e+00
2.184190127832213761e+02
1.619528924237743439e+01
-6.053408177761410514e+01
3.702347651215673885e+00
1.535881423663052470e+00
-6.734797799024803133e+00
4.245023477008520452e+00
-2.371504118398662087e+01
1.067729651594804778e+02
1.282590310386419574e+01
1.944159195863681022e+00
-2.820108515450926490e+01
5.341486726755814374e+00
-1.572079788612608109e+00
1.773182176168069724e+00
3.095257930630651577e-01
1.445293647422084549e-01
1.117725958696393684e+00
-3.278284576486084489e+01
9.204463448943241977e-01
-1.448369622646105137e+00
3.970950235708375686e+01
9.419278124946234954e+00
-3.371012313950886519e+00
-3.593524899114242110e+00
1.388287562249723806e+02
-1.705045117073881045e+01
-2.153085800099149072e+00
-6.740527632047989215e+00
-1.112678351632561125e+01
-5.653934849000729201e+01
-1.341019038707356437e+01
1.117517264106709973e+01
-7.682341317714866591e+01
-8.181337143879002838e+01
2.668221917933612630e+00
1.289453934812144098e+01
2.318716949052054233e+01
3.309752241315906840e+00
-1.837310765342583352e+01
-1.664259219284169333e+01
7.465134202561507948e+00
-1.215131373060063780e+01
2.161763324894665317e+01
1.114002618096071018e+01
-5.092921927711215346e+01
-5.879396744111098627e+01
-2.601232405948568527e+00
-1.097936643604654350e+01
-1.328634125671108279e+01
-6.337130595145884726e+00
3.711666350409724924e+00
7.293168248683297161e-01
3.142592480654931464e+00
-2.438131158084564021e+01
2.328135515300442293e+01
3.465655514408285853e+01
-6.765344101635554885e+00
-1.267607187506860633e+01
5.025907155216728484e+00
-5.169375675990078634e+00
7.148245904125005268e+01
-6.527112150682356173e+00
6.746675159585042536e+01
1.879127893079206331e+02
-3.418407879871743216e+00
-3.439896579784509356e+01
-2.257161414426650481e+01
1.144371085108606536e+02
-3.164383989564038657e+01
-1.182986199118681370e+01
2.201257593468711349e+01
2.676200291181966762e+01
-1.758516883306166623e+00
-4.268645432367407011e+00
8.488203212852047841e+01
9.798994573518055518e+01
-1.114099277948946698e+00
-3.445156243189688272e+00
2.214390209451665825e+01
1.056188432523974541e+01
3.225392786300889991e+00
-3.581989689527694254e-01
-5.237654134436353637e+00
4.063551930140670976e+01
8.769498225416278103e+00
2.002525555975874560e+00
1.047133881435600067e+01
2.274715463131721549e+01
-6.913791194858904987e+01
-9.491743361825079717e+00
-5.893981546495973589e+01
4.614209940501456941e+01
-2.563413866929543872e+01
6.414691945037390042e+00
3.929790833977893527e+01
8.614972643399886465e+01
-1.311170601649593159e+01
1.038815942642258783e+01
1.075363826888145411e+02
1.255580425952737897e+02
1.094924785779726850e+00
2.216008005899028799e+00
1.762107107982262555e+00
6.174266275392251702e-01
4.187716741806772440e-03
-6.924379148114435945e-02
-6.507006252767864873e-02
1.825102862288246336e-02
1.060789474016718371e-03
-3.676606895327332036e-02
-3.417162612211615408e-02
-4.847922056513685046e-02
5.826518036964463221e+01
2.859363043876604848e+01
-1.143541973977950432e+00
5.814608596376126570e+01
3.483698036333785808e+01
-1.262634177462342677e+01
1.714072106785795668e+01
3.493856086305142838e+01
2.027959275301902053e+01
9.952203603195505011e+00
-3.980050896525866300e-01
2.023814120476423639e+01
1.212523578846046490e+01
-4.394679108953893909e+00
5.965932756320578179e+00
1.216059163827180356e+01
-2.651263582128498797e+01
-1.419659231488090967e+01
-3.032741459005282358e+00
2.308080560479340626e+00
-4.848267009309891407e+00
1.704024580751066997e+00
4.418772636880780169e+01
2.366098719146838647e+01
-7.037058400635240574e+00
-1.219079966721000119e+01
-1.264351659207527401e-01
-6.225102228170984908e+00
1.358227980873464302e+00
-1.071674412567247131e-01
3.624255211281822708e-01
-4.575344638182969881e+00
3.658192809269859680e+00
-1.194697596847842158e+00
3.954382683617405081e-02
1.224649895309549846e-01
1.172843066772543885e+01
2.031799944534828128e+01
2.107252765351554369e-01
1.037517038028386729e+01
6.736521712844727894e+00
-5.154075040482360315e+00
-1.476781308872583132e-01
-2.072339313328805943e+00
1.365250952176608190e-02
-2.951084133070878968e-02
-3.809906613233980388e-01
-9.198958695897665461e-01
1.293487931626170040e+00
4.448314478379611359e-01
2.169077562821490265e-02
-4.745728861819478728e-01
-1.122753618807369058e+01
8.590125067470889775e+00
2.461302181457892813e-01
3.453898855548128477e+00
2.408999319695933750e+01
1.520643161459120263e+00
-3.794287332204309693e-01
-9.749171706106794844e+00
-5.489672812460341333e+00
-9.252833001798345114e-01
-2.093826264478853005e-01
-5.822653156180775946e-01
7.259414310544031856e+00
-1.348104926113471658e+00
4.336277919712812690e+01
-1.276231888158621430e+00
8.176902973262459184e+00
2.462230738907804195e+00
-1.643971973243311402e-01
-1.924232082801316523e-01
4.560485743887711108e-01
1.619024549198944385e+01
-2.042055087453506779e-01
9.867320250298256212e+00
3.873729827990556540e+00
9.674008907112726652e-01
2.824593913061492628e-02
-2.190924641967086361e-01
-1.660145137000692372e+01
6.697960768348285576e+00
6.284964963328665277e-01
1.695476335168596194e+00
1.092761926407187278e+00
-9.285468291563728771e-01
-4.781804656142361193e-02
-2.072641765369006350e+00
9.704474408376540850e+01
1.414944752696028729e+01
-5.272570890830537982e-01
7.766455444376063610e+00
-8.475442599428335200e+01
-3.772069588223893533e+01
-1.527560013926835403e+01
6.011322098611604048e+01
-3.941607635564837064e+00
-1.030614456028334480e+01
1.014957186161556635e+01
-3.405422013600131237e+01
-1.337523458019884117e+02
-8.328815653712457845e+01
2.057681313003595580e+00
8.164539836653590044e+01
-3.033293885974279291e+01
6.479619970162063680e+01
1.789723260564816201e+02
-5.904255280068476708e+01
2.820728895012139859e+01
5.097346554737888447e+00
2.945049572667120685e+01
-4.284912213135820025e+01
-9.559993079526789561e-01
-8.473733600793250886e+00
9.821448328907976588e+01
-2.440441970470240918e+00
9.362566880336643749e+01
-5.375216806567224381e+01
2.402547832634995473e+01
2.499192982739020863e+02
-1.153226802020102610e+02
1.843057952712707603e+01
-1.586926984228354911e+02
7.896909490086234484e+01
-1.020057067125374495e+01
-8.609402486468741289e-01
-5.493433553959183868e-01
1.726690244126158236e+00
-2.381554341946967579e+00
5.977057094274228211e-02
1.700095111875540610e+01
1.434900414410314573e+00
4.745699739278465756e+01
2.840479263421428158e+01
-1.319852289078831298e+01
7.784315948746409752e-01
6.200024646682291696e-01
-6.710729572527289299e+00
-2.398424555337402286e-01
1.717828851935389589e-01
1.937407941627171226e+01
1.280821001355466748e+01
-1.453847999466535725e+02
-2.158864897156530560e+01
-2.160078854835978390e-01
4.409604138177990507e+01
-8.723966719344472764e+00
-9.733981734851751000e+00
9.143881988330601729e+00
-1.791835580204185874e+01
-3.848281739044979588e+01
-1.863289433130871586e+01
2.348953367466001225e+02
-3.174211213143815158e+01
-5.331144541275301663e+01
1.350897857303572458e+01
5.829998399553421029e-01
1.002631687426357416e+02
8.037763607055213200e+00
-2.998403445465819050e+00
3.639939252772204981e+01
-1.090435196973697352e+01
-4.025175523040321224e+01
-8.305265270252873222e+01
-4.795028055385905219e+01
-1.548663520892339136e+02
1.547990312930823009e+00
-4.235177721485891000e-01
1.825997294141487615e+01
-3.686929969716216116e-01
8.713904051071220680e-01
1.311959470866423949e-01
1.740474800047128179e-01
5.217650997748272346e+00
2.295045614466640238e+00
1.942733281243595733e-01
-1.082707609364991219e+00
-7.897108392348598294e+00
-2.368682401408912597e+01
2.600607815365899356e+00
1.639345569842100558e-01
1.688566820803094615e+01
8.674496221820616526e+00
1.611559687477300828e+00
3.882381310806260188e+01
-3.009185769784455644e+01
6.362605761216726385e-01
-1.209902385090690480e+01
5.021750188210385879e+00
-7.227129866187664220e+01
-8.369311958449907607e-01
-8.912207397527531494e-02
-1.362817162210291322e+01
-4.103717898179143120e+00
-6.754578262326654148e+00
1.839877270433369461e+00
-7.600809573142596198e-01
-2.698374248664904940e+01
1.914690417229245323e-01
-1.424255337368586782e-01
-6.456216379984351939e+00
-1.612334817852168589e+00
-2.181598755429524861e+00
-5.433012388358990918e-01
2.766908561667699473e+01
-1.116326794724869309e+01
4.262256018535390822e-01
3.336027754741272555e-01
-1.821269877344222854e+00
1.547578048593487132e+00
-1.543781312833244490e-01
-1.943697482992427394e+00
-1.617412401395947370e+02
-2.358241254493599470e+01
2.658415935274080155e+00
2.785667910999910735e+00
-3.543887959433754276e+01
-6.695808028260064937e+00
-1.768921899627275696e-01
7.857550311675974841e-01
1.063585230853653307e+01
1.051359133248626510e+00
-8.468944728063526384e+00
2.230804636494312820e+00
-7.345217130646972237e+01
3.027033012356361574e+00
-2.624470265877650021e+01
1.162653429822888995e+01
1.344649141466736069e+02
2.025432159880310223e+01
-3.833248325084600339e+01
8.153846465768855856e-01
-2.180109631675217585e+01
3.555507012520746635e-01
-6.252761573039120435e+01
1.236331479043335069e+00
7.295043520459762121e+00
-6.073808300034138519e+00
-7.082167222179218680e-01
5.349212816004987603e-02
-1.452317341844447496e+00
-2.186599118113014550e-01
-2.142245153783224332e+00
5.036096322742427134e-01
3.947804002348296848e+01
-4.334346358945242450e+00
-3.408364332390773632e-01
9.222999443288742993e-02
5.213833473498069537e+01
1.131458624581455075e+00
4.123224252120713196e+00
7.938115257676406356e-02
1.978665365149095834e+01
-1.126451906079871806e-01
-9.381517793503381597e+01
-6.845527142683826227e+00
6.810572767184096543e-01
2.343498296393737235e+01
7.057240936948261378e+01
4.536244476326452890e+00
-3.720556296246250838e+01
1.054575351966187569e+00
2.625058238334608163e+00
9.609541629415847552e+00
-4.830877277660093938e+01
-1.144493287600145415e+01
5.588879598156265338e+00
6.912944125409147489e+01
6.327565157463989065e-01
6.095500486815007690e+01
2.179290071157710997e+02
-5.175677581103268921e+00
-9.020849984438223146e+01
-4.876729455674723823e+01
-4.715029685371739987e+01
2.300415313583527066e+01
2.822232937149457221e+00
2.838425521489947556e+01
2.364772456568357484e+01
-2.903581112565679856e+00
7.858382808947388298e+01
-3.834025522639503691e+01
2.760326816149923257e+00
-2.350045524165019017e+01
2.269011575569999106e+00
-4.106288534169404869e+00
7.143230285338345809e+00
-3.781685959274477149e+00
4.865957304022664687e+01
4.005014166245766916e+01
7.159457252496596880e+01
-2.838786937344336891e+01
-4.635768397862699430e+01
-1.193242875415440807e+02
2.326250986439913504e+01
6.697847974406616167e+00
-2.092253649262596493e+00
-3.877084977399903210e+01
5.354083442393340331e-01
-2.579983854884181138e+00
1.012262838436340573e+00
4.386645397652412792e-01
7.275970092587868976e-01
-1.687104730726077140e+00
-2.172594474011421894e+01
2.305538280409319685e-01
-5.543286841415014099e-02
9.829720997865999621e+00
3.806798623945818472e-01
6.347009218340687355e-03
3.620990790018784367e+01
-3.842563800684073994e-01
3.544956117272805241e+00
1.965941059856260997e+00
-1.069757685407094039e+00
-5.908260195455024899e+00
3.519256398037368427e+01
-1.706614765728692618e+01
-2.917957990495726461e-01
-5.865427330061859834e+01
1.679045782543384380e-01
-1.935344085860161156e-01
-1.071516624401777900e-03
3.688751622689899978e+00
-1.322452011129849669e+00
-6.045327154565526689e-03
-2.798409637565094088e-01
3.225573476434613895e-01
-1.822464451763646243e-01
2.431826243813178801e-01
-4.099846913617649635e-01
3.037440752936153010e-01
8.171810847080410722e-01
-6.176288277884567357e+00
2.502758259368937477e+00
-1.361968474514563709e+00
3.655104880597947670e+01
1.205063056240609054e+00
-5.123554024056000689e-01
-8.441818252839510706e+00
-2.112670300828040637e-01
-5.938670790022398904e+01
8.438093118913331026e+00
1.777046576610360473e+00
-7.780297509754345864e-01
-1.499412456095218227e+00
-5.923270050806214826e+00
-1.659674201939000682e+01
-2.596142302637938659e+00
-1.445749370303534320e+01
5.808191671674413747e+00
-6.470635518010166720e+01
3.075545302614181153e+01
3.562476773915180139e+00
-4.236468019075136926e-01
4.477443554836783690e+00
-1.983618717072854309e+00
-4.375637521904870986e-01
-5.125908837690308673e+01
-5.937461289856794444e+00
1.917755086509079998e+00
1.253204368664840640e+00
1.722867687946064152e-02
-2.092007803532928423e-01
-1.585609237917053049e-02
-1.114366724728336616e-01
-3.926259244492569245e-01
5.454310856443386202e-01
-8.529890695935773426e-01
7.274554048335191148e-01
-1.391137151364491530e-02
1.422861019700489560e-01
-3.196258477512081697e+00
-2.088673947774904782e+00
-2.871446146562914650e-02
3.486679672553631981e-01
-7.025824636353852348e-01
4.431364845558355414e-01
1.256297827191884264e-01
7.720077088206697136e-01
-5.150910241196977185e-02
-2.561137363605263673e-01
1.170970772725284048e+00
-7.385608075930408800e-01
-7.246424491961883874e+00
-1.867925050617889937e+00
4.129352485308790954e-01
-1.233413142419400366e+00
7.426568209748092286e-01
-1.121929832960802731e+00
1.207737415326492147e+01
3.113208417696480268e+00
-1.743764824717395356e+01
-1.213152569829640548e+01
3.417441274776032323e+00
-5.468587178009929328e-01
9.560933341296726229e-02
-4.814165177653669803e-01
1.032557498471919244e+00
-5.984468605537303532e+00
3.352189581940085095e+00
2.138995128415613678e+00
6.101568751773593646e-02
4.781985924392775367e-01
2.906274707862306883e+01
2.021920949716595217e+01
-5.695735457959128389e+00
9.114311963344619016e-01
-1.175429479619099826e+00
1.878897713825622651e+00
4.485884948165557579e-02
6.451898473416581847e-01
-6.812008577757010519e-01
-6.348321994385258682e-01
1.959049132697527673e+00
-3.131496189710481826e+00
2.857094435963815471e+01
1.566570644903897502e+01
-1.531008640002968990e+00
7.954708131379148561e+00
-5.378309602223432684e+00
-3.232850508290864511e+00
-4.761824059939549869e+01
-2.610951074840647479e+01
3.561546189905838844e+01
2.289796725094594620e+01
-4.413275300789917921e+00
-2.923396994753759248e+00
8.272128223333636843e-01
-1.666664406386626940e+00
-6.191754816392197114e+01
-3.627110998683437515e+01
-6.826281891343149333e+00
2.582135216798366883e+00
-1.586966621351366902e+00
-8.463000248230315714e-01
4.076889175951776245e+00
-6.093178796939656694e-01
7.910754354245748132e+00
-5.273353014692258256e+00
2.770625415361738231e+00
-3.122110294893236215e+00
1.931492652523412445e+01
-2.309986025992591010e+02
-1.231971603679341110e+00
-7.698591575459028036e+01
7.726399705299486698e+01
2.026991329854425601e+02
1.911167974925085167e+00
-3.043328823568923625e+01
-2.472845056159304056e-01
-3.825076024110975581e+00
1.273068766671180185e+00
1.804512682273789581e+00
-4.367640020255816324e+00
-8.620998420530374062e+01
6.850551440927541424e-01
-3.093474820516784618e+01
-1.910422010132899118e+01
-3.710124711658885133e+00
-4.020234480673418709e+00
-1.977154041640995530e+01
-1.312398481899537472e+01
-1.790617397657350551e+01
-1.985310088901649195e+01
1.357363432515881527e+02
1.340058757211629370e+01
-2.306822809184288392e+00
-1.629290518378159469e-01
5.472822667798665996e+00
2.908119560300380102e-01
5.173630963459997512e-01
-2.233431262018898167e+01
3.844704681973811322e+00
-3.306153765075509909e+01
-1.731980457674006146e+01
-2.017886160359451342e+00
-3.778140171374608514e+01
3.196949358486973125e+01
4.838508547796365633e+00
5.510256275127532888e+01
2.886634096123745508e+01
-4.632818247299692160e+00
5.521635593330736391e+00
-3.515925962917826109e+00
-1.107171731016125760e+00
8.752712112438690850e-01
3.834071952731216815e+00
7.721363745501939491e+00
-9.202725988881425678e+00
-1.240068660032808134e+00
1.247541735501472848e+00
-1.724430974671790739e+00
2.066781100054051024e+00
9.544143049524727473e+00
2.789451828390844934e+00
-1.602051647743725216e+00
-1.590690508254390600e+01
-7.037941103737368032e+00
9.872086382240169655e+01
-2.974500480032215677e+00
-2.996810146172787270e+01
3.187205609994246913e+01
2.688684408445976715e+01
1.172990183957530519e+01
-1.645347730373244417e+02
-1.957386754887527047e+01
-9.697702672523258016e+00
5.329104625005385287e-01
3.262311258145206239e+01
4.279161816809978802e+01
5.498930958846038664e+01
-5.425396630445327872e+01
-7.131936361351834819e+01
-3.186555592437298134e+00
-6.551897635922525609e-01
-6.289934188497927625e-01
1.889169471244077358e-01
-4.820159589854308813e+00
-4.034922165096197055e+00
-5.586137607790576887e+00
6.232826888035963009e+01
4.146660916975728028e+00
-1.184982667905441600e+00
8.174925950222097781e-02
3.516607892764306076e+00
-8.164897766949954505e-01
2.284261935045783787e-01
-6.911101528292363128e+00
1.974971113175880033e+00
-1.321313554133050694e+01
-4.256944653824660918e+00
-5.080950696134343275e-02
4.150457055179981758e+00
5.755654905836943946e+00
1.259761568277124821e+00
2.202189256887966096e+01
7.094907756374790431e+00
5.539800057756611995e-01
6.865568259412157204e+00
1.190944396391721227e+00
1.169511316858155903e+00
-3.764729498582028433e-01
1.877071899103110120e+00
-9.233000096254923017e-01
-1.144261376568660005e+01
1.500462442334236091e-01
1.410775710845829645e-01
-7.762146216310635838e-01
-2.500770737225163631e-01
-1.851082420666745110e+00
-1.197178654095155892e+00
5.087589601539965756e-02
3.085137367777526674e+00
-8.682319277339496821e+00
5.143809961388760854e+01
1.936401519347155542e+00
6.026858288633182070e+00
5.553312360253675806e+00
-2.059718398721390287e+00
1.447053212889446172e+01
-8.573016602314454815e+01
-6.275444191363980018e+00
-5.939408093055635440e+00
1.550936453185138841e+00
1.045907365227294505e+01
2.803718225418577603e+01
-9.504133971476100839e+00
-9.248356128372565266e+00
-4.672863709030112744e+01
5.444718553283749429e+01
1.004637956305866986e+01
2.784154315232431287e+01
2.160052481381204714e+01
1.409743848354589701e+01
-1.977342740809455179e+01
-9.074530922138767153e+01
-1.674396593841324687e+01
-3.980867439409163921e+01
-1.990654963523553889e+01
1.071220180763295460e+01
6.634779065681509280e+01
-6.912119960779116923e+01
-2.857568144475848015e+01
-3.181068627956054584e+01
1.152019993463004397e+02
-4.303909865155804226e+01
-6.360167960672506382e+01
-4.860916323098851688e-01
-1.227884572973708233e+00
1.924979248480271021e+00
-7.194798082321893773e+00
7.173183108592070312e+01
1.060027993445411170e+02
9.171538499524343635e+00
-2.829131383582152548e+00
4.125758159700336769e+00
-1.528589749920494079e+01
5.506780871568516034e+01
-3.787419361494129610e+00
-3.901076356782607224e+00
-9.177968119279883297e+01
-1.918262168565219028e+01
2.809167823924793250e+00
-1.811910045082693266e+00
-4.735762337479814121e+00
1.413011630899080728e+01
-1.073383598999153365e+00
3.197103614274457684e+01
-4.681946373213248691e+00
2.142143126693940047e+01
-7.835272762951492886e+00
6.726455821128550561e+00
-3.570238544489325250e+01
-5.040755408209808941e+00
1.334083922030424318e+01
-3.102594238244544655e+01
8.401259013687926824e+00
4.764272317629140829e+00
5.522364826094591228e-01
-2.798503979996588842e-01
1.452839614026430581e+01
-1.501510045585848108e+00
-7.169925255600585468e-01
-7.940453862722385736e+00
-9.203941376823771003e-01
1.277978976724469540e+01
-3.290040391156191735e+00
2.171391526284474072e+00
-2.129964961207310736e+01
-2.260604188047765817e+01
-1.940020359105771064e+01
-1.525048240449438763e+00
3.767673646747006444e+01
-1.280617266799849290e+02
-9.687442567186687725e+00
-1.301832999313885963e+01
-3.488699736607568980e+01
3.485759100967025792e-01
1.983955072677194564e-01
1.990945983642751003e+02
1.065048331115050040e+01
-1.288300024574199298e+01
-2.223711784691437821e+00
5.071271557193453461e+00
1.171047089853521328e+01
2.035091798014563551e+02
4.520391457387759004e+01
3.273967662096504139e+00
-3.234319377971929157e+02
-7.271473586684602708e+01
3.694671295824966784e+00
4.685364733230485967e+00
-8.525809471691583497e+01
2.299148421294661304e+01
-2.014341376479296564e+00
1.004849594794016951e+02
-5.604417733405130164e+00
1.161994286217280070e+00
7.330469038718622876e+00
2.765546018653091576e+00
-6.657348542659697443e+00
1.241274878953672527e+02
1.284674305572436879e+02
-3.546278809708297075e+01
-1.759322310394082081e+02
1.063616011210170171e+02
-1.723911983801586345e+01
-2.754143509892688080e+00
-1.689859399485871805e+01
5.130923654478858253e+01
-4.044754911961380373e+00
3.940479106616054938e-01
-4.973928881270356150e+00
-2.645700634379273097e+01
-2.341228002680097176e-01
8.004722983689797899e-02
2.629273144259056139e+01
-3.447324866107807395e+01
-4.290055916078510556e+00
-3.446506649613187090e+00
7.238558351825244586e+01
-2.496670968685794634e-01
-2.763410467734277870e-02
2.446553984021157258e-01
-8.277167091501824725e-01
1.331186004357277852e+01
6.477616934210133140e-03
8.638897337779273045e+00
4.158283251857036333e+01
6.408866143666386073e+00
-9.577738195868874815e-02
1.804934488588838259e-01
-4.554844926148081119e-01
1.330235040340455255e+00
5.318042305674319098e-02
-1.068144357277986067e+01
1.596289699311107257e-01
3.238205633161690855e+01
9.454020876099738402e+00
1.595423887009774999e+00
2.527673917196842979e+00
-1.401186936098926639e+00
-4.408315471160601517e-01
-5.397009388602960911e+01
-1.575670146016633666e+01
-6.513103414441879790e-01
7.386381804516166660e+00
2.247947548101729698e+00
4.287224394193708821e-01
1.214492387191983963e-01
-9.473344927519899983e-02
1.085517235740559361e+00
-1.231063634086052616e+01
2.100497702356916463e+00
7.136893440821294454e-02
-4.588917131732522248e-01
-3.500829503927875397e+00
-1.457886154514346977e+01
-3.008676551241283192e+00
-3.432702820146344425e-01
2.429810257523907424e+01
1.207283936873531438e+01
3.510164880987083791e+01
-1.286291724534591729e+00
-1.034894072274475940e+00
6.304401013365462658e-01
-4.964179511006682616e-02
-2.012139894789291361e+01
-5.850274801646292389e+01
-1.085278868256670748e+01
7.131773160464709438e-01
-2.262190727413134983e+00
1.808798113761592319e+01
-4.268902848278666085e+01
-4.014824032417590338e+00
5.012298349699790379e+00
7.114838080465638370e+01
1.848648512680750589e-01
3.903353057166465689e-02
1.300087549814323395e+00
7.032691862040718611e+00
-1.765357746647139336e+01
-6.832100591726431027e-01
7.483627681838457057e+00
1.654292552947058255e+02
-4.266983585519725231e-01
-3.184955017498475871e-01
4.680702310510296837e-01
4.751760606606716841e+00
-2.990465013137828088e+00
-4.396366682769706213e-01
7.111639309179912383e-01
5.308258362498829985e-01
1.214883501604810618e+02
9.041381626609235056e+00
8.030272612004666355e-01
3.378855034616291420e+01
-1.423191711808219395e+01
-1.017416626415774461e+00
-2.024805836007888047e+02
-1.506896937768251554e+01
6.523842229223146827e-01
-6.486697452853053214e+00
-1.905443535404403033e+00
6.428729923920384337e-01
6.907879986312702725e-01
1.074668324216064175e+00
-1.087307038202598442e+00
1.081116242142947748e+01
9.349207027273457982e+00
3.095768928880103243e-01
8.128431622014026248e-01
-1.558201171212373382e+01
5.804441212230850411e+00
4.726895654713651140e+00
-5.322296198695045000e+00
-9.674068687059643068e+00
-2.559421039124231001e+01
1.786699163963963031e+02
2.810234296379476149e+01
6.789541067907676641e+00
-1.322598669647606417e+00
-1.998617083138521267e+01
4.265701731874052882e+01
-2.977831939940057282e+02
-2.879333392264859182e+00
-8.165500090565036118e+00
4.510581774971175406e+00
4.798888987116971094e+00
-2.241367367424720953e+02
-7.171324794708947081e+01
3.766606736734589589e+01
3.735612279041364445e+02
1.900402237590228083e+00
-4.880113621970556892e+01
1.838170557430535368e+01
1.042395568058806887e+01
-2.334634176821955620e+00
-2.929335614022998513e+01
-3.167337062650045443e+00
8.133522703285233035e+01
6.928982151496987818e+00
-1.768666589724519511e+01
1.161776616738053747e+01
-1.154830358582675487e+01
9.101285332378672877e+01
-2.087822532133785103e+01
2.107237603875812937e+01
-1.516880888729866115e+02
-5.651948552305963602e+00
-5.202950559430239963e+01
-6.523842556568443030e+00
-3.951885967230646113e+00
2.435278665128664866e+00
-7.418612366668510205e+00
9.419914253840953933e+00
8.671584265717361006e+01
1.240957605841237132e+01
-3.512548616774497923e+00
5.297362751811890647e+00
-2.068262676401866429e+01
8.236886437389108551e+01
2.005303252059814056e+01
1.438691366227549340e+00
-1.372814406231526903e+02
-2.267225788955774135e+01
-2.105622874682634205e+00
1.176067979479586523e+00
3.714052383287474157e+01
-7.488107100496244062e-01
-2.976858888634033584e-01
3.778709648258050890e+01
3.509371457802770156e+00
2.298936690030924623e+01
-3.032069251716912994e+00
3.198727620629557844e+00
-3.831561150051105358e+01
2.687232262891401646e+01
-5.565524415442546768e+01
-1.838195589178624578e+00
-4.478720438150367045e+01
2.287466103748428736e+00
-7.680044079020120762e+00
3.404008927592317574e-02
1.679232910811056456e+02
-4.046740533832741704e+01
4.860994597719778376e+00
-3.812443506259421966e+00
1.280007346503061427e+01
5.732720534829626757e+01
7.541818060173293148e+00
-1.135349120570448100e+01
-9.554534224716424262e+01
2.999742474206977594e+00
-2.891799730871413203e+02
6.821457346115484199e+01
-4.999570790302298562e+00
-3.697048402478789075e+00
3.420128833361173459e+00
1.623898447525316158e+01
-5.319115100013977582e+00
-1.770982643385804067e+01
-3.780706741470162502e+00
8.388757594368576065e+01
-1.691090330231521577e+01
-5.051033111941999110e+00
-2.319430775568746483e+01
1.039287349359868351e+01
1.678655472861878550e+01
1.092121907166217376e+01
2.725629000546058833e+00
2.780857754217186795e+01
-1.262900558355380269e+02
-1.849687041823399980e+01
-3.994300525874517893e-01
1.250006964993359126e+01
-7.672508491519803897e+01
3.132800903990302288e+01
-2.482769152459177509e+00
1.266331233698092973e+02
-1.998293046504337056e+01
-2.470458325015649326e+00
-1.940824104272136097e+01
1.301875655868056203e+00
2.848281459386557302e+01
2.744972991121306904e+01
1.150673447883464746e+02
-4.492479592610299477e+01
-2.018344364044619681e+02
-2.623549762181191625e+00
3.349143534514763321e+00
-1.273450465550111232e+02
1.810041664489306257e+01
-1.221817478891163233e+01
-1.999141383861135823e+00
-6.956054643713565611e+01
4.108945774789581229e+00
3.165170100667419462e+01
-3.466859800847634432e+01
9.944198679236130545e+01
4.770632111341841508e+00
1.046942666587798776e+01
-6.068538460981761418e+00
3.265088826736253225e+01
-3.808937852999699913e+01
2.970611048058703929e+01
-8.379329455336536725e+00
5.502199339459851046e+01
-1.130320756439596437e+02
3.215868368788738252e+01
5.553129248572150622e+00
-1.772693352016717370e+02
2.873186639669379971e+01
1.197011505259745201e+00
1.142523929744479805e+00
-8.551539424130857014e+01
6.741258186602399505e+00
-3.448791632173433541e+00
-5.492754901435795700e-01
4.409501057297926252e+01
3.902046671115626530e-01
-2.517442800160742511e+00
3.796581367172743970e+00
5.745541443514225222e+01
7.150093193456813268e+00
1.109243167862614570e+02
1.617609602105289568e+01
1.427400414423935615e+02
-7.329916625650958473e+00
-4.787465249882739471e+00
4.372582936963175015e+00
-4.460870718715478489e+01
2.122417442583348475e+02
-2.430591510648081766e+00
2.036362464818519058e+01
1.897011972146128711e+00
1.159342440618898280e+02
1.166497039668280955e+01
-5.275283501114801510e+01
4.916537015243299003e+00
-1.657366446539288063e+02
5.691692189065292951e+00
-1.744904444312440361e+01
1.069529501804846516e+00
-5.441814711226429324e+01
-5.272543834118615713e+00
-4.951018413430475817e+01
-1.452179597920914667e+00
-9.170332232434728326e+01
-1.246391281954230124e+01
-1.650791574634816357e+02
-1.744220691421081781e+01
-2.204971530402570465e+02
