7.323380130990237546e+01
1.176878928606576409e+02
1.505793641875146749e+00
1.095111989047268395e+02
1.204153896881118584e+02
7.983790691880687973e+01
2.709210717342993462e+02
9.022111615831015285e+01
1.276758651789432548e+02
7.250626265777355250e+00
3.540307272899971025e+01
1.550368307137295965e+01
1.396988084612477223e+02
-2.406727153240691663e+01
7.083115095208449929e+01
-2.449223681051051216e+01
1.420596777989499913e+02
1.269609342506251792e+01
2.662745226234287443e+01
1.799524205690445555e+01
-3.134727873628136408e+01
8.252792005652153762e+00
5.122165891251359682e+01
4.072278952899098670e+01
1.963732587382233774e+01
-1.939619066285571458e+00
-4.059226493381691725e+00
-1.315808705228172393e+01
7.310353552055498527e-02
2.366504351864005873e+00
-1.681216071583742178e+01
-2.382810078350433258e+01
2.702944861263536502e-01
3.409620875823921704e+00
7.919998619878576562e+01
1.897950018256985727e+00
2.933916415685752899e+00
-5.324050176005522550e-01
-2.289145592673490492e-01
-1.478280875404475303e+01
-8.683023290456260312e+00
-7.954950360361842776e+00
5.837142297315963013e+00
-1.487465768520125353e+00
1.427534159114115475e+01
7.783647803316141811e+00
4.815938336312401091e+00
-5.906677553346860776e+01
-7.727324668249399231e+00
3.994076362692278082e+01
5.747684242440072211e+01
1.846949380990256273e+01
-1.832632628843372524e+00
-2.535457359015791923e+01
-6.848076975422971202e+01
-3.548155048064158734e+01
-2.727666039891655458e+01
-6.346696153527083339e+01
-5.706405008002461443e+01
-5.439631203236818635e+01
-4.348745728978467184e+01
-9.658824440026700131e+01
-1.380165896746119003e+01
-2.392259045988971877e+01
-2.608511005683852204e+02
-5.168786861313060754e+00
1.961127044932829133e-01
7.356392656502692695e+00
7.393883614822411410e+00
2.606710617992547441e+00
2.494677747623834652e-01
-3.643585701452613512e-01
-1.731396480495726564e+01
1.312522574923873186e+01
3.296367797373001451e+00
-7.799967748812555168e-01
-1.050456222325595768e+00
4.316232900465536981e-01
-4.194926510482355653e+00
-5.483103472654919486e+00
1.200207086842010895e+01
8.225023538308454008e+00
-2.106363198074856946e+00
-2.555636245567132203e+00
-4.502286650367162135e-01
-1.133580753303809558e+02
-3.581298377282299583e+01
-8.484445303497500390e+01
-3.228136075662028048e+01
-3.550895402538560575e+01
-4.899201292187282064e+01
-3.888291633578594997e+01
-2.867461887154915416e+02
2.625706672673849695e+01
3.674217109363935307e+00
-2.277669871791790612e+01
-1.372134773921077411e+01
-1.149146284545353147e+01
-2.155460493876257644e+01
1.018895541460225296e+01
3.020404406769526151e+00
-1.324799426463177499e+00
1.976062806457385967e+00
5.985309772183990518e+00
-4.508059119217759925e-01
3.900371919087357586e-01
2.055269842020617688e+01
9.314421723051109936e+00
-1.717488896635385842e+00
4.250983612111651766e+00
1.899545758165633202e+01
3.838773198840547796e+00
3.946044515141201359e+00
2.472610826904140247e+00
-2.781840210440778094e+01
-1.046042962950909150e+01
8.191768579384349769e-01
2.365039747659170288e+01
1.638803119381842421e+01
1.170317519660224548e+01
-4.084110640200667997e-02
3.190879324506332715e-01
3.142796305446164240e+01
-8.747855815394720480e+01
-1.850259017048017318e+00
6.031228758897088094e-01
-1.096565271874995595e+01
5.286454657179724848e+01
-8.468088811433613472e+00
-2.874612931029814078e+01
4.190343362725788268e+01
-1.676116736168817312e+01
-4.313600734763641498e+01
1.183153147492012103e+01
2.505521821436377028e+00
4.889930480309265803e+00
1.179035328320233944e+01
-9.485948320184434124e-01
-3.299139341080267851e+00
-8.882903046902673738e-02
-1.048295193288359428e+02
2.787114596794885557e+01
1.317405175852963906e+00
1.432960773879646332e+01
-1.781816720271139332e+01
3.260314684709423716e+01
1.043713790963032295e+01
-4.900867755992690533e+00
1.447092189936750906e+01
2.695738372767793933e+00
4.660732235858486838e+00
-1.688793732410522663e+00
6.811183609188144139e+00
1.810038967503593454e+01
-2.885353227236617801e-01
5.072899991588170288e+00
2.211102372574170083e+00
9.755898072266109722e+00
1.064722035774341080e+01
-8.963524904155634188e-01
-1.640966831199562392e+01
-1.909373435804907615e+01
-2.086617927288260343e+00
-4.065480667105799029e+00
-1.138964004735735003e+01
1.875569837947135055e+00
-9.492124458574191515e-01
1.965859092677613829e+00
4.324713302084555733e-01
3.488793668848780616e+00
6.093423872870860070e-01
1.845071702656268409e+00
3.457066153145756271e+00
2.111616984253930074e+00
-5.253407823982303881e+00
3.699543195293558462e+00
3.411942285348311454e+00
2.062523304111619993e+00
9.438260239157285625e+00
1.217808988950188631e+00
-3.862615154778995530e-01
-3.338756119919515442e+01
-1.264434603066099783e+01
-1.301645164383252329e+01
-4.715514984265801957e+01
-9.976180650435086505e+00
-2.642287339440821281e+00
-8.366693020798759761e+00
-1.114140779522938907e+01
-1.751702841829729573e+00
3.038965309339463960e+00
1.580035041469113288e+01
1.926804081387803569e+00
-5.999816205969818128e+00
3.509052948821967388e-01
1.093326460137069134e+01
8.063549070944626251e+00
-3.794747226059497769e-01
-2.054881263648749901e+00
3.492707710917328789e-01
7.490931945043547424e-01
-2.830293078537249318e+00
-7.352452633170125651e+00
-8.477003741975849271e-01
-1.686992606542286444e+00
-4.699262433291139796e-01
9.318507785964358359e-01
1.043859856474350600e+01
1.384203857260954607e+01
2.123197669163513268e+00
5.664838586177708635e+00
4.072808308128781363e+00
9.473925410853095030e+00
-5.901222626525332693e+00
9.290229373703203564e+00
-4.919185714441610457e+00
-7.847180946003229352e+00
5.520433996922320397e+00
-2.316883255566018818e+00
-1.710634868805621212e+00
-5.106004000687911493e+00
-2.307810779550346414e+00
-1.927240923154724950e+00
-6.024792615676869190e+00
-2.809196253112152419e+01
-1.201454000201205332e+02
1.624582556997007146e+02
1.572388306461922127e+02
7.460347772560992041e+01
1.241629587810608086e+02
1.835588808461346275e+02
1.868722138292000636e+02
-6.923912454494718816e+01
-7.092901560845783493e+00
2.214474906408204102e+00
-3.034926525055630098e-01
3.492452311037984369e+00
-8.810451748180561649e-02
2.528062539393172714e-01
2.877386803682512983e+00
-4.597798748342142972e+00
-1.838997287513179923e+00
-9.766016770436261041e+00
-8.726639697656633388e+00
-3.134854355368887013e+00
3.939133492229148215e-01
1.956028328727582588e+00
1.483046018447903069e+00
-2.796543379893049464e-01
-1.465057916189955955e+00
-1.500904087332821657e+00
7.756374663465217090e+00
7.457215980964563506e+00
-3.276290346509316276e+00
7.197794846904200794e-01
2.343501501015426314e+00
7.609394639222100132e-01
2.851317119558204993e+01
7.458717322757129864e+01
3.095919921582234124e+01
3.422778406724700773e+01
1.945847804205232023e+01
8.199109560005807396e+01
7.585320038732430703e+01
9.269207481301217300e+00
6.288534421796964580e+01
1.886807138041886844e+02
3.756288536117184549e+02
6.716788076409565633e+01
-1.067479011752963380e+01
-1.125076791082869576e+01
7.932251108115802030e-01
2.391675890693195328e+01
1.335576329194817724e+00
-4.274608694692227928e+00
-3.410081340722921794e+00
5.826597301492030256e-01
-2.533892146800198475e+01
-6.892516703338191775e+00
1.641718849229206301e+00
-1.670278294788034401e+01
-3.966983596052239491e+00
-2.034460344841908075e+00
-1.279424512070527209e-01
1.425206847017530309e+00
-1.473813729206109535e+00
1.024402505880288583e+00
3.148256548051268311e+00
-3.809356951018881832e-01
-6.251073917587203210e-01
5.268236052307457840e-01
6.297395522405979662e-01
6.443010171709806500e-01
3.846501254522822322e+00
-9.015961839505873598e+00
-5.825987546680378770e+00
-9.929357378916546795e-01
-3.484813021214170803e+00
1.968902183700656616e+00
-2.546268874622904743e+00
8.566891994848203906e-02
-2.570322215760018625e-01
4.733357323425772201e+00
1.603103096444400322e+01
2.648654140025500592e+00
1.475098925470930844e+01
-4.649705903323973488e-01
3.407490067808031931e-02
1.015212949387906960e+01
6.238149281118732237e-01
3.589349436056294973e+00
3.564819561102647860e+00
5.572586502596189595e-01
-5.922533263382366897e+01
-1.059156596400910786e+02
-1.054858609720996725e+02
9.157480078455353123e+01
5.995779559950451443e+01
-1.214936437261185915e+02
-1.217911451734723016e+02
-7.667585352888536931e+01
-3.336198857594352862e+00
-1.701779268854508231e+01
-1.692781811388490354e+01
4.006240651391048857e+01
2.841876963780569909e+01
-2.248090371781025709e+01
-2.258608862488243219e+01
-1.008341513665346056e+01
-2.854991765386506586e+01
-5.854761617711270461e+00
-1.050946051311664853e+01
-2.745217044792398653e+01
-5.604681164612889788e+00
1.026352983599627677e-01
-3.843958042155254162e+00
-1.572742582849349313e+00
4.650434953891356749e+00
-3.518785996457139298e+00
-1.314342700522294116e+01
-2.252087499074124644e+00
1.455516426817531794e+00
-2.089521946493658966e+00
3.883922069017578860e+00
-1.211678418643721145e+01
-1.215640469687033098e+00
-1.456183586987566558e+00
-8.730857445967687980e-03
-7.838640348467792451e-01
5.140690876445293434e+00
1.407134713323943354e+00
8.873248347650655177e+00
5.047400694927469900e+00
1.741942244673341689e+00
-2.980810829164498355e+00
-2.104594024963975407e+00
1.154580487858711813e-01
1.307956559537010399e+00
-1.563967227588033637e+01
-4.829976438753784129e-01
-1.271223290443009368e+01
-1.111085428445221623e+00
-6.150343640920084454e+00
-3.890649633052593703e+00
-7.400840650096209838e-01
2.022523225093182386e+00
-2.443818025781164849e+01
-1.248638721871216184e+01
4.445193880530199593e+00
1.447510362600406220e+00
2.100954017946985175e+01
2.958365921753503880e+00
2.667588162577431810e+00
-5.372198375218764532e+00
8.165070073468912781e+00
1.495528446106263942e+01
-4.850390284515096795e+00
-2.158411533683727868e+01
-5.963003569932237902e+00
-6.365391515660521193e+00
-7.210054588143986365e+00
3.377152769773339447e-01
-5.901218620209887966e+00
2.221010880207565374e-01
1.045429958053395296e+02
-1.701272874498428678e+01
3.865214509328594517e+01
-2.384995467174955053e+01
-2.925857321200701833e+01
-8.566807129680611421e-01
-4.006736146169679103e+00
-1.657210078471495152e+01
-2.448679654203355649e-01
7.362011016020803211e+00
1.908153419674526230e+00
3.146022502209656069e-01
4.231182423391579128e+00
-6.408799219689801374e-01
1.325311406071459031e+00
-5.488163683047925012e+00
4.894369731410919577e+00
6.556323932733718607e-01
3.394797998524169691e-02
-2.634425059681070325e-01
1.220439920245613014e-01
4.136514151995006827e+00
-8.252722526447633378e-01
-5.720601937396604164e+00
2.327505810106723860e+00
-6.817426726352967536e-01
2.659572554231772301e+00
-9.948902753521750020e-01
1.715502944409292496e+01
1.489562928427676347e+00
-1.116193866868990359e+00
5.887861438518942059e+00
8.001835194374934401e-01
-1.984999928421006476e+00
-3.953458699179264624e+00
-2.545510068714870844e+00
-4.201859061843467913e+00
-3.948406184385166995e+00
-3.961253006297960066e+00
-7.725140484824192910e+00
-2.269184004580012015e+00
-1.627932740027076886e+00
-3.124438957413767870e+00
-1.009678331232078996e+01
-2.748944789082289564e+00
3.584669679035655587e+00
2.549586776345435180e+00
3.929033153200055750e+01
1.286928339816739930e+00
-1.418166772842985868e+00
-6.821468935913863607e-01
6.432335309163333292e+00
-7.436790724697312172e+00
-1.912739937287810388e-01
5.080987647074239888e+00
2.943425767261877102e+00
4.243330400696504512e+01
-1.176350832511372069e+01
-4.641789126412072974e+00
2.216006359478943466e+01
-1.106407925256547209e+01
-5.290090571824546811e-02
-1.308017337956722370e+00
-1.644030016638771574e+00
-2.956168070429981976e-01
1.277448625078205335e+00
3.257000639809324305e+00
-9.494052602102206251e+00
3.073489568708665659e-02
-9.462446339172512211e+00
-2.254142153674031146e+00
1.604320379189663415e+00
-1.136737895734903497e-01
-1.021467202441277067e+01
-2.802155512837256265e-02
7.942534009528488814e-02
-9.884277821911855000e+00
-5.273789319321298130e-01
-3.273749171152417148e+00
-3.318254176169961323e+00
-4.786088566512765596e-01
-6.708993223439651210e+00
1.076069078407332569e+01
1.079097561322229737e+01
6.459248611314037269e+00
4.646132805593974346e+00
9.179391471553746129e+00
9.140510962378705528e+00
-9.946666195443020442e+00
1.179321250653516806e+01
-2.448655880015052944e+01
-2.454463295082167207e+01
-1.551719177114446424e+01
-1.221266085363929399e+01
-2.145318577177702224e+01
-2.136701615356451356e+01
1.778604198017134053e+01
-3.064860112023812366e+00
-4.277922258798815491e+00
-8.352071089177418584e-01
-2.553370161785251558e+00
1.567624893093665150e+00
2.370425580539192723e+00
4.409375178151833552e+00
5.196898122066510695e+00
7.090522623056632945e+00
1.307094097819174117e+01
2.849760490685984582e+00
-9.512845406777150625e-01
-5.210667591969499135e+00
-5.784180296320952763e+00
-5.080564337550830700e+00
-1.498415920662866974e+01
-2.028210943635086194e-01
1.913808968899952134e+01
-2.602332937265030637e+02
-6.245263879509341365e+00
7.173467187827006208e-01
-5.392377264179710039e+01
-5.188257383597626671e+01
-7.774001927794181199e+00
1.939260109743260685e+00
-1.686669359144084002e+00
6.759849697015488346e+01
7.845197493426105950e-01
3.719353040085480733e-01
-1.337827939300933089e+01
3.671536484026364064e+02
8.745741346829754903e+00
-2.318943784224248361e+01
4.174574077656621540e+01
1.162306401301538017e+01
-2.136689236448528373e+00
-1.666657853604051498e+00
-2.063024795541863554e+01
3.344732344634505239e+01
-4.747901833123960103e+01
1.844725827002012863e+01
3.185571081473736967e+02
7.948567897586173103e+01
1.000468234829800167e+02
-1.402245204813697121e+01
-7.107433741964862861e+01
-4.893275229035685925e+01
-4.831258011359511215e+02
-7.511351268952162763e-02
1.863693723053536999e+01
7.157126455428709733e+00
6.196567488911260968e-01
1.947469961084222767e-01
-2.117966836093870242e+01
-2.275295001271318895e+01
-1.383865411311007744e-02
7.002591749163851193e-05
1.701523824564677767e+01
3.173403704521592594e+00
-2.539709253742667427e-01
1.251891878164801686e-01
-3.106156205088817401e+01
-1.192854409238236180e+01
-1.032761248150362077e+00
-3.419619974138825569e+00
-1.473525008121505442e+00
3.168060719116301716e+00
9.753199927960929383e-01
-1.002389521260461436e+00
-1.446891723935737728e+00
5.699366623563989265e+00
2.455875013534968954e+00
-2.361493483412173688e+01
-1.041451191639323604e+01
2.941155951316905970e+01
3.510910464407825771e+01
-2.607259903911165821e+01
-4.219419876204184128e+00
3.935822472353075341e+01
1.735751986065677244e+01
5.900841837205612617e-01
-3.149396459110139546e+01
3.257701437849487736e+00
6.862460139062616371e-02
-1.667557724370341207e-02
-1.220605238387136415e+00
-7.088739477698895453e-01
3.956342104536721394e+01
-3.184940635515350671e+00
2.045847984349285831e+00
-1.787546516425230880e+00
4.967033574642610461e+01
-3.916698481203873872e+00
-1.176284939787259898e+00
-6.083086266440982115e+01
-5.584085817422758738e-03
-6.229633926195464078e+00
-1.416686097708711234e+00
1.991562191835273277e-01
1.962363351036151282e-01
5.649019758902892319e-01
7.069303227551330338e+00
6.665899135308357426e-01
-3.064853219820082852e-01
-1.614045188506661732e-02
-3.829495250275485319e-01
-1.584294571980878308e+00
-9.544715092065349238e-02
-2.234654844114940087e+00
-2.209736783725351650e+00
-5.792177733677622044e-03
-9.245931961601053795e-01
-2.087707637783828563e-01
-1.634557698715659035e-01
-9.592914994629926362e-01
-3.492319628625967454e+01
1.995687835406845068e+01
-2.221543630829996729e+01
-3.505616433006520793e+01
-3.898152946373825500e+01
-2.605759204958420128e+01
1.279260578420798034e+01
-3.890782819350565092e+01
-1.822075938880016110e+01
-9.344828358073893781e+00
-1.651501437254647797e+01
-1.827275896288042389e+01
-1.783638456250573867e+01
-1.500574930316428635e+01
-7.122111692844602437e+00
-1.784448275349105018e+01
2.180470595960921187e+01
-1.632475159954224608e+01
4.819960170501597752e+00
2.071261066039480525e+01
-2.654691296266414202e+00
-9.083872788602446180e-01
2.390039619997600673e-01
-4.866860365022240842e-01
1.537508588757657461e-13
-4.043953885275045178e-13
-8.151463109977866498e-14
1.712632434016628276e-13
6.874192820244090507e-01
-9.218702594875718970e-02
-4.983968350306021700e-01
6.231135866978312343e-01
4.634818718622514830e-14
1.295144301683699113e-14
-1.447681055191804413e-13
-2.875966739290510360e-14
1.295453310171990946e+00
1.915041707349010691e+00
2.130393365956523728e-13
-1.604440976825285734e-13
9.478796467135300885e-01
-2.893418299047585407e-01
2.534645755399911455e-13
-4.517436500562108590e-13
2.119751980169804995e+01
4.977725792937968130e+00
7.629476726542121057e+00
4.294669848905999743e+01
-6.296832667015747731e+00
-1.092781659658740079e+00
-2.127195760137781555e+00
-5.744574949316991308e+00
-1.070709872119502926e+01
-8.961052736772581184e+00
2.391745890011631459e-01
-8.632326525205140655e+00
3.302876976123346253e+01
5.589661550461769934e+00
1.294948186028160997e+01
4.578724146659176597e+01
-5.059343243702777215e+00
1.402236500878537351e+00
4.466272455377078288e+00
-6.518081118028160148e+00
1.497600952647743622e+00
8.580031767822512284e-03
1.057638787468105912e+00
8.059534849447274052e-01
-5.741474621237001585e+00
-1.396357777196598349e+01
9.588503885275162508e-01
-6.576456556040889190e+00
-1.431064144767562674e+01
-6.920410541025057150e-01
-2.854944777764741315e-01
-1.476096621116585794e+01
9.420524914490633339e-01
1.136556478268917658e+01
4.116725862584222351e-01
3.171786473042108145e+00
-5.988301231326803808e+00
-6.076794306139107427e+00
-1.682842992249852898e+01
-1.070072693698129962e+00
7.259079409389329607e-01
-7.240974468370181327e+00
-2.207222898991834015e+01
-8.881797161783305583e+00
-3.233619189820184037e+00
-1.171408689301432737e+01
2.510091227448084084e+01
-1.668601100919248070e+00
-4.406850775026532191e-02
2.304399208814339772e+01
-1.292507973680745259e+01
8.168369877713804739e-01
-3.266999754080696761e+00
-5.839015037058032931e+01
-4.386576955411056389e+01
-7.298676813657060947e-02
-3.489718940350639009e+00
2.649760094704476820e+00
1.485588756174482583e+01
9.988275473700529261e+00
-2.361912529559859308e+01
1.646352930905399958e+01
7.100361268578269858e+01
5.263208757262358262e+01
-8.703025600784454821e-03
1.171542077391559289e+01
-4.570515827789514596e+00
2.708053176478333324e-01
1.173137608191693604e-01
-1.361234979583053573e+01
-2.250253577420611251e+01
-3.428540213705040529e-02
-4.543561428114745837e+00
1.463183332258121416e-01
3.181345059963413213e+00
4.806061975524510643e+00
-6.113956312192801335e+00
6.635680612612125273e+00
1.626475640858144445e+01
2.387679269878354660e+01
7.836621163136811008e-01
6.685033785378218241e+00
-1.064627946157089013e+02
-1.423246401255720883e+00
1.620066607343480403e+00
3.296938261181544050e+01
-2.333025118344826865e+01
8.525020847638415944e+01
-2.278066000562553928e+00
1.849448899443485450e+00
-4.270402471948946399e+00
-1.144163097494787529e+01
5.503430521092098626e-01
-2.038976068904847061e+00
1.143385832220242815e+00
-7.208348444325388127e-02
5.163971909778862113e+00
2.875008765890993967e+00
4.161544492719972954e-01
6.791291873442490967e+00
-4.047002416406795255e+00
5.964606949926334778e+00
1.187668207386884944e+00
-5.109871493409406717e+00
-2.303597932068313980e+00
1.576418381806913960e+00
2.797177673183966373e+00
-1.641647173028222939e+00
-2.642466654627998235e+00
-6.460806775668372914e-01
6.453913580820364038e-01
4.757670627359297244e-01
-8.568606833121508726e-03
-3.310088389242256124e+00
-3.214483363428461971e+00
2.287158983431161058e-02
-1.018163817798735771e+00
-1.515884005242259525e-01
-1.354492559893997194e-01
-1.027762183503518889e+00
-3.510185727892110918e+01
1.598298724298928519e+01
-2.246174805522095141e+01
-3.518224503086862853e+01
-3.090250290682656598e+01
-1.794027033472999122e+01
2.421333366729787073e+01
-3.077958515086038815e+01
-2.409714897535281786e+00
-1.525852897920062956e+00
-2.159818884238712489e+00
-2.406951126587823175e+00
-2.553851149992400149e+00
-2.483733660945749655e+00
-2.024843651466427641e+00
-2.547179346485820339e+00
-2.375344745028094007e+00
2.132374186784256609e-01
3.390767241402240284e+00
6.611639326753826040e+00
-1.073835028618207454e+00
-1.049565920401013264e+00
-8.780393420513781244e-01
1.041845652931181920e+00
1.654892896485252507e+00
9.709979244468073034e+00
-1.427815332475531884e-01
4.243781457704796978e+00
-2.007979393203785712e+00
-4.136025316426286125e+00
-3.349089675712139669e-01
-2.474948325203912614e+00
6.118851275730468053e+00
5.101343993996547255e+00
2.292022398761449864e+01
7.120575523318100508e+00
-2.693524232028364551e+01
-5.260883781672166748e+00
2.384328929911392336e+01
3.596674893622622715e+00
-8.955558242656738166e-01
1.513798158068124522e+01
-1.413272945675072911e+01
9.572927772373322763e-02
5.166815141562372204e+00
6.545320044228121503e+01
9.016429916643966180e+01
-4.443175481651483877e-02
1.125614945924438892e+00
1.254772196335204093e+00
-3.119672771947169565e+01
-1.722801063054299320e+01
-2.375767251153670401e+01
1.541490464147812922e+01
-6.031973975642401342e+01
-1.035487731363052148e+02
-4.572257631924617760e-01
1.914821596051436980e+00
-4.351999249801783876e+00
3.567451627904177913e-02
4.135328460618241109e-01
1.495156822655875928e+01
3.220389589898715599e+01
-5.788297768924329997e-03
2.062573653238685356e+00
1.533562824997479979e+00
-9.436028156046647908e+00
-7.103058194456885133e+00
-4.547587855001700596e+00
1.407805443849655891e+00
-1.047126025644259428e+01
-3.163884717541557734e+01
-1.666082742367722691e-01
-8.276110816120558766e+00
2.255361367936039585e+00
1.425581966471835642e+02
3.709568459335434998e+00
-4.770155772512495673e+01
4.441381335135037745e+00
-8.851285322428975633e+01
1.978474905361684799e+00
4.365385858289322130e+01
-1.029717579416255546e+01
7.665953892656880361e-03
-2.304710503831039148e+01
2.228347641696623249e+00
-1.914255650144944099e+01
9.703299525592525399e+00
1.279714708859689409e+00
-1.525360191469961713e+01
-1.398253674661220280e+01
2.660385253301192007e-02
5.013637565129450024e+00
7.050142087258105761e+00
1.811230025027376200e+01
9.377944803481900848e+00
-1.430496052416231123e+01
-2.060991479589976638e+00
-2.219488575467772673e+00
7.934939227154312213e+00
1.930515732717935418e+00
-3.185446971645695263e-02
-1.802732546833460403e-02
-1.863818297847661398e+00
-3.527960026792148795e+01
-6.414393624632661606e+00
-6.911591601129187801e+00
3.800167276815512363e+00
-1.563038695690534441e+00
6.147060368626226963e-03
-8.148057171597403170e-03
-1.665056895477018273e+01
-6.116617300076580221e+01
-5.202259186118164402e-01
-1.161244501180668381e-01
-7.891204032775924304e+00
-7.892501795401678066e+00
1.665549751027834147e-01
8.443988972183220920e-02
-3.179343093965215916e-02
-2.179941397394769886e+00
-2.025637748970006702e-01
1.315416965900370450e+01
-2.775916251714486416e-01
-7.600821153597472346e+00
1.485865813868813556e-01
1.019436216679318221e+02
8.670431976870578428e-01
1.496807817678908137e+00
-1.860456321938792845e+00
-6.713823750721321648e-01
-8.869667658711760660e-01
6.976718304838461227e-02
-6.914475859797055701e-01
-4.819968071363103235e+01
-7.262779176836970940e-01
3.859320036774766538e-01
-2.722486817914277157e+00
-1.124367468674183579e+00
-6.802948209535682710e-03
-2.494679696133720981e+00
3.100760536559240776e+00
1.118970625117561735e+00
1.478277943118818438e+00
-1.488106071755421134e+01
-9.900636937466104071e-01
-1.656730133289303075e-01
-1.092079981031390146e+00
-2.035253911925070991e+00
-2.016403115734592133e-01
2.480176786259074362e+01
1.650106156244865785e+00
3.813594608514315354e+01
1.528387597036289236e+00
1.185651009870037464e+00
8.292269104490075904e+01
-5.712819649759167007e+00
1.880347558359143800e+00
-6.355991014189475408e+01
-2.547312661723249327e+00
5.901801385615641493e+00
-9.924800234312162672e+01
-4.660336129651409642e+00
-7.369171626968514799e-01
2.369235220795944119e-01
-8.975233389286533248e-01
-9.776121386056292550e+00
-3.421415534696612859e+00
2.385044415736556900e+00
5.253451229766710640e+00
-3.381889481213204984e-01
-1.763758521572134363e-01
-9.836335642695255288e+00
1.654133372385541634e+02
7.767226882749282524e+00
1.228195271161088842e+00
4.574505506195933435e+00
-1.781932725005861418e-01
-2.782658602970095596e-01
-6.985114959454215011e-01
-1.164616317751100194e+00
-3.242173872754315345e-01
-7.624175843667643448e+00
2.969887875016855583e-01
1.438046953843570179e+02
7.508908811931490845e+00
1.505368907710848747e+00
2.514995989047719505e+01
-1.476240426534991812e+01
7.243710117583921360e-01
-2.396744923072741926e+02
-1.251484801988193141e+01
3.734367011660844615e-01
2.341861973150909937e-01
-4.784838827636694880e-01
-1.073259509314146015e-01
2.596982387636601164e+00
-2.176448193713052537e-01
-2.694683894573463689e+00
7.930069370790968630e-01
1.651567904969925138e+01
2.205812514804440738e+00
1.168376879100253873e+01
-7.724679073935988072e+00
4.632644789382331929e+00
-2.712662608353718419e+00
-2.752613174948451658e+01
-3.676354191336365762e+00
-1.272887071107934531e+01
-9.987851277155497698e+00
-3.781960577960320702e+00
-2.169592101796590011e+00
2.331889197938936675e+00
1.081983133758039672e+00
2.121478451846827795e+01
1.664641879526033819e+01
2.247240101534126921e+01
2.236493506753429372e+01
-1.441145767431462765e+01
4.297190501645074434e+00
-6.236900281223229037e+00
2.227664807147700543e+00
-3.745400169223153597e+01
-3.727489177921849972e+01
8.020836733441892574e-02
-1.015880935650599604e+01
-1.455493205023083014e+01
-3.890667393918059019e-02
6.010679080648982826e-03
2.255883535393761630e+00
4.909304643047956440e-01
-1.022771694231910805e-01
9.289859893253914480e-01
-3.229420537545654835e+00
-1.627158687148241523e+00
1.626263958579306224e-02
-1.336806122250754347e-01
1.693134892751163889e+01
2.425822008371658001e+01
6.484445656489214171e-02
-2.164444686531468598e+00
-3.416328763952903858e-01
-2.944587934442286503e+00
-1.959629291282922736e+00
1.403094339386963485e+00
1.404569980026611375e+00
3.607407810885808086e+00
5.693881273256915510e-01
2.411155251442313130e+01
2.410164952144813100e+01
1.362512359409323803e+00
2.078824769134945960e+00
2.981123081395920416e+00
-8.250821759918050002e-01
-4.018592085737343922e+01
-4.016941586907884698e+01
3.814182386300810634e-01
9.146902125737451428e+00
-2.249268474264702444e+00
1.188757247747204010e-02
-4.087495787862991010e-03
1.697906697956493849e-01
-9.520022530397036498e-01
1.932513755579145787e-01
2.472991729965857283e-02
-9.539708882704812654e-01
1.253887971494294096e+00
7.187113384025927559e-03
-6.356970643835861967e-01
-1.524483687622930006e+01
3.748780790440934929e+00
-1.981262079572834386e-02
-4.987644014348351917e-01
-3.536003680716603426e-01
-2.103619304309242988e-01
-1.433157126856185570e+00
1.149344706013022410e+00
-1.726073894021743216e-01
8.312740023922056132e-01
5.893339467859339820e-01
-1.131339029675467778e+01
5.884371494282124360e+00
-6.610997223714444315e-01
3.048443009976448348e+00
3.301981160749794530e-01
-1.565670252752697778e+00
1.885565049458936215e+01
-9.807285823803400859e+00
1.488108146112441688e+00
-2.173876847781085075e+01
5.704438108503155469e+00
-2.435051334914030419e-01
4.512350940113146192e-01
-3.537924749079615072e+00
-2.480180243520719419e+00
3.623128079633991661e+01
-7.439880781461525316e+00
-1.647639378258174636e+00
1.229408928700252701e-01
1.239980130243753997e+01
6.330849959817700778e+01
-1.188070902687717734e+01
6.045380271916967807e+00
-1.055141659969461188e+02
2.861325756733863468e-01
3.277410875180205352e+01
-1.754195990701218122e+01
1.708214074739451693e-01
6.620826977035735972e+00
5.974815507878955545e-01
-5.967731799760818490e+01
1.628087367284991771e+01
4.863587713528838563e-01
9.881071664585187264e+00
-1.773928669913922818e+01
-2.097462519100472267e-02
-1.007200100361927086e+00
-2.532434320751803636e+00
-1.465378854950207810e+01
2.891950218922779925e+01
-1.768842673431912482e+00
8.592435444730771588e-01
-4.671219035004530173e-01
2.948071122386168419e+00
1.475375538187611824e+01
-1.322353100411420623e+00
3.839531521412624659e+00
-2.458959230312695965e+01
1.387631579535372417e+01
-3.110945971270917987e+00
3.564422143781251773e+00
-2.312719299225476277e+01
9.465682236047642562e+01
1.252649657676766992e+01
8.933653817123770935e+00
-1.577613706007777239e+02
4.158623525652090369e-01
-8.049100962228253664e+00
8.292456595204258818e+00
-1.256170144730405780e-01
8.282213791731651842e-02
-2.079671444425897686e+00
-6.931039209422703573e-01
1.341516827037845161e+01
-4.093859466010483228e-01
-7.912145320953297700e-01
5.847441893520882727e-01
6.823099110018761015e-01
1.949549106026453416e+01
-1.396112217800792976e+01
2.832865074733362576e+00
-3.249248510043770466e+01
4.661158533913853930e-01
-2.808933749781773770e+01
1.354913803128066085e+01
-2.362605565731693003e-01
-7.024072983855988994e-02
-8.500716793129095450e+00
-7.768597556525512760e-01
4.681556249637038292e+01
-2.052726539334053690e+00
-3.083178664097934529e+01
7.319305219416702357e+01
1.236931471306054409e+00
-5.092410895984725849e-01
6.693328373028817779e+00
3.421210898893940477e+00
5.138631106828964334e+01
-5.824547166624284955e+00
-3.416475430982972017e-01
7.112938524768455117e-01
9.707578611039496153e+00
2.719083526840718079e+01
6.483218955323600818e-01
1.473254031841451761e+00
-4.531805878067593341e+01
5.961611707984534547e+01
-2.378505722534703182e+01
1.417354729017881532e+01
-9.936019513308644946e+01
-2.659527352114011700e-01
-1.257235102240675388e+02
7.465658205042165818e+00
4.432545586926275316e-01
1.140695861675117273e-01
-2.777671290586086172e+01
7.643071544857604316e+00
6.015879375255320793e-01
-4.563732811501723940e-01
-1.390265046036531871e+01
-1.901159769447954839e-01
4.629452150976518965e+01
-9.791366867256206419e+00
1.567156556418574667e+02
1.344144054523576060e+01
5.533329517704245859e+00
-3.821116053258891476e+00
-3.026148932546805614e+00
1.631894477876291205e+01
-2.611927594031190552e+02
-7.180619700950050976e+00
6.058866522035101232e-01
1.210679847716564117e+00
1.196769950158463303e+01
-3.579398076774261472e+00
8.200479043132169465e-01
1.089363649054460453e-01
5.965663461302409765e+00
6.135231579468761254e+01
-1.695696674770332280e+01
2.183237413745854738e+01
-1.022538596578116739e+02
-2.197669599834493965e+02
-3.548922607237726368e+01
1.739182513855023515e+01
3.662782666390970689e+02
-2.824453972431030246e-01
1.329584908093349327e+01
1.200507094198624003e-01
3.587635993265586620e+01
-2.312290337813519003e-01
-7.454482245830142517e+00
-2.258025968190338872e+01
-5.510142264308259996e+01
-5.364598314008609675e-02
9.505185979559687137e-01
-3.415621219936230135e-01
2.831971213649444152e+00
1.974421292258671246e-01
-4.993115949320329428e+00
-2.559260350252186011e+00
4.447377473388063884e-01
1.983675145811674145e+00
2.206870969303845187e-01
2.670994562337464240e-01
-2.262462591066387585e+00
2.384160087360395508e+01
3.434985799316536248e+00
3.699147625779778181e+00
-1.322489871192359523e+01
1.153800997665766026e+01
6.687306065853881876e-01
9.246246884337194771e-01
-1.400331008182273296e+00
5.879933377987028820e+01
1.069065604105358247e+01
1.151931933521537665e+01
-6.333612128030872590e+00
-5.442317637807131625e+00
-1.987681974627464987e+00
-1.990374733648492267e+00
-9.739172274924458250e+00
-1.986285320444712621e+00
-2.072906072975221115e+00
1.582445779416291165e+00
2.138825414762106913e-01
1.842777232571898016e-01
-7.450037844777480656e-01
3.310475534074583948e+00
3.454843454958533844e+00
2.765711366511071390e+01
-1.092686084556015658e+01
-5.736032765386505972e+00
2.093680189677724623e+00
-3.364537794025435513e+00
4.174524488534281375e+00
-4.609518944185251144e+01
1.821143474259987016e+01
2.533354031338660994e-01
4.392866267199939223e+00
2.603086038743021913e+00
-1.388345528380375393e+00
-3.571574170849968199e-01
-7.479683723619444391e-02
-4.222256718902736017e-01
-7.321443778665549296e+00
6.877271089799148740e+01
-1.026652813339240033e+01
-1.070063563493958592e+00
2.576272637654487596e+01
-1.903881647951286027e+01
2.113190237753703737e+00
-1.146211848299872145e+02
1.711088022232646466e+01
5.401567524484038429e+00
1.373249151871882567e+01
-1.416045042130035903e+01
1.398552497866999866e+00
-1.751786392783716062e+00
6.602517961514916323e+00
-9.002612540806385510e+00
-2.288748586452929601e+01
-6.995049350083817785e+00
-6.929458320900253376e+00
-6.755466146392988946e+01
-8.389780032900346907e-01
2.332331841742392164e+00
3.874674702434855789e+00
3.418602320322625232e+00
8.545032797585328410e+00
7.956700902677849463e+00
-6.264573744960589829e-01
6.472865279730997956e-02
5.451768402537407354e+00
2.481660659130602653e+01
-2.679279258115931928e-01
-4.253467625634527877e-02
-8.750462011323353551e+00
-1.614348477566731832e+00
-1.510384320175724993e-01
8.155991913093599234e-04
4.933312408869268695e-01
-8.428597816058001513e+00
3.901735947668101834e-01
-3.735409356580871032e-02
-1.967782286359123889e+00
1.988200089530551606e+00
7.186885802278898394e-01
1.426301930974292276e+01
7.901917453359176946e+00
4.251894571996736261e+00
-9.329606723145208447e-01
-1.711200043665738946e+01
-8.388830388916556302e+00
-4.208637378259513229e-01
-2.130079459868344238e-01
3.185397048812540488e-01
3.122013114481514862e+00
-6.078535481952000552e+00
1.053734163915409860e+00
-3.002594772567239545e+01
9.003660081609639931e+00
5.112390987372636975e-01
5.444323279971785556e-01
2.431475568596590531e+00
2.359181034485794637e+00
3.192105599380644865e+00
-3.434132396737056281e-01
1.668264455443677008e+01
2.680388347244311853e-01
