3.630684220631646281e-02
4.239421011425822949e-01
-4.370077121389442758e-04
1.438049529728334941e-01
2.666266438039010533e-01
-2.677112124673099169e-02
5.071369405883419113e-01
3.817715051754208555e-02
4.846597960028869445e-01
-9.352768480467650580e-02
2.651725421998514173e-02
-4.656705530766983570e-01
2.299059580153921811e-01
-2.473010522835547564e-02
1.116498478880294937e-02
-3.258228241105903256e-01
2.030327567315009241e-01
1.399481134250029624e-01
1.677786239393301224e-02
3.610291407555188403e-02
2.048073694510323117e-01
-1.690592812131887224e-01
-4.186280311710406654e-02
-6.642470022746629378e-03
-5.033121181792894056e-02
7.552589348717366792e-03
-2.453442926742190749e-02
-2.424691619057664851e-02
1.112572668976186986e-02
-1.186270650031471217e-02
1.258916880735228352e-02
1.984169401506791219e-02
-2.425203564214627877e-02
9.387345266543962313e-03
-2.130014006071381631e-03
-2.480110831566901489e-03
-5.702194321319531585e-03
4.300949475575265891e-03
2.531997729496237529e-04
-5.631020904540148982e-03
3.371601314383268228e-03
-7.911287017268089916e-02
-7.936517687389715858e-02
-1.345934887873989905e-01
2.015673331075657718e-04
-3.035090057547589273e-02
-1.063496938128275504e-01
-4.302103548093467685e-04
-1.472486259604776360e-01
1.106801109040023434e-01
5.330329801710155246e-01
3.812855645143745087e-01
3.234298654325920563e-02
3.487852689300633552e-02
-5.844814983076240811e-02
-2.167626820395183729e-01
-5.307428157055648493e-02
-1.453579976357139217e-02
-6.185409788725320518e-02
-5.123574781502965303e-02
-5.343672959487887411e-03
1.836086165520835894e-02
7.720610645784591053e-02
1.171586547064845663e-01
-9.808604825693473944e-04
-4.635323561125016464e-03
-1.504019117440962006e-02
1.393524165246121625e-02
9.095703962397122186e-03
3.268475068165120970e-03
1.862381937526995141e-04
-9.979447887766780458e-04
4.097101852177575596e-04
1.819260302235202811e-02
1.022519943873110293e-01
5.001890629885004380e-02
-1.189330943989623177e-03
-1.730391342836006506e-03
-1.229449235212870962e-03
2.598604041546054375e-03
-1.441758897815548050e-03
-3.865999129613408611e-04
1.476471912591957114e-03
3.974886794569927606e-02
1.916607740440453289e-01
1.043519140511580401e-01
-1.359624556964655851e-03
-9.304038925338995250e-03
-5.335141416341118541e-03
-1.152707378738869470e-02
6.894000185757615841e-03
5.484497788290243481e-03
1.654974940398432764e-03
1.100059047587053501e-02
-7.164865709832810882e-03
-1.400500485026264993e-02
1.014409563778305434e-02
-4.591322770236360047e-03
-5.819158760477477488e-03
1.801984011696514468e-02
3.980969331720817656e-02
-1.019000185686763128e-02
-1.808656619768790608e-02
-1.458520279425971206e-02
-1.394029828440390174e-02
-1.306104633919550955e-03
-3.529569327261843472e-04
1.715711702306612144e-03
2.588788998019312879e-03
7.313284791786253290e-04
1.315331149711726402e-03
2.994861111109894426e-03
-3.982653919523813056e-03
-2.896261107696620520e-03
5.874361945627016614e-03
-6.777262537224727768e-02
-4.581442976073164808e-02
-1.189542874447230281e-02
-7.920071080474986799e-03
5.119533578299142844e-03
-1.579272477168200840e-03
1.816736906613655028e-03
5.535770810944785902e-03
5.222295223832092029e-04
2.967643828137750059e-03
2.773563594848352156e-03
5.117053617904452310e-03
2.368809312107221510e-03
-2.682909109826232125e-03
4.710548775149652964e-03
3.617638888887947466e-03
-2.158085717043301596e-03
-1.203480035300358384e-03
1.238895289859867936e-03
8.419492060644739818e-05
6.000000000089719237e-05
-4.454777777777991360e-03
1.564444444442651422e-03
-6.777777777767909288e-05
4.855737237497222136e-03
1.337277596477097746e-03
7.826994417959462491e-03
-2.378958747306197854e-03
4.290274423871961139e-03
-9.754690968359966538e-04
2.170992279741500424e-03
-2.009725862300177843e-03
-8.500000000042575875e-05
3.561611111112234548e-03
1.224263228178776178e-03
2.595766705685121668e-03
-2.148749932566505934e-03
-2.844982952190929643e-03
1.873055555555652252e-03
-3.107666666665195084e-03
2.102904929602545173e-03
-3.220347806507749613e-03
-2.194279064670186241e-03
4.610802703526032352e-03
1.777499999991724393e-04
-2.235264047459087702e-03
3.045601061277329342e-03
1.400000000010908578e-04
-2.959222222223174392e-03
2.475555555554447874e-03
-1.122222222221336767e-04
6.802249895054739755e-04
-9.166062905105871322e-03
-4.408846569249749020e-03
-1.302918418986971551e-03
2.018414953815907392e-03
3.025891562216745118e-03
4.306251929764481207e-03
-1.314901091930091625e-03
-4.500000000039036305e-05
2.869388888890016340e-03
5.133093504816319853e-03
-1.535244109391510018e-03
3.927008076360144397e-04
-5.115774993844694057e-03
1.931944444444627044e-03
-3.914333333331950458e-03
9.020569163317233852e-03
-2.494497224797991345e-04
-3.285531784010985428e-03
3.146193170764971427e-04
9.427499999992173261e-04
-2.159690301714149024e-03
-1.893311436090334369e-03
1.833333333331792160e-04
9.988888888907352910e-05
-9.894520940878205641e-16
9.369223846229197658e-16
1.140302835086693094e-03
1.671547165257054358e-03
-3.311884286041970023e-04
-1.431235686750757981e-04
1.912800715743907158e-03
-1.549366644330006822e-03
-1.799498256267120441e-03
-6.909462200442779457e-04
-8.233333333367173995e-05
4.977611111111226831e-03
1.507056193955692977e-03
2.986663952418705179e-03
-2.157273752291990771e-03
-1.950118364896948845e-03
-1.125499999999612054e-03
-3.813623180989821102e-16
-1.323364153630215154e-03
-8.299723064450574821e-04
5.978275289890769284e-03
4.432871613585153076e-04
-4.686944444443507567e-04
-4.324851105627262361e-03
-9.798742214087395857e-04
-4.333333333350972697e-05
2.211111110950730191e-05
-9.562642174519711031e-16
3.314249351031974705e-16
4.781219168617711554e-04
1.440820380817705703e-03
-2.104916052954543173e-04
-2.110811804980385065e-03
1.926808000933358982e-03
-2.405065681075286513e-03
-2.263762144015607925e-03
-4.237574936034430874e-04
8.433333333306616678e-05
2.985388888889868673e-03
-2.997816169148175870e-03
4.199713869820029255e-03
-3.433183661696235373e-03
9.159849734440609584e-05
-5.549999999892002678e-05
2.910224098034615706e-16
-4.507498111986008764e-04
-1.855057567074156095e-03
5.419018898042140056e-03
2.860310323614027417e-04
7.251944444439889590e-04
1.768605009850510081e-03
9.425803111490862779e-05
-3.810448796071515959e-02
-2.734273072495640444e-01
2.092795816413185045e-02
-2.626894770219094788e-01
-1.066116583507932397e-01
-2.123771762204802460e-01
-3.814219887912779772e-01
2.837325388666158549e-02
-6.147239378188188753e-03
-5.160765877214542642e-03
7.534982409301603859e-03
-5.771735621443894668e-03
1.932854168027317229e-02
-1.889114217559433040e-02
-2.569224389471084710e-02
4.200820560900141859e-02
-8.485200545771276080e-04
-1.024127334343655302e-03
6.223120278141647949e-02
2.412594435837473184e-01
1.133846845419437394e-01
1.476222036856654832e-02
-9.614656089286557602e-04
-2.634590974432678774e-04
-1.085197145240511356e-02
-1.551341070952439762e-02
-8.195891319651355585e-04
3.471378700473056605e-02
5.297563491314815493e-02
2.451997260942996582e-02
1.278633300088165559e-01
7.981896926092629796e-02
4.518286224174660609e-02
6.071742070143575087e-02
-3.734371952458908619e-04
9.923206124914147122e-03
5.777487726505911841e-04
5.463402595283836779e-04
-7.754757096149772315e-03
4.802206240776348348e-03
9.952556823506170797e-03
6.513905928974208712e-03
1.512878293673599987e-02
1.447154708422648176e-05
-7.745801120682207792e-04
-6.009455044191603854e-04
-6.630479116115307880e-02
-4.395715508417158413e-02
-4.519217013461228512e-03
-5.371243019011136786e-03
1.145264494718813391e-04
-1.434543245643874528e-03
7.862255475872118038e-03
-3.210422251711117329e-03
3.857698477957445526e-02
2.665975949488681371e-02
-2.362006360203449881e-02
-1.181954221747354844e-01
-1.247782398544336480e-01
1.684413638334374824e-02
4.741670019092807109e-02
-3.289813166347434203e-02
-9.811962423483122295e-03
8.408535648142353991e-03
-7.724855377691787657e-03
8.096482094668342941e-03
5.306128524506594640e-03
4.716251720568120876e-04
8.799629360464264125e-03
1.117124415512764195e-02
4.250304163749854709e-03
1.399825131167519408e-02
-7.055689586822868481e-03
-1.277379297751560748e-02
2.030851445721510162e-01
4.048081855738314139e-02
9.342755607869365417e-03
1.332710388729451967e-01
2.928747593057585280e-02
1.110554054787385436e-04
4.988951455079274760e-03
5.343956734439721246e-02
6.372525197689666264e-04
3.166767702491170289e-03
1.402215174896100612e-02
6.098074378045911619e-03
-8.002994187340078600e-03
1.708799129143893925e-02
-2.807137485335764980e-03
-1.163480127608461714e-02
-2.497805081527147957e-03
-2.688096391654879326e-05
-4.458023782451401608e-03
-6.642551487021064981e-03
1.773608547785446299e-01
-2.736525494998037072e-02
5.067788053950129240e-02
4.078590878746595760e-01
-9.308063726998638820e-02
-6.390462445556015659e-04
-3.438012376132663223e-02
-1.417974308846266795e-01
-7.910306293974667113e-02
-2.135196608142767363e-02
-4.263498181213792870e-02
-1.444880748763402167e-01
1.339093864870052365e-02
2.201485254864730436e-03
1.510461271423678073e-02
6.005169139915222942e-02
-9.217462391153709300e-03
2.454393856359467305e-03
1.461884814449707862e-03
-8.234225221847983958e-03
3.204666601954222474e-04
4.384057162827529469e-03
1.958748753349458997e-04
4.481853023091184724e-04
1.912968214097573788e-03
4.721963504833545547e-04
1.597509104386015235e-03
3.344085436520155205e-03
3.620140616275690083e-04
-1.228246443559873188e-03
1.292056137903854112e-03
6.642079333891879808e-04
-5.093244534098500479e-04
-5.975198987383698382e-03
-2.727385354411186518e-04
-7.221888569324989371e-04
8.183425206250575026e-03
-6.665547324203036778e-03
-1.656631244250224982e-02
-7.816558487983092662e-03
-5.261361773319318293e-03
5.658145822031799242e-03
2.833767215869452578e-03
-5.947486955444008724e-03
-2.372843043696737549e-03
-3.666467687744270898e-03
1.196785333325553263e-03
-2.959351720235610557e-03
-1.357120027771417832e-02
1.397290428434073105e-02
2.225065439498779066e-02
1.309543921267500993e-02
-2.063616655019536329e-03
-7.236426779943946896e-03
-8.532555963830533441e-03
9.597604727912611294e-03
-5.221034827911023163e-02
4.314315315740183815e-02
-6.862214938595095036e-03
-5.097342070193933844e-02
1.685790245606304250e-02
7.815751272202501113e-03
5.476219695302521340e-03
-9.188805426786459882e-03
-4.794672869723666520e-02
3.859287714254616697e-02
-2.841499315568652914e-02
-8.225917272767072075e-02
-1.421651839643340600e-04
-9.853087662408041569e-03
-8.730180904637122735e-03
-9.911222604077723737e-05
-3.344205188179088899e-03
-9.427064444006549165e-03
2.030401002547858175e-04
-1.048460356072589356e-03
2.996396627910712269e-03
-6.235628373384679082e-04
1.012063280989036621e-03
1.028369838765891926e-03
-1.429370131952433258e-03
1.015970269202649909e-04
-6.575267705342087432e-02
4.540552663225305729e-04
-5.663077968858555317e-04
-9.468420826384359168e-02
-6.781346636126400762e-02
-1.387834394926692593e-03
-2.035118078142825193e-02
-7.164402657953199138e-03
-5.071427270601637331e-03
-3.968262340842626523e-02
1.151392775051321988e-05
-9.456215015416368939e-04
9.190581541014255715e-03
4.912270512398076491e-04
1.143833533794564266e-04
3.506394485780570201e-03
-6.817683854575711574e-04
-1.639253029773267802e-04
-9.022772827448646143e-03
-1.212491990340863355e-04
7.680394755756969703e-04
-6.742496105084975176e-03
-4.112941180860699153e-02
-6.406646209848854655e-04
-2.375623301256987036e-02
-7.206427214120865454e-02
6.926561496128921282e-03
1.340317854065572762e-03
-2.958649051737145125e-02
-1.810770844588212910e-03
-2.634729913928293005e-02
-3.981344814208831809e-03
1.124696612686964040e-02
-1.338556524247891573e-02
2.982450894935714716e-03
-1.962567151956907258e-03
-4.106245427649382607e-03
3.888263244760845148e-03
-2.302398488921920570e-04
3.039914303614173197e-03
-6.730303136818579666e-04
-1.986053073699944362e-03
-9.802206029578442066e-04
1.408125678140693211e-03
1.040733979550457523e-03
9.244154624037882653e-04
-5.417834653875366023e-03
-6.458356424791079214e-03
6.183894538105821079e-04
3.330174663402666550e-03
4.191295159324001304e-03
-1.714733946957740490e-03
1.595101833795789601e-03
5.559828267943979670e-03
1.368527264424180580e-02
1.051600603236343620e-02
-4.852697949221901710e-04
-1.577543073817709368e-03
1.573061591302923239e-03
1.533578216692809977e-04
-2.210740288681723592e-03
-6.445798803394954708e-05
-6.489425713945193817e-03
-1.024317978262908983e-02
-2.226047417438153236e-02
3.348262806655134902e-03
9.038845288983021753e-02
1.210352034013723391e-02
6.548730878248557486e-05
5.711630977594635283e-02
-1.844872365447526183e-06
-2.119644363554401220e-04
8.553083754574816646e-04
-1.844872366029126957e-06
-5.975560775377754610e-03
-1.097546515767827777e-03
-1.520557274108507231e-03
-4.362116867910569885e-03
1.366038512906982458e-05
-1.323200728003251828e-05
1.422224620882700269e-04
1.366038512851763364e-05
-1.487234999999503468e-02
-1.188062106446323256e-02
-2.314838709676041021e-05
-5.717032258062359172e-04
-1.583089644365571298e-03
-2.431754767968022021e-03
1.752038709677598187e-03
4.862461709925315402e-16
-7.033054786213940694e-03
-2.384554815416186496e-02
1.176934120227579594e-02
2.134044044922805972e-02
-1.032866501199569166e-03
-3.608746761553083097e-03
-2.360597381361310629e-02
-1.013423626499525276e-02
-6.899162506272933648e-02
-2.795694260832034400e-02
8.891902360571203243e-03
1.218761087317594104e-02
-1.514787934624228088e-02
-1.050425829885693165e-03
1.369139308852510006e-02
-1.391939057289766184e-02
