8.550517836225864698e+00
4.340083811019631099e+01
3.504356971153901879e-01
1.063512681225008905e+01
1.291924292617634933e+02
1.534962057531614121e+01
5.388253674969329410e+01
3.853742491107382762e+01
1.395080015296194915e+02
-5.486195348804158378e+00
5.139992695989460181e+00
-3.404498382880310481e-01
1.598172714888296468e+02
-3.236933447808653330e+00
3.569951438840234470e+00
-8.777507518579703572e+00
1.657524387586909711e+02
1.144194445236440849e+01
2.365857171415298055e+00
2.694135065562671461e+00
7.881993521812240111e+00
1.744705059463643693e+01
6.395394853337506014e+00
3.749959162807935176e+00
2.268979226915138270e+01
2.084944471815080025e+00
-9.289527333796119279e+00
-1.160173126293287105e+01
6.372592617781419611e-01
-3.553385257899093652e+00
-3.416099087839123882e+01
-3.656458804553987108e+01
-1.753546895523760973e+00
-3.289491173426620119e+00
9.108494599368085476e-01
1.669693002324768472e+00
-1.992610186656367022e+00
-5.680859147425008082e-01
9.988868287236779553e-01
1.205945638503028938e+00
-1.627622493563339212e+00
-1.204534432268756561e+01
6.478722151079122860e+00
-9.418414447184291660e+00
-4.879911147056445131e+00
-1.381018454520441363e+00
-1.087820917609697879e+01
3.950187350996133162e+00
-3.110909545032524814e+00
1.886292253465583713e+01
9.928590802737954135e+00
1.028242442985265725e+01
5.916003923688271549e+00
3.515955568035034062e+00
7.110552038165081079e+00
1.308951111780024590e+01
-2.272963235873272314e+00
-7.057177863898446368e+00
-3.037113898131963641e+00
-4.826973805395414985e+00
-4.848935772382569453e+00
5.596872984630171466e+00
-1.329081609508620199e+00
7.788855663524092421e-01
1.678895138217300076e+00
-3.515884964329891282e+00
-1.568121381306947004e+00
1.884389449734188426e+00
2.089518216191537103e+00
-2.271024607113281968e-01
5.400758633168418754e-01
-2.232501171411434449e+00
-1.698573364708079403e+00
5.786817964919307444e-01
2.546846047232898425e+00
1.696561152757367852e+00
-8.037840961301045972e-01
-1.218847331277582047e+00
-1.542618679096997569e+00
4.454335539816033918e-01
-2.469085746673910009e+00
9.369754856566261392e-01
1.126465663833174230e-01
-2.484623644719900493e-01
-2.100310655522368286e+00
-1.694189975285057059e+01
-4.781098428590051519e+00
2.149617180487065582e+01
1.083074364683916047e+00
1.320218911653005200e+01
1.160636666257290628e+01
7.876498284567115427e+00
-1.506482981665998011e+01
-3.370968729588905255e+00
5.611253412795172757e+00
5.680079764438922929e+00
6.722869674441554366e+00
5.240881190259203848e+00
2.626510107200804800e+00
2.472934361476971876e+00
-6.704875827706467284e+00
2.059133154357471795e+01
-5.002830740025463602e-02
-3.390888669736553118e-01
2.001738256994664766e+01
6.957045426403367649e+00
6.767668514591150597e+00
8.014495590990936003e-02
3.474515361709913375e+00
-1.045462049820964090e+01
2.666374461152346345e-03
-3.396586675431848001e-01
-4.959813536416688429e+00
4.323772113649932081e+00
-7.233483508457158706e+00
1.783940539933689950e-01
-7.448356091998068251e+00
-1.713040865384181377e-01
8.248697916665020946e-02
4.086264373107984516e-01
-6.209520010620682706e-01
4.882756855412790920e-01
-2.613570601851560760e+00
-3.669877425336010912e+00
-1.644155070371177141e+00
-7.995204635109205427e-01
-1.795759368838206194e-01
2.053661242601894643e-01
-2.697767504931173566e+00
4.921863114925076665e+00
-1.302506672657661457e-01
4.468144468299223959e+00
2.964981267772047069e+00
7.606564349111939460e-01
-8.211569280083363953e-02
9.654924802746855939e-02
-6.357226947732376177e-01
-4.627205360358342401e-01
-3.518739152025511518e-02
-1.183467335739250420e-01
1.367206734525579614e+00
-2.148226050569757462e+00
6.301582532052305563e-01
2.269338381425792139e+00
1.398328393481855780e+00
-2.343706380927967903e+00
-1.288510862787711320e+00
-4.295914602278325806e-02
-3.983553763005081017e-01
-4.021026267553276412e+00
1.805109177158749079e+00
-2.307838286382457582e+00
-6.300030955520035114e+00
9.128014747114125527e+00
-9.692005204318902001e-01
-2.251076669190764878e+00
6.311889644246020836e+00
-8.645924923209204138e+00
4.791057062384055598e+00
6.099235475061839384e-01
3.257803516314699888e+00
-1.596622242026618999e+01
1.787257363005583244e+01
1.579770255828135284e+01
1.837317335373195704e+01
3.334492953829264650e+01
1.885540335072055029e+01
9.996338920143896800e+00
-1.388147884360392759e+01
8.213794404714738207e+00
1.338600953063153076e+00
-2.601656949888874859e+00
4.505594567367771752e+00
6.815350672931629994e+00
-2.564244583860057158e+00
-1.357990765622963725e+00
3.905609400717998003e+00
-5.645150609458721824e+00
-4.717635715514335359e+00
-6.789795008110190544e+00
-2.638352709667594276e+00
7.149875975032474962e+00
-9.677841386343082053e-02
-1.174627785938623825e+00
7.788734423522000405e+00
-6.932610110038402773e+00
1.417665785790249489e+00
-8.718106991425665919e-01
6.588080341972401222e+00
3.638679002931527151e+01
2.836711662638833431e+01
2.674180499101292696e+01
-2.459879096991050229e+00
2.037948467084578752e+01
7.214843236439084251e+01
7.399199399672613708e+01
5.795138973658358594e+01
5.130090964260060282e+00
-1.076597065401966535e+00
-1.154450975945680025e+00
1.598810527007624938e+00
1.166262888753354376e+00
9.571955760425835402e-01
7.538200883919079498e-01
1.590179452028358975e+00
7.700661663506753740e-01
2.661146627532681386e+00
5.899316271679532875e+00
9.649261739578066654e-01
2.628956895162756879e+00
1.083667316249576490e-01
4.041288885122307217e-01
4.777485540059313252e+00
-1.061224423435990882e+00
-2.652151527221399685e-01
4.718339607594133622e-01
-1.994747450721243986e-01
1.753413820776470455e+00
1.976254412088057077e-01
1.773680726294550591e-01
6.396528020867457698e-02
6.573092422993104256e-02
5.134712962481561283e-01
5.492490151316492542e-01
1.128270170653039584e+00
-1.602544841096139039e-01
-3.501722636712873427e-01
-4.225839134555761656e-01
1.080835710041925024e+00
4.311553720926826649e+00
-4.492958855874873425e-01
-1.901102421066230841e-01
-1.252444295956991915e+00
1.146700689568424192e+00
-8.733764219796336103e-02
-1.957998060597503365e+00
-1.412619923834073976e+00
-5.859972730451739054e+00
2.813795877078155705e-01
-1.050374239141616783e+01
-4.617786855161950754e+00
3.586375105028180243e+00
-4.808274109523122397e-02
2.884350548634782019e+00
-1.598244622465136322e+00
6.557866675944705293e+00
-5.637390295595644252e-02
4.325186580848270346e+00
1.295168923496581304e+00
2.335201414726128522e-01
-1.031161982505236357e-01
8.975998081124394457e-01
-4.815585194920167789e-01
-8.835752095543962792e-01
-4.382021531513360935e-02
1.487700645276882894e-01
-8.411734827481996968e-01
-8.026453436609655157e+00
-7.690699563746341560e+00
-3.965633108211542357e+00
-1.066806891026509829e+00
1.021058308678378657e-01
3.047645463464523571e-03
-8.405479536491045067e-02
-6.034541420118681998e-01
-3.147332523246295644e+00
9.183330251482296758e-01
-2.752073647453733007e-02
-2.736587727176226004e+00
1.603851084812921268e+00
-8.756656804712853459e-02
9.891765286000395174e-02
-1.985113412228812324e+00
4.390019019442724435e+00
-7.867645815737555059e-01
2.545636094671130945e-01
1.526553254438909324e+00
-1.910067218660856714e+00
3.246694711539723777e-01
1.806449843557406343e+00
-5.920997405365687749e-01
4.649396844842843990e+00
-1.261010109660207101e+00
-7.458076775909410205e-01
1.205973865108485255e+00
-1.681187094755943301e+00
-2.083910265310677801e+01
-1.270519520295936289e+01
-5.381639814151838230e+00
-1.976361669786347530e+00
1.006670555344773454e+00
2.590304963305077646e+00
1.077303024135785714e+00
-7.074557216998879738e+00
-3.022831858874010180e+00
-5.092798337698229538e+00
-4.955713900196161426e+00
-2.806056345112861172e-01
5.268861983966696139e-01
3.642397378370871852e+00
1.061740322091009991e+00
1.246536041048834642e+00
-1.943573605389253556e-01
-7.419124047683347545e-01
1.203299471556225519e+00
-1.657302525520942260e-01
-7.408136375143887786e-01
3.502027633372359339e-02
2.369837000390661697e+00
7.737310572647394302e+00
1.074231378067623359e-02
2.051999424161623231e-01
7.277654092968268706e+00
7.161598539899731719e-01
6.223029909547979077e-01
1.059795556950078321e+00
2.095052392117390916e+00
1.093062507728981245e+02
2.887304536010695415e+02
2.882584008969835736e+02
-4.617681579636486333e+01
-1.388074343553011829e+02
1.330991457183623652e+02
1.318308172891783840e+02
1.725461062216182739e+01
-2.301647916682913575e+00
3.726994037858583741e+00
3.757723521864559491e+00
-2.412395014791991255e+00
-8.233831701014777238e+00
-6.445860906258795708e+00
-6.503495136265128984e+00
-9.996658907359858404e+00
2.126515381068554866e+00
1.656410770028756974e-01
2.034775659388162516e+00
-9.184239291356564028e-01
-2.188949591796684579e+00
-2.406578999219845194e+00
2.337676808101104786e+00
-8.481224198940205961e-01
-4.713654575439221728e-01
-4.598749905100282254e-01
2.313321410306382608e-01
-9.553207015021426551e-01
3.472585613305145813e-01
-3.242267819962109665e-01
5.711669292785074431e-02
6.088402641976482510e-01
2.197263578715049182e+00
5.757604712342437203e+00
-9.801019880641597126e-01
-2.131411733428217659e+00
1.321165334068337582e+00
1.662904374585586972e-02
8.871798564340072080e-01
3.184041809446684024e+00
-6.655227582772881290e-01
-1.074785375121386055e+00
-1.279214496503687570e+01
4.027464337429824681e+00
-3.109521931902744507e-01
-3.609496466180749596e+00
-8.744354516139793532e+00
7.951494102768022820e+00
-2.478337923758538175e-01
6.023376148168811284e+00
1.412436277621827996e-01
-2.051851296266488656e-01
4.534881652993890122e-01
1.011641439205329535e-01
-5.184774325142504567e-03
9.135299117895239185e-01
-7.620744498472068473e-01
-5.769413295470567915e-01
-2.055877080220848363e+00
-4.089395410642425177e-01
3.188621193965334721e-01
1.785820093473741710e-01
3.960838647075757279e-01
-9.761215016037314007e-02
4.269529013515935278e-01
3.054126014089815211e-01
-5.589996217716209914e-01
3.052532385636505530e-02
1.270124083078940647e+00
9.615688825783557103e-01
3.426461800368304278e+00
6.815659017738411318e-01
-9.117286934456382275e-01
-1.050068085863205170e+01
-1.201098469545258318e+01
3.868453864389253205e+00
4.517106667893767691e-01
-1.829306413467300108e-01
2.403551241044848685e-01
2.721313842829758411e-01
-1.079145426299620958e+00
3.652256005124109972e+00
1.198751025159491501e+00
1.495061540649119003e+00
2.350583782787896592e+00
1.803983982548361809e+01
2.113375935796510419e+01
-3.172627761726058537e+00
-2.561128255210593174e+00
-2.734690976817216956e+00
-3.562769678797580664e+00
-2.361701589927563294e+00
-7.198906503063043916e-01
-1.323119185594585634e+00
5.051364621109421194e+00
8.377063886741614951e+00
-1.344390842263412655e-01
1.681210084820194739e+00
6.773277387189605703e-01
4.790724657660661578e-01
-2.924018826927843318e+00
-9.298336633094209103e-02
6.531935974880608953e+00
-3.820198864957335516e+00
-5.721704508400232925e+00
1.009889706682002242e+01
-1.973812609961027809e+00
5.280514718010064890e+00
-6.417552197883434673e+00
-1.464287597867297563e-01
-2.511013169302338532e+00
3.955693317537960940e+00
-1.193526190695424560e+01
-3.434899594110991217e+00
-4.133424407052690874e+00
-1.948837936657545100e+01
-5.050511136777030785e+00
-1.199020961591821741e-02
-4.522349805187318439e-01
-8.643596584554137152e+00
-2.345671380257627003e+00
1.959896094163303681e+00
2.366884940095035805e+00
3.736516553848668321e-01
3.580622306269525268e+01
-2.206714579599971557e+02
-2.210231384187293315e+02
-9.526067823789999522e+01
-3.699819444824250780e+01
-1.203346119467620525e+02
-1.235150119038602838e+02
9.641248829689163813e+01
1.285942554504968172e+01
-7.871638735520906494e+01
-7.885068512175726596e+01
-3.671902293431660524e+01
-1.898573133966596771e+01
-4.758633833161943016e+01
-4.864299363421580580e+01
3.200857834294291138e+01
1.488493494352676194e+00
1.524561520655155267e+00
6.609388513686084821e+00
1.778011485044089124e+00
6.698453789808347936e-02
-1.767156681461121148e-01
7.694993307984099827e-03
-6.759836837841033397e-01
5.245554205410443593e+00
-1.530555041913550074e+00
4.586789412413541656e-02
4.560979545293688986e+00
1.480640321217084443e+00
-2.215254296985017246e-01
8.329635108435727575e-02
-9.222386587773467870e-01
-7.316698365737791754e+00
1.311274302622649435e+00
-4.242726824450449019e-01
-2.544255424064580939e+00
2.991422784391247536e+00
7.382208358788086566e-02
9.868329008943546032e-01
-3.010749739262926106e+00
-3.244250415820602029e+00
2.199106475230591939e-01
-1.384113470045817140e-01
-7.315047305041792569e+00
5.610276144798281628e+00
1.321966569280101700e+00
1.423544882240044274e+00
3.505552192190135585e+00
4.032213716704492745e-02
5.571624214353849691e-01
-4.248666950512615670e-01
-3.751534831034082477e-05
-6.429108578223989845e-01
2.888543493779536786e-01
-1.851445654816224751e-01
-7.007249569421248880e-01
-3.379483968189731513e+01
2.510092277223570179e+01
-1.112180770613256620e+01
-3.301574345938819022e+01
-5.874342018800152943e+01
-2.592606857081345595e+01
9.540690046592718687e+00
-5.864651265811872349e+01
1.432291940465447277e+00
-2.153544891362857427e+00
-2.490490505972664803e-01
1.445220488911076240e+00
4.036322042786018471e+00
1.337726868147599557e+00
-6.565400729235886246e-01
4.031159600993944991e+00
3.305041176534925462e+00
9.299305225637457539e+00
1.512225764916460413e+01
3.258863739221832478e+00
6.670063923990348087e-01
2.708933967141607425e-03
1.844525288162862930e-01
3.381988888080109668e+00
-4.328510035370262132e-01
-1.875633511405892628e+00
-1.668125268320096222e+00
1.131891338631748178e+00
1.437924281120565162e+01
3.203509572610770562e+01
3.197111984371819560e+01
-5.279726639479458861e+00
-1.361929793432638647e+01
1.814978109732890843e+01
1.825366461540531304e+01
6.427854932114570374e+00
-1.837041902631595036e+01
-4.097193738780679695e+01
-4.089023768032065931e+01
6.752243401812358492e+00
1.743733017355779680e+01
-2.317660535313759240e+01
-2.330946245230418512e+01
-8.175895674586898920e+00
-1.281670127848062668e+00
-5.344617007400916942e-01
-5.389022507550202956e-01
-2.013833629189269114e+00
-2.351091590617827626e-04
-3.814806732207151694e-03
-3.721061675916849110e-01
-2.158708243322191370e-02
2.314276351999892400e-01
-1.378575599115489936e-01
6.243512629183989998e-02
2.573330371129309291e-01
1.197668244966010320e+00
-1.977647579008284251e-01
5.376866938439859300e-01
1.200058895147621429e+00
6.820459839036884242e-01
2.386239763863845786e-01
-5.110851504805240531e-01
6.781547573557186182e-01
-6.313427624175758091e-01
1.042503522961955587e-01
-2.834374019530701005e-01
-6.326029743887976453e-01
-3.595350114992305612e-01
-1.257878579967908472e-01
2.694155810806615481e-01
-3.574837777755239809e-01
9.637382701597830836e-01
2.596893668905322805e+00
4.196905124941832099e+00
9.400481072486365219e-01
6.871900668100058840e-02
5.724208260749252862e-04
4.642717580323692944e-02
8.196016548232344379e-01
-1.246798778219450898e-01
-5.226181035049842771e-01
-4.682239461186640250e-01
2.920972684756204529e-01
-1.935659008037592343e+01
-4.366928905004454720e+01
-4.359489710027666121e+01
7.111263966988730978e+00
1.862161095488507812e+01
-2.510264376366339079e+01
-2.464302577567248775e+01
-8.403671957853717345e+00
2.279993599830053785e+00
5.115564686222579205e+00
5.105447511143762718e+00
-8.428033309784753735e-01
-2.189744751784661769e+00
2.869113235095099412e+00
2.885696530991056719e+00
9.903077617577161762e-01
1.588661659614436727e+00
6.611431098550950569e-01
6.674634390462099720e-01
2.496848950941581435e+00
3.077491543698952954e-04
1.521398932674401794e-02
4.722204991009661401e-01
2.720233118858843280e-02
-2.865525807173358031e-01
1.729618790837067210e-01
-7.702505112233370976e-02
-3.189694434775877663e-01
2.232793290257161889e+00
-3.686896490730401377e-01
1.002403112529425711e+00
2.237250156218961727e+00
1.271531870069925185e+00
4.448686037578031827e-01
-9.528052717582033981e-01
1.264277519223567348e+00
-1.851321217066837477e+01
3.056989427101672874e+00
-8.311330445873796435e+00
-1.855016568965681500e+01
-1.054273383516239804e+01
-3.688411056791103260e+00
7.900277621918099236e+00
-1.048258439865473868e+01
-1.454289872903603564e+00
1.039630467405926462e+00
1.363400255301803421e+00
7.926003196787246852e-01
5.489630286842537288e-01
9.305501035718924396e-02
3.382275304325838561e-01
5.474896755504344847e-01
-2.190387187437566885e-01
-9.558395677335641549e-01
-6.068693074173034940e-01
-5.859022623573570954e-01
1.889368586513864745e+00
3.761920674116975838e-01
-4.715682914553392772e-03
-1.812818065077604346e-01
-7.531474606393002702e-01
5.237901892578936680e-01
4.280525006373581576e+00
1.494645391355007069e+00
-1.737943908459076703e-01
5.748908004584474263e-01
-9.734312303957303181e-01
-9.897716423629483035e-03
5.752286174211388436e-01
-3.173937939026028054e+00
-2.335144519729788204e+00
1.054823597379751732e+00
-2.381738190087533680e-01
5.263498716484647844e+00
-1.280027369194155273e+00
-4.851314785945739949e+00
-1.735055988591194032e+00
1.573230323598241442e+00
-2.431350806451639812e+00
-1.670715725806283025e+00
4.068941328659866352e-01
2.824726107948363207e+00
8.203354827052646847e-01
-4.919318786703831492e+00
-5.390629456521146778e+00
-5.319745438433990392e-01
-6.353016439206603527e-01
6.094680521093037706e-01
1.179382068444424059e+00
-1.976441069430245445e+00
8.851262333233570478e-01
5.224907292986642915e+00
-1.096078642309992546e+01
-5.167131656436429132e+00
-4.098883786245270389e-01
-8.856846457277033124e+00
-3.673413733912000545e+00
-5.778959221129170487e+00
2.406966740111300407e+00
-5.885432418174345592e+00
9.795654928045660625e+00
4.633291720105462197e+00
8.539520912561641808e+00
4.719000759009994717e+00
-7.877219646100846795e+00
-6.674971362436417976e+00
-1.010616493553155415e+01
-7.753076663778970534e+00
1.624483812753609868e-01
3.991892238982540420e+00
4.259639021214129961e+00
4.228450984497004406e+00
-3.255158686661047684e-01
3.730800723088617321e+00
-4.858560338817101254e+00
1.540737617523934899e+00
-1.047551563032344868e+00
3.437685962844942544e+00
5.554677719631471611e+00
-1.574540248691580491e+00
-1.662611297520680820e+00
-2.426816717093534248e-01
2.084490875744138272e+00
9.746372098860740518e-01
-2.247368341992139307e+00
2.765750631951741756e+00
1.810771048351534462e+00
-1.718452941161562886e-01
-1.509066521231484881e+00
-2.238107537001413350e-01
6.989229145140565258e-01
2.904842137223006548e-01
2.934983151751062169e-01
1.098661609829748587e+00
1.400633775960683218e-04
9.693256101560727631e-03
2.108938840283682559e-01
1.209472109654283027e-02
-1.259791982818628808e-01
7.668987881711572530e-02
-3.378236712353112348e-02
-1.403285034459227920e-01
1.196585600662896764e+00
-1.975856165515900709e-01
5.371814682476080405e-01
1.198973972615512418e+00
6.813948895955607155e-01
2.383655197852468377e-01
-5.106407547841079753e-01
6.775071874152616136e-01
-9.637253783667189211e+00
1.591346808546251435e+00
-4.326436268121069517e+00
-9.656489623991380000e+00
-5.487923668462313387e+00
-1.919781394610646563e+00
4.112682879294508709e+00
-5.456612267482690903e+00
3.216078949439336032e+00
7.500611168287285579e-01
7.663334509546841922e-01
2.002334502258367621e+00
6.004837391019892667e-01
3.451362735696965334e-02
3.951047623435535359e-04
2.350861191320689769e-02
2.191444212980402095e-01
-3.615201253306961071e-01
-4.025580564159833563e-01
-9.706035079057742654e-02
2.439247832863302179e+01
-3.314586927608051070e+01
-3.215285667483832555e+01
-1.082591829206815959e+01
-2.520687644126949678e+01
-5.717196942724857678e+01
-5.708268879499303949e+01
9.254420444389509726e+00
-7.926393298447362845e-01
1.050731199905267754e+00
1.056763612209822512e+00
3.691868010413901224e-01
8.332343609996462064e-01
1.860438144518797854e+00
1.856733996685820509e+00
-3.065863867939503939e-01
-1.172282118469907042e+00
-2.332407163805189754e+00
-2.169164070605101635e+00
5.497178074204862597e-01
2.427674537507872099e+00
-6.021443288326028487e+00
-6.311810432826908013e+00
1.536088717789734881e+00
-8.051837442098216391e-01
-3.928366894675575871e+00
2.362904483011909029e+00
2.130608055374181298e+00
1.047272972835340710e+00
-6.488095715489320625e+00
8.330663514046326767e+00
-4.462233997626464443e+00
8.302749823007040675e+00
-4.448914663352755428e-01
1.798770729544288294e+00
9.813464847110642708e+00
-5.375041598893446348e-01
1.943637350894868998e+00
2.575289632479222046e+00
9.345112899828821318e-01
-1.600250680594650143e+00
-3.875805640187424128e-01
1.782113105605201753e+00
1.435584262576213188e+00
-3.420848640639095439e+00
-7.506240648143578387e-01
3.191917434825528588e-01
5.441146224363094808e-01
3.544845752882238799e+00
-2.954868926826769382e+00
-1.814311997770318596e+00
-1.686326530374502308e+00
4.911341856564145902e-01
-3.420707992023396482e+00
-3.278281969697586895e+00
1.258173463261807790e+00
-1.885407554616080006e+00
-8.736112145569336906e-01
1.111037993761504028e+00
3.649745212763298996e-01
4.622027877181969835e+00
1.020077796139032378e+00
1.055713326766076543e+00
2.854437738758859311e+00
8.616301901663153684e-01
4.943656312845965545e-02
5.711609294739387064e-04
3.840532625300108194e-02
3.135542234873788248e-01
-5.155262169449681409e-01
-5.742047975963652240e-01
-1.382765068242158835e-01
-2.917224205883627164e+01
3.945898069786176166e+01
3.854558863034718286e+01
1.307775732208070707e+01
3.025188030415367990e+01
6.839856082778828750e+01
6.828602027105685579e+01
-1.111066863038171348e+01
-5.832250872006100373e+00
7.738047460070892392e+00
7.782450462510801970e+00
2.722425776680020171e+00
6.135346343136605540e+00
1.369396355536027343e+01
1.366668511614321524e+01
-2.256704377816651785e+00
1.284026920842493980e-01
3.088807131713257048e-01
4.855274850407967913e-01
1.297184617607213819e-01
6.157376898430037826e-05
4.074706643349694686e-03
9.298296606857266167e-02
5.336251926488471201e-03
-6.201654557239507509e-02
-1.493699323280015499e-02
3.385062218811071832e-02
-5.568115210458517844e-02
7.948225310946853694e-01
3.561071083980854590e-01
-1.309832316194558255e-01
7.932392381157742367e-01
4.491311604963065807e-01
-3.385140180752837513e-01
1.580155599599411265e-01
4.517083916071049088e-01
-1.345856446307183374e+00
-6.029888784727487350e-01
2.217911817481471870e-01
-1.343175488502169834e+00
-7.605046696198127787e-01
5.731986248526852457e-01
-2.675647371225688409e-01
-7.648686414524582533e-01
-1.113613139849507494e+00
1.993823284408969387e+00
7.007276714740830137e+00
1.461659094641700740e+00
-4.388933071668240871e+00
4.787797660373270148e+00
9.101176716744993067e-01
-1.624744774481347243e+00
-1.818803430958992329e-01
2.141011925043152520e+00
-7.443037213206670444e+00
-1.853250957117942965e+00
3.624846213174550136e-01
-9.015169212330716775e+00
2.572870388830965638e+00
-5.753475246906033291e+00
-1.495544666134229761e-01
8.352658499549990845e-01
1.973734801632167635e-01
1.512658887581481981e-01
-6.794350510358844464e-02
1.002357262722588294e+00
-3.283223425985836386e+00
-9.843490398804380370e-02
9.949705584872918507e-02
-1.216775376629419148e+00
1.033246836112956091e+00
3.041274445144389604e-01
-4.201858626626180787e-02
2.044775592023155841e+00
2.565601416829236481e+00
-1.193392667870060819e+00
-4.089809193207692317e+00
-9.966832062727106756e-01
1.809526495616313069e+00
-2.865134498849312816e+00
5.615504999367241012e+00
-4.825332474128678939e+00
-1.158581642988683463e-01
3.680584940287249918e+00
-9.452663126157131446e-01
-2.775647842744081162e-01
-2.676369927916084079e-01
1.018794603338204069e-01
-2.860759991422301862e+00
1.811585676879464923e+00
-2.181357379120912598e-01
1.426377797234594569e+00
-2.053234415315717154e+00
-5.242386341841632991e+00
-8.370654329734501076e+00
-2.029503127399181484e+00
-6.996518653313979486e-02
-1.047237207116354140e-03
-9.068973720804382466e-02
-1.580476236543151503e+00
2.537410954736036839e-01
1.053608322054194968e+00
9.459537595385129061e-01
-5.752402604171176215e-01
-7.797157751982048524e+00
-1.740307086147624105e+01
-1.736840380654860283e+01
2.867948959287383914e+00
7.411948895371423873e+00
-9.833969291656259770e+00
-9.890399165867405529e+00
-3.459834843045076713e+00
-2.034463787182432171e+01
-4.540874820432775749e+01
-4.531829361791295696e+01
7.483160484640900556e+00
1.933953624735050170e+01
-2.565916335167487716e+01
-2.580640230565860449e+01
-9.027531620153121494e+00
-3.441252793058192094e-01
-8.278185427663340423e-01
-1.301243057946589898e+00
-3.476525452905483426e-01
-1.650398494216923160e-04
-1.093234563277566303e-02
-2.492122960267741938e-01
-1.430197435653127701e-02
1.662080012702861487e-01
4.003160977026314071e-02
-9.072402894160296050e-02
1.492284252602447958e-01
4.546943734160305617e+00
2.037183120881950860e+00
-7.493161832711989767e-01
4.537886184621008567e+00
2.569346165846754459e+00
-1.936538130878791897e+00
9.039602734588687571e-01
2.584089739930588880e+00
-8.043376012637263317e-01
-3.603727929126758767e-01
1.325513209513649870e-01
-8.027353382018762584e-01
-4.545125639062125300e-01
3.425640623248260574e-01
-1.599130545499580225e-01
-4.571206487450552580e-01
7.321682485741797253e-01
2.740516320207011081e+00
1.743439908313856979e+00
7.247227531905713338e-01
3.013006727765104101e-02
5.250840798091543915e-01
2.324061968728106942e-02
3.479216072710672046e-04
-3.500448796843189103e-01
-8.430165547360578271e-02
1.911137372372923027e-01
-3.142784590700400948e-01
4.980980580317587170e-01
1.742434252516352755e-01
-3.732789013890143726e-01
4.952561494070293890e-01
8.747036433649166831e-01
-1.444350000066708384e-01
3.926787045007633647e-01
8.764495377872086879e-01
-4.606218190456336181e+00
-1.611335801261436940e+00
3.451938910657637472e+00
-4.579937318648151567e+00
-8.088920989272102346e+00
1.335679017652454004e+00
-3.631340783023252250e+00
-8.105066345624765134e+00
2.909350071978449304e-01
6.850903638341100388e-01
4.251389827211586314e-01
-2.551653554820548786e-01
-3.896128013502054177e+00
1.413537366489284297e+00
3.648249319662832058e+00
4.010964998699852124e+00
-4.999788687633177631e-02
2.408801933645890458e-01
7.953650837329154788e-01
1.029909556001378235e-01
-9.519448821313128417e-02
-1.014733773662863658e+00
-5.787642688837146832e-01
5.403779699938699999e-01
1.913960934525830604e+00
-7.748163985058671432e-01
3.552352889046467066e+00
1.633503313441563298e+00
1.482654766828205517e+00
-4.480014310657354781e-01
-1.478633094056711839e+00
-5.306736349077284309e+00
3.031272196264181318e+00
3.371285493806293498e+00
-2.188349435823522704e+00
4.365081776675677538e+00
4.916456518334415549e+00
1.313501638163649954e+00
1.300144207977422361e+00
3.127712113933673876e+00
5.405317052136571210e-02
9.419990355510403646e-01
4.169718107936277313e-02
6.241734155785009759e-04
-5.638120054233224376e-01
3.428567009657442211e-01
-1.512361163030231936e-01
-6.279766825603424474e-01
-2.118941938767059696e+01
1.597065116842997234e+01
-7.454964486232621645e+00
-2.131100978857078587e+01
-3.749869005373338382e+01
-1.680066722305949511e+01
6.179617952307932427e+00
-3.742399236616193292e+01
2.080182437865941480e+00
-1.567851752156520062e+00
7.318598850021023061e-01
2.092119065904513686e+00
3.681276744322082628e+00
1.649335090601097731e+00
-6.066580944755286531e-01
3.673943611921592467e+00
1.629836450781421808e+00
4.354341605825543526e-01
4.310061522045496862e-01
1.036856392994558895e+00
1.791893359734003308e-02
3.122777849099592218e-01
1.382205242966535672e-02
2.069161560105228282e-04
-1.869072781991641119e-01
1.136590053553965529e-01
-5.013576006093455745e-02
-2.081782512388893613e-01
2.486163391943088108e-01
-1.873843145414057221e-01
8.746940847559178667e-02
2.500429644265809714e-01
4.399736903787015430e-01
1.971229274619611116e-01
-7.250571451214213314e-02
4.390972593025776471e-01
-8.233770596325672431e-01
6.205865086633090000e-01
-2.896845178621941796e-01
-8.281018114026451604e-01
-1.457121622358350077e+00
-6.528392177574816602e-01
2.401271863987050614e-01
-1.454219024546629990e+00
1.031635177090744593e+00
2.481768464099385341e+00
3.901096339851402917e+00
1.042233809361808872e+00
3.308338930085911317e-02
4.952637175244755090e-04
4.288986133627567532e-02
7.474523320343849919e-01
-1.200025030983637858e-01
-4.982852228843874798e-01
-4.473720795997401245e-01
2.720485262396936665e-01
-1.027124718330295039e+01
-2.292517966502695614e+01
-2.287951252556855053e+01
3.777968020085263667e+00
9.763808998899904168e+00
-1.295435242627636185e+01
-1.302868787058591060e+01
-4.557663214979611688e+00
1.622627073671138120e+00
3.621665074568562570e+00
3.614450689057245647e+00
-5.968343555448318849e-01
-1.542463202702036851e+00
2.046497625161817435e+00
2.058240960934617281e+00
7.200087380910357160e-01
8.679077769947614041e-01
2.318740007228436983e-01
2.295160351881480321e-01
5.521386695497487729e-01
9.542049005009864415e-03
1.662916882841775634e-01
7.360374058026201288e-03
1.101853171872560369e-04
-9.953040531772119892e-02
6.052479853816511435e-02
-2.669790473588006322e-02
-1.108574566828134378e-01
-1.206304445726277680e-01
9.092022368254384923e-02
-4.244078914504426092e-02
-1.213226534457696182e-01
-2.134784143504622200e-01
-9.564546904894530299e-02
3.518029669463162284e-02
-2.130531636584331590e-01
7.405282812694882200e-01
-5.581426580551385186e-01
2.605362580967459651e-01
7.447776251967724859e-01
1.310505020743319982e+00
5.871500768898151312e-01
-2.159654201569197185e-01
1.307894484362862375e+00
2.877292127930219934e+00
7.687098239613304740e-01
7.608926816723692310e-01
1.830452829256999481e+00
3.163384956448705293e-02
5.512910671080331060e-01
2.440119149023890072e-02
3.652869724126281610e-04
-3.299636873079412891e-01
2.006521179947418632e-01
-8.850902340836404314e-02
-3.675151848936450971e-01
-3.857551448825702067e+01
2.907470347437451963e+01
-1.357182494326775135e+01
-3.879687082584931801e+01
-6.826667757770754008e+01
-3.058575461696439035e+01
1.125004595359878046e+01
-6.813068981530507529e+01
-1.065501957047280568e+00
8.030781666350802483e-01
-3.748700757407015249e-01
-1.071616084468348662e+00
-1.885607477300495161e+00
-8.448152107475407346e-01
3.107397565370650372e-01
-1.881851332271875288e+00
2.803883498350372983e-01
7.490976577841981787e-02
7.414799563651235104e-02
1.783752311646251698e-01
3.082677139494306977e-03
5.372259070047095270e-02
2.377862387723373924e-03
3.559673449703288620e-05
-3.215452928007809380e-02
1.955328578567212816e-02
-8.625088486895929329e-03
-3.581387349304241546e-02
2.978679185945680707e-01
-2.245056617534787469e-01
1.047973384415193526e-01
2.995771622019605118e-01
5.271336864636604336e-01
2.361735206194149894e-01
-8.686929563346054706e-02
5.260836319858434029e-01
5.429093252303967887e+00
-4.091955182957504711e+00
1.910089967649919451e+00
5.460246801770001213e+00
9.607808567457301052e+00
4.304619554928863501e+00
-1.583324276682944065e+00
9.588669736697671198e+00
4.623978967818921149e+00
1.235362246214134041e+00
1.222799638477745088e+00
2.941646177178818711e+00
8.859573736752841544e-01
5.083746926644438363e-02
5.870377490260326016e-04
3.921411974274031931e-02
3.224598369619796068e-01
-5.302712017873282280e-01
-5.906186826703294646e-01
-1.422392474755286851e-01
-8.162603239891312512e+01
1.082991679759842185e+02
1.089206167759683694e+02
3.810233949618783100e+01
8.586824624058428412e+01
1.916558853518610022e+02
1.912741053103378022e+02
-3.158404061823254594e+01
-1.053856552173565575e+01
1.398227800766602336e+01
1.406251195637731399e+01
4.919312987670294568e+00
1.108626883664332752e+01
2.474428863007818080e+01
2.469499781115384351e+01
-4.077749116479486347e+00
-3.954469519934181165e-01
-1.480163729263739070e+00
-9.416387933045116121e-01
-3.914255849058628223e-01
-1.627338249117211283e-02
-2.836003334428532918e-01
-1.255267915331612083e-02
-1.879143482297744334e-04
1.890606246146981639e-01
4.553164627493597183e-02
-1.032213510129110640e-01
1.697430297102883734e-01
5.938527449497397193e+00
2.077400915325173347e+00
-4.450382749773769575e+00
5.904645060043419491e+00
1.042857227938575804e+01
-1.722012762406629038e+00
4.681675080749361229e+00
1.044938754212808263e+01
-1.110574996817525806e+00
-3.884985856420911099e-01
8.322743054063822532e-01
-1.104238588527947762e+00
-1.950266581149036060e+00
3.220367901627211871e-01
-8.755287118096221066e-01
-1.954159281915572199e+00
1.490892366712454731e+00
-6.979845710411656245e-01
-2.105543526472156979e-01
-1.545374327705704709e-01
9.269255609275035557e-01
-6.902695485705478973e-01
-3.908608487125027620e-01
-3.570635100782280080e-01
5.857992478001580183e-01
-4.169654836526822672e-01
-2.274712960344389134e-01
-2.060345955125269801e-01
1.145625015979156336e+00
-8.198219618332256431e-01
-4.492976464165633899e-01
-4.073923093351995428e-01
-1.103831326226216714e+00
7.895311923975282253e-01
4.325185870002208888e-01
3.921404660245873530e-01
4.938553585445499411e-02
-9.712791990927015506e-01
-6.608070465008686334e-01
3.122841025794897973e-01
1.046549357584272422e-01
-8.237805354438163530e-01
-7.486447318846839449e-01
2.961957222792344635e-01
6.057974876366360728e-02
-5.040789448559171992e-01
-4.477304969134295876e-01
1.795178422514994709e-01
1.197367817709946020e-01
-9.895645242627442162e-01
-8.813799979605195789e-01
3.528192916890160458e-01
-1.152582224793476245e-01
9.531357141673448830e-01
8.487218381972094772e-01
-3.397956746747844980e-01
-5.089587101549746251e-01
-2.274249654056543224e-01
-4.500566674646918619e-01
-2.072647848780312385e-01
-2.743803452413163257e-01
-1.260348621558445570e-01
-5.388777726406541735e-01
-2.476067636569905528e-01
5.190193710734555266e-01
2.384754316318951906e-01
2.650547557496513162e-01
1.211608094638883387e-01
2.599378840143343750e-01
9.054474258743067105e-02
1.571219358092486029e-01
5.607849416556322242e-02
3.089027074190485722e-01
1.099304853704873852e-01
-2.974915115055891124e-01
-1.058973762974162736e-01
-1.042424397059692431e+01
-2.784986163387289881e+00
-2.756665167435090602e+00
-6.631612651925653523e+00
-1.997291920539920440e+00
-1.146073948590030228e-01
-1.323411025288098253e-03
-8.840385645777380785e-02
-7.269496766343812588e-01
1.195437179903405145e+00
1.331483833387309135e+00
3.206624916338007281e-01
3.180183064301383666e+01
-4.219379158256657547e+01
-4.243591053542483849e+01
-1.484482477157025926e+01
-3.345461422417526620e+01
-7.466990405597481129e+01
-7.452116101571485274e+01
1.230526930249851425e+01
4.331272463945451534e+01
-5.746612818692248226e+01
-5.779588378033047746e+01
-2.021801244304220191e+01
-4.556374474402140606e+01
-1.016971956594394726e+02
-1.014946140402503261e+02
1.675924719228495974e+01
3.815166735828960043e+00
1.019276467458272162e+00
1.008911272435819795e+00
2.427102441757628348e+00
4.194513499461201972e-02
7.309884264890299521e-01
3.235490783163483958e-02
4.843549070509962071e-04
-4.375177879940237435e-01
2.660561507212069188e-01
-1.173591941003076650e-01
-4.873094724911492537e-01
2.563761767275026582e+00
-1.932329721361224939e+00
9.019951221206050640e-01
2.578473299261086815e+00
4.537061923202140079e+00
2.032755475862899175e+00
-7.476876997894792432e-01
4.528024059918432265e+00
-2.731697839641267578e+01
2.058904611455970013e+01
-9.610792070913715790e+00
-2.747373032499070433e+01
-4.834256603765547311e+01
-2.165908631922309624e+01
7.966640661828655823e+00
-4.824626726323818104e+01
6.046622212169358690e+00
1.615441776267089624e+00
1.599014075255404066e+00
3.846692045651175285e+00
1.158536746196507705e+00
6.647845363189965051e-02
7.676495795655969255e-04
5.127899192744986290e-02
4.216699143196571686e-01
-6.934178656634444327e-01
-7.723322424925594953e-01
-1.860014932477757343e-01
3.295564617617797865e+01
-4.372464220175076832e+01
-4.397554557371405792e+01
-1.538341607471897632e+01
-3.466839509047737522e+01
-7.737903410973781604e+01
-7.722489446095445942e+01
1.275172193034798696e+01
-3.446987874100593263e+00
4.573368419575181143e+00
4.599611597333104207e+00
1.609024699085748189e+00
3.626132434258938275e+00
8.093441435194147715e+00
8.077319235755595628e+00
-1.333763283925012422e+00
2.299750435002194227e+00
6.144112857275272344e-01
6.081632333067840124e-01
1.463036947719277947e+00
2.528417475011322454e-02
4.406336782069033564e-01
1.950326643468940427e-02
2.919650663869439436e-04
-2.637320444767400907e-01
1.603764109722158326e-01
-7.074313558828011772e-02
-2.937460533028816156e-01
2.054524316719908317e+00
-1.548512990220791252e+00
7.228327279133464067e-01
2.066313711735821457e+00
3.635869824827973051e+00
1.628991276964235180e+00
-5.991752354441477468e-01
3.628627143341114358e+00
-1.642702193317505532e+01
1.238119045228821413e+01
-5.779434674400881100e+00
-1.652128445853407968e+01
-2.907072594496061058e+01
-1.302465744399948910e+01
4.790726814162086455e+00
-2.901281682864035005e+01
1.139041258616158458e+00
2.740151582777873518e+00
4.307249249096814836e+00
1.150743362761276867e+00
3.652806340831373649e-02
5.468272965010582444e-04
4.735524387713663241e-02
8.252717558846512924e-01
-1.324962539426713382e-01
-5.501629430120547060e-01
-4.939490969310615931e-01
3.003722339695781840e-01
-2.422225432371755360e+01
-5.406349612199132082e+01
-5.395580120953704295e+01
8.909424588479252449e+00
2.302558399367897835e+01
-3.054970963785060434e+01
-3.072501181929042957e+01
-1.074814728391505092e+01
2.940456745375124914e+00
6.563029589480155579e+00
6.549955982558884671e+00
-1.081558193489615016e+00
-2.795187139296107404e+00
3.708577185811740229e+00
3.729857966493868027e+00
1.304769645256527388e+00
1.604727543390773725e+00
4.287259600741492038e-01
4.243661731773464285e-01
1.020882810269658991e+00
1.764287594680959137e-02
3.074668404028125801e-01
1.360905442554806097e-02
2.037283595424128489e-04
-1.840278272833737183e-01
1.119079879626212193e-01
-4.936338154615652757e-02
-2.049711026566925498e-01
7.831633951070293698e-01
-5.902771171503730097e-01
2.755363510084539169e-01
7.876573904089985145e-01
1.385955928098178358e+00
6.209546067110779388e-01
-2.283993953420989931e-01
1.383195092912880231e+00
-1.140247488500671302e+01
8.594145290181309349e+00
-4.011674117954674657e+00
-1.146790525226222890e+01
-2.017883849091932547e+01
-9.040794490636875125e+00
3.325383164497634159e+00
-2.013864208483005669e+01
1.186564521973478170e+00
2.854476629672880961e+00
4.486956997926239588e+00
1.198754863197802223e+00
3.805209316730658042e-02
5.696421129375256291e-04
4.933100701071618799e-02
8.597038773700460546e-01
-1.380242840490695233e-01
-5.731169301765580704e-01
-5.145577209305094435e-01
3.129044128275760839e-01
-2.540795509995630752e+01
-5.670995208192488235e+01
-5.659698540823850266e+01
9.345548803394125414e+00
2.415270669868342068e+01
-3.204514494900560351e+01
-3.222902832729992895e+01
-1.127427860131235882e+01
8.408189756458797071e-01
1.876687975512350004e+00
1.872949598202048538e+00
-3.092698621675080140e-01
-7.992793605614019192e-01
1.060461805936262714e+00
1.066547011658812272e+00
3.730968252819166775e-01
