1.231172445041567158e+02
2.194382531775547136e+02
7.406850961538201383e-02
6.553317482857680432e+01
1.069904829265451838e+02
1.376824557930227115e+02
2.190038762508040406e+02
6.382781157038272823e+01
1.012536922251185132e+02
-4.752438661773091821e-01
5.260949682609117417e+01
-1.287146799866192914e+01
9.136745756145734276e+01
8.163354845300183626e+00
6.766364276008359013e+01
-2.098245303195258415e+01
1.021331488519027744e+02
1.868667286761018431e+01
6.694795820221085769e+00
7.483962246682564157e+00
3.068756267281205652e+01
5.518647667488256303e+00
-4.706025543235255526e+01
-4.383317784710460074e+01
-5.543718099470265059e-01
-4.566992852970960470e+00
9.279527130969609378e-03
2.241944006838911818e+00
-6.316713449769864930e+00
-3.722772511479456536e+00
-1.066403475824426650e+01
-3.961566934784091831e+00
-1.978363015481323206e+00
-7.455211125121827820e-01
-1.990450960805832115e-01
-1.158023950268527669e+00
5.452269230170075226e-02
-4.501831824717206221e-01
-2.807731436016489002e-01
2.072301101747258567e+00
3.710502943736559534e+00
-4.825217346133767293e+00
-1.821423210791870773e+01
-3.454417985344031194e+01
-4.098490406424485855e+01
-4.212731404468353702e+01
-3.001800636377243592e+01
-1.330376576510808562e+01
-1.227710657865328292e+00
3.782130806693702496e+00
7.940020844791966681e+00
7.284489465286646315e+00
3.139739806657462662e+00
-1.458584940148832887e+00
1.751500195224753531e+00
3.569292560334796693e+00
-1.898683705553210643e+00
-1.292063321826245836e+00
-8.146986707332433131e-01
-1.643996925076119386e-01
-1.370473140582775251e+00
-1.346911464382423418e+01
-3.047950115598360199e+01
-7.939183173575504782e+01
-1.402852874914430288e+02
-1.256397456373407806e+02
-9.034600581264000141e+01
-1.686108590936454377e+01
-3.047921267590860683e+00
2.079742538534266494e+00
9.653887764450304942e+00
9.660231911212967759e+00
3.836977738047418995e+01
2.479774654881253682e+01
1.018132977734275180e+01
1.104730067877519772e+01
2.186334460897934040e-01
-1.040707874328866822e+01
3.144798628959305375e+01
1.579596898691357687e+01
-4.585452488059504894e+00
-6.416950241861724180e+01
7.813934010614314474e+00
1.417207323887653558e+01
-7.428712725175763865e+01
1.036815529621703424e+00
-6.003762909714597917e+00
-4.916420515224321441e+00
1.610314692211548859e+01
-1.660589714119214193e+02
-1.278261194577960502e+01
-1.867782228361463126e+00
-1.659828421915329386e+02
-1.582708388472674255e+00
-4.451472653505302857e-01
-7.125690857434381353e-01
-3.163644897135702710e-02
-2.418659071558399987e-01
-1.356357258631222251e-01
-9.465931146609630753e-01
1.825155949785254528e+00
-6.684592829369431222e+00
-5.739125477832840438e+00
-2.891048242161855519e+00
-6.890742592714409476e+00
5.075640744629893453e-01
7.656349578851009974e-02
6.572459074524004130e-01
8.984987460463517150e-02
4.474680326118602447e-01
7.556068743901233065e-01
5.473894428429956771e-02
1.441999764590096156e-01
1.106918519010434698e+00
-5.067590552213431521e-02
-2.250348970042111846e-02
9.466792972895100577e-01
-1.328356239738142930e-01
-7.580194011158793155e-02
-4.218924409359743333e-01
-1.420653131084669840e-01
9.400722588299352533e-02
1.095667377963669198e+00
-9.958365857736146964e-02
4.969702772154284132e-01
1.944198822617765054e-01
2.297375116521132438e-02
6.447667154682945601e-01
1.268747089019411911e-01
5.219729946460307701e+01
7.820909208483256769e+00
5.442212673626714903e+00
5.641326101943550242e+01
6.100777000060013222e+00
3.207095123273409509e+00
9.120095872442652407e+00
7.473932401188283059e+00
4.423358200950397112e+00
-4.520600941983435872e-01
-2.024292888492689624e+00
-3.378014471403040897e+00
-1.561322909548343887e+02
-5.679064138186372190e+01
-1.817997836740270756e+01
-2.277194748132808044e+01
-1.754707136745881257e+01
-7.620023798999566722e+00
-3.872280482562712223e+01
-1.482559328180832097e+02
-2.867910830011792811e+00
7.948761511299819560e+00
-3.395297429037652748e+00
2.751075169746859672e-02
7.188923888287379604e-01
-2.000016861974960758e+00
1.493776177869406752e+01
-1.286413061863953100e+00
5.022439752953175685e+00
-1.405753134171586316e+00
1.304766105565118739e+00
2.081836061294278561e+00
-5.133929603207185721e+00
-2.998215438390621657e+01
-4.115830167243891680e+01
-5.154062168217732776e+00
8.508993428248381452e-01
1.178131565338967901e+00
1.271016336399408031e+00
5.529994608646476850e-02
-2.638897644770960671e+00
2.090737426956291500e+01
2.698711248747584435e+01
-1.839866982212842839e+00
-4.382942841203032458e+00
-1.321920886264082162e-01
6.586701148891862090e+00
1.741853432428018067e+01
-8.380897764948695705e-02
1.107972525527977981e+00
3.449231910923473698e+00
-6.264813787327088157e-01
-1.893213824553766189e+00
1.929565973413229685e+01
2.189740782721717949e+01
4.774593581765879113e-01
-6.517529988893199011e+00
-4.073043790503930062e+00
-8.349687443178439139e+00
-8.570218433997832008e+00
2.768416979361186581e+00
-5.099708788959121719e+00
-5.126046982640469096e+00
1.128225968980371441e+01
-1.943034639125948759e+00
-2.123509181666871193e+00
-2.890943282662833957e-01
-3.314871152954047773e+00
1.133068819332394206e+01
4.910045205218178666e+01
5.217121628390864174e+01
-1.011585294628772260e+02
-7.717091872865792368e+01
3.306424762640962456e+01
4.177486944999430563e+01
4.264985623075951082e+01
8.292325025365753888e+00
8.934891869186705193e+00
-3.496592138831677943e+01
-1.672241134224087489e+01
-2.300524846858666805e+01
-5.180363205566078477e+01
8.398182630244606983e+00
5.345481178136639144e+00
-3.026553207920668243e+01
1.969614839513915427e+01
2.702996542949560421e+01
-4.766603139647942555e+01
3.731514037663177685e+00
4.726109095430921059e+01
4.851082865695300228e+01
2.321988857972126841e+00
1.349309869910266801e+00
1.649551773211700549e+02
1.654393168605758149e+02
-9.443511069029751681e+00
5.047502120198619213e-01
-2.098983759322453346e-01
-2.357717869157696100e+00
-2.836725567637135015e+00
3.759749671497815138e-01
1.148744750802527664e-01
9.427434023529974727e-01
-3.117661344106022359e+00
2.517182957893422390e-01
-1.266996089566251316e-01
-2.859044040167014966e+00
-1.866946063373454145e-01
1.735271560097270083e+01
-5.726712610037288931e-01
-2.522536744779559428e-02
2.109063172098653283e+01
1.049195582888331302e+01
8.788175641515507674e-01
7.550222831521530287e-01
7.885042166213710679e+00
8.313435692060030746e+00
-3.715961288833468656e-01
-1.154981038656623049e+00
1.028881775198917303e+01
-9.912084253108601217e+01
4.825221425215384663e+00
6.644365387021882619e+00
-1.147000502222730631e+02
1.070956855645763461e+01
3.050694454779159681e+00
-8.743321124228617403e-02
1.366141593485748729e+01
2.833231113411631696e+01
-5.413210323967486026e+00
-3.209214292416446290e-01
2.594853806957595665e+01
-2.283117905039927287e+00
-1.978662865745828059e+00
-3.105298714022036943e+00
2.473571319475275754e+00
-1.938991434345638254e+01
4.877423527050808616e+00
1.225342871932385869e+01
-3.820866344487546939e+01
1.052464105345968903e+01
1.710749505145624383e+01
3.684819009907928322e+00
2.221217925658458547e+00
-3.419717880824137080e+00
-5.221711694349601807e+00
-8.078545201835146017e+00
-1.133312432552207127e+01
2.662639773575980473e-01
-1.437162902352239868e+00
5.440058189835478286e-01
2.331997124366365082e-01
1.812315292416721846e-01
8.393444584950626036e-03
-1.410078293990490339e+00
2.418704506833337042e+00
3.892348304331559348e+02
5.898841913928661995e+01
3.781908025656996131e+01
3.768675741786571507e+02
-1.766531459997113984e+01
2.490004539703197572e+00
1.417398970596621011e+00
-1.565553293929796119e+01
1.180467356661899885e+02
3.223516614964459848e+01
2.898519510686283951e+01
1.075694945539417802e+02
1.121544511603504768e+00
3.979511837267207808e-01
1.160481805459629534e+00
2.395601238804753452e-01
6.853175533916768813e+01
-4.591411496924897584e+00
-1.875656595174713104e+01
6.291559979246981982e+01
-4.113853122965647757e-01
7.208580896141710825e-01
6.260470201317664962e-01
-4.438372951332080873e+00
-1.974293815290499765e+01
1.392820843606370396e+01
8.588077234494706502e+00
-1.016643798260366083e+01
-1.845167752786049498e+00
4.390194657496655772e-02
-5.865679497793223618e-01
3.269069214800623402e-01
2.425475577639776930e+02
1.132625607329134283e+02
1.240443926836324664e+02
-2.435685928178844151e+01
3.458994713141242272e+01
1.624777292242523288e+02
1.497920151683094332e+02
3.077374586538074368e+02
1.987598027195293184e+02
3.360514448093921658e+01
1.580185117648611381e+01
-1.687198507025511773e+01
8.525479352103129571e+00
9.517830590450568451e+00
2.529165903011998040e+01
2.335365813599655382e+02
-2.839209225151385851e+00
3.035443831088439737e+00
-2.674579025380909303e-01
-6.617836885309589690e+00
1.280123461494654968e+01
4.523592263114127121e+01
7.085630194020315287e+01
2.210333582351588078e+01
-1.804840996227071448e-01
1.530636913997926785e+00
2.318835017949325561e+00
-2.992907168215557800e-01
8.190438867807383616e+00
-4.885052510916099777e+01
-6.365864217447407469e+01
1.201416783778676134e+01
-2.922785797510155437e+00
-5.922526036464813792e+00
-5.300888486398722677e+00
-1.468821357056478760e+01
2.955166303253851101e-01
-8.324985231061102775e-01
-2.042774422723945063e-02
-2.560119962000042104e+00
7.052682901473249721e+00
-1.191775314463717983e+01
-2.113977104784742522e+01
6.845666313665500269e+00
-4.176934323799533644e+01
1.058360960682446361e+01
9.201877982925636967e-01
-5.454424316152892516e+01
8.077725294610537787e+00
1.195642862468243722e-01
8.831787034417327292e-03
5.389417588171276030e+00
1.894918354050199039e+00
2.213905093579444650e+00
2.239067631471069131e+00
-9.018429178105584754e-01
-9.991468978614565799e+01
-9.140996603571798573e+01
-9.091852890895697215e+01
4.831968192304808563e-02
-2.398962489816830157e+01
-1.189192967743491494e+02
-1.191281254626828314e+02
-1.210838231064897457e+02
-5.959928781898395478e+00
-5.115183067471500067e+01
-5.092213793625720797e+01
-5.826262109061895345e+00
-1.144428963708747737e+01
-6.678103147612384305e+01
-6.690262597595452121e+01
-8.717953939078078918e+00
-5.816529732807146758e+01
-1.292894997709013394e+00
6.338551063163284649e-01
-3.637417583551719957e+01
-2.900480789934745474e+01
-6.855583949878468530e+00
-1.526817131910633130e+01
-4.163776940693769291e+01
3.682168459453041720e+01
-7.200114565234943420e+00
-1.478035056692312210e+01
4.657214455514831997e+01
8.447738988365236068e+00
9.432508187060230753e+00
-2.337095696642703668e+00
1.982671597049363132e+00
-5.132139854450974781e+01
-1.593474396379158975e+01
-3.600294660621433440e+00
-2.679548191196801810e+01
5.922112076292205529e+01
-1.391076299919544113e+01
-9.601610838676363002e+00
9.063308889797616530e+01
-4.427861300854021209e+01
-4.917591397923406937e+00
-5.297128760324276014e-02
-4.669079958444227429e+01
-2.418738793682119876e+02
-2.980553034546326074e+01
-5.455097165425003780e+00
-2.369047885515469147e+02
-2.362905369994531046e+00
-1.432822484322710821e+01
1.914930863587892995e+00
1.307316415037101498e+00
-1.427233071329514189e+02
-4.830886730490571779e+01
-5.771691551593939096e+01
-1.516887023009119844e+02
-6.795905399438603922e+01
-1.687547507905203048e+01
-6.051770884042374732e+00
-5.262918009374909900e+01
3.094741604423886017e+00
1.153947133002202108e+01
9.853086009887981334e+00
1.684931456067617184e+00
-4.669042593143248911e-03
-8.750020441662369475e-01
-9.226244244782240145e-01
-2.119333719285648385e-02
-9.993768462849021983e-01
-3.683623832196397663e-01
-5.128767136214260614e-01
-1.022411225966888271e+00
1.623214919435151415e+01
2.985923803340538196e+00
1.045405754622868066e+01
1.626086844527557673e+01
1.240951239599858802e+01
8.291516497805778485e+00
4.662980720363478215e-01
1.234631294945988067e+01
-1.460893427491686225e+01
-2.687331423006652731e+00
-9.408651791606109427e+00
-1.463478160074765988e+01
-1.116856115639878766e+01
-7.462364848025353048e+00
-4.196682648325463783e-01
-1.111168165451393364e+01
3.628742251238052496e+00
8.362459859834378006e-01
4.483792205812803244e-02
4.066658828081484600e+00
-8.957438527230729974e+00
8.360250957046729825e-01
3.599953596582771365e+00
-9.544156419619920229e+00
-2.810167118644940842e+00
5.638156987675961851e-01
1.505780143010947980e-01
-2.593742170447689510e+00
-1.433341596087504755e+01
1.149789172590151454e+00
7.274100337208825318e-01
-1.539023374838200375e+01
-3.944352473231794676e+01
1.453086251957771857e+00
-2.810184741933189123e+00
-3.299342930892643722e+01
-2.409773194601295287e+01
2.674041297490473701e-01
7.117301885046916965e+00
-2.540010286583717303e+01
3.733741891968191062e+00
2.007082951134303350e+00
9.106338707555262646e-01
3.008932651473350539e+00
3.379071042603008834e+01
2.362919463839174561e-01
2.879425866763226427e+00
2.505775650250713937e+01
-9.773436090065848347e+00
-5.884950328132257269e+00
2.344128931695612650e+00
3.388114924515583049e+00
7.248786112052887809e+00
4.766711101961065289e+00
-4.816827786436961745e+00
-4.579001151193798691e+00
1.294210096199645887e+00
-3.855614385723886262e+00
1.693959748355318151e-01
-1.423369082703687116e+00
1.590208572419914868e+00
1.803673230743680023e+00
-5.820258079484609937e+00
2.000313446913438042e+00
2.042700125047088733e+01
-2.497540731790970803e+00
-2.232942770879741357e+00
2.573089468537072122e+01
4.523785108773037855e+00
-6.828208162014219873e+00
-3.329831729927604567e+00
6.049698800717361991e+00
8.313629006310510761e+01
-6.298692112642908292e+00
3.218272553498188859e+00
8.282729246564640846e+01
-3.156038503010939245e+00
-3.166640178887025314e+00
2.447536465486859214e+00
1.280815166794691651e+00
2.993704967299227064e+02
-2.009993819849920982e+01
1.726642174212839365e+01
3.072558163036213159e+02
1.351798163063228913e+02
-5.965136616059636410e+00
4.607374394968026365e+00
1.391309092144472288e+02
1.161916545597023429e+02
1.895473915363644402e+00
-5.297994488764978804e+00
1.271944061387878406e+02
1.572396432603003769e+00
3.174738099216417364e+00
2.082687021916758696e-01
4.097241353973513078e+00
-9.380158573864805227e-02
-4.869431602656461994e-02
-2.341243748172340489e+00
-2.793641041885229548e+00
-1.774910207101491437e+02
8.804316243968338895e+00
3.672082149072124224e+01
-1.537846614081615542e+02
-5.008654432058042971e+01
-3.055920905725526104e+00
1.479559679914094428e+00
-3.780619091764423700e+01
-3.439637247690102413e+02
-1.328805144069529121e+01
1.982472561640367559e+01
-3.233639383625086907e+02
-2.670308048781143739e+01
-1.860698867425488068e+00
-1.939710224840415081e-02
-2.295467795313171422e+01
-7.195171663018664177e+00
-7.360162304930334409e-02
1.124753459534709871e-01
-9.666369798269494495e+00
2.041120638959053046e+00
5.863937419425806485e-01
1.741703820949494774e-01
1.478882204585884264e+00
4.170413302558308288e+01
1.045015565674448643e+00
-7.348954507360606625e-01
3.683645736015542838e+01
-2.980143587620168333e+01
-1.333432074057816941e+00
4.419306760958416347e-01
-2.723181486656172723e+01
3.268246560042152993e+01
3.448328407807758289e+00
3.472139628012753665e-01
2.869376378719955056e+01
4.538703398663352040e+00
-1.836073493884163188e+00
-1.631094578245866344e-01
3.304181117857872607e+00
-1.642030761075882195e+00
-2.095550571578053689e-01
2.328825936696466425e-01
-3.033501405154991559e+00
-1.352565263962505604e+01
1.049193787012062673e+00
2.860826793133267043e-01
-1.381144412945278610e+01
6.021028987189662018e+01
1.339867270414524691e+00
-1.051003947189201426e+00
6.007978810906956824e+01
-1.548033422434341162e+02
8.099989164988054213e+00
3.749300400174627956e+00
-1.489293531240198263e+02
9.458377646876920153e+01
-6.882231744271603446e+00
-2.457963904987639392e+00
9.038845399506664080e+01
-1.115810041413167752e+01
-6.700332210057827531e+00
1.633045157481886500e+00
1.939870419192022633e+00
6.250804343375635952e+00
3.431685371753139258e+00
2.137010638175550703e+00
1.085404318880721641e+00
-1.072865531038989628e+00
-1.662442881039502218e+00
1.800296958456920393e+01
1.203231079886123744e+01
-2.860080207959585952e+00
-2.026138876885416273e+00
3.471626755569149347e-01
-2.473168205568680444e-01
1.382045489389573056e+00
1.131755274595490190e+00
1.636100662627735236e+00
2.072279165003959589e-01
-4.269397250531660193e-01
1.238589119092461166e+00
3.647087971423387032e+00
2.021643098596458188e+00
1.318219295445785644e+00
-1.439995134658017539e+00
-9.592452502269210868e-01
2.923125934301925577e-01
5.014667510614043522e+01
-4.298486676806035689e+00
-7.476523130487426894e-01
4.604550118261557401e+01
-7.299072658033277605e+01
3.591176450542645338e+00
1.606663850221865530e+01
-5.462983564989321650e+01
9.526872967733092112e-01
-6.006805008519695566e-01
-7.578244359096315996e+00
-7.439223006992727427e+00
-9.887816082720383148e-01
4.621863177158218039e-01
1.420226597218113618e+00
1.462222109565919359e+00
4.598383744289006358e+01
1.041319391079257972e+00
-3.907748168872315020e+00
4.298165023073650559e+01
-9.196615038928221963e+00
2.321621935223224575e+00
3.721065352313351227e+00
-7.697354282393058078e+00
-3.387421469621652648e+01
6.416767845238627865e-01
5.052482482982415313e+00
-2.979994996816114750e+01
-8.554019556957172254e-02
-2.044763908121181306e-01
1.851585400549967883e-02
2.764344077954247858e+00
3.948943784598573647e-01
9.556718316421823900e-01
6.708097574011575581e-01
3.880067018124144229e-01
-2.368629992873208323e+01
-2.351993471032693961e+01
-2.357163808173398678e+01
-3.488654729215610928e+00
-4.526640404852925847e+00
-2.381782078347458054e+01
-2.388998340817467536e+01
-2.037923298839428554e+01
-7.375308421900561484e+01
-1.529485056732623782e+01
-1.534638630786503555e+01
5.707687302806020213e+00
-3.699134755677486286e+00
-1.222369995861231118e+01
-1.226590405067734935e+01
-8.279055085288041482e+01
3.931409027833622361e+01
1.368846760434271781e+00
2.489621951431745028e+00
3.387440927972645710e+01
-2.735830543993323261e+01
5.576978474707233069e+00
3.299487692240235415e+00
-2.241664323007215032e+01
-2.418497592753064040e+01
-1.428688422902643751e+01
-9.426070468840381800e-01
-8.876921251594267481e-01
1.877309820498532034e+01
-6.519651336509977302e-01
1.434523934563495251e+00
2.302062867523535061e+01
-2.783135207919995580e+01
1.869136896030574535e+00
-8.970140724674720012e-01
-2.709997405856236341e+01
2.215562292614240647e+01
1.083218352504610493e+01
1.172305934837586250e+01
4.284460391398194190e+01
1.203195022396529534e+00
1.823112075745116467e+00
-6.337043671346423324e+00
-2.372784603001822923e+00
-2.350466964042789708e-01
-3.835137149387730926e-02
-4.609772547986751290e-02
-3.660720823719509909e-01
-3.564843962393415389e+00
5.370855185389885378e+00
7.281363773469848866e+00
-3.993508846800672973e+00
4.021834615045229100e+01
8.036534283001421031e+00
6.641765663323567992e+00
4.388741984506009430e+01
1.337910111362339016e+01
3.726890781600500802e+00
2.991599078773797604e+00
8.982739741110560061e+00
1.273191817603123184e+02
5.507951222213947950e+00
-6.873102678117647635e+00
1.237418465253826838e+02
9.197349531794399624e+00
2.747470933816555050e+00
4.250344501936941022e+00
1.068352456803707895e+01
-7.440655588439813073e+01
-4.103302107601469295e+00
1.531686488363205978e+00
-7.653062119735858460e+01
1.722671438391425980e+01
2.884225517106430203e+01
3.835698707278574648e+00
1.941773171090024119e+00
1.135077613777342620e+00
1.107194768035263843e+00
3.375778985906688345e-01
7.362484102443038747e-01
-3.203603020703138515e-01
-4.276333568850060329e-01
-1.947166695299852590e-01
7.903442748446030952e-03
2.395433854785958161e+01
-8.496120289860966679e-01
-2.568476778618521195e+00
2.111576518117442802e+01
5.758820497102931091e-01
-7.812951036333239951e-01
-2.588048214898049440e-02
3.421367848067720652e-01
-2.872951325172843795e+00
-3.564163706522326613e+00
-2.745051155254991659e-01
-2.821351148380565332e-01
1.370200369151937547e+00
1.032564334323555100e+00
-4.617668490288293071e-02
1.623614247332112459e-01
-6.103035835221931826e+00
-2.623970273806419586e-03
-3.706603115885318545e-01
-6.422038479758138685e+00
3.062179471610424031e+01
-8.346895107722372975e-01
-8.793726457087425175e-01
2.865714081632767574e+01
-2.945058537506887930e+01
-5.211432336755387196e-01
-8.247793394238283060e-01
-2.766256074200064319e+01
5.611575517178419847e-01
3.623112917813770539e-01
3.061131458387765236e-01
2.855407148915113935e-01
-4.761837138488734666e+01
3.265731303183637024e+00
1.178873117996350084e+00
-5.193352997961316930e+01
1.036865567453501455e+02
-5.220048589444975740e+00
7.259171421297208049e-01
1.010757010392573534e+02
1.484618281078073032e+00
1.270822675108650879e+00
1.983819811546255085e+00
2.615426147257437162e+00
-3.469613094420522348e+00
-4.977315630665112955e+00
-5.967454550834067062e-01
-6.106682138778024571e-01
-9.835430942566952828e-01
7.798090751713308844e-02
7.881309871831420066e-01
-2.139595614056010842e+00
9.821884799784314168e+01
-6.657838388183731304e+00
-2.799285589949290554e+00
8.491855262050876263e+01
1.321865952930046895e+01
-1.598413514676514824e+00
-5.757814358654762543e-01
1.332887239232791465e+01
-3.759202864126159671e+00
-1.687712559074957541e-01
8.009760471715119401e-01
-3.308257893343187650e+00
-8.930443701175018134e+01
-1.495109342289766996e+00
5.306308073642320267e+00
-9.416233163046778998e+01
7.212222436639203593e+00
7.539107642296706935e+00
-2.125401580207904484e+00
2.892763931979928649e-01
-8.919764842417563955e+00
6.931234962119965648e-02
5.516479478014693072e-01
-9.491652491279522152e+00
2.833045412970749055e+01
-7.333399556152815357e-01
-2.800182959579444741e+00
3.058959170169642761e+01
-1.224746385025197348e+01
9.561746175322661800e-01
2.472186807025591904e+00
-1.367980216685312023e+01
-1.013792252216479461e+01
-3.350203370929398794e+00
-3.443033972848114299e+00
-1.671867508056774909e+01
-6.336097883394738173e-03
-1.799125811510833950e+00
-1.249260748639901886e+00
6.823671702722097776e-02
-7.196177901056791670e-01
-1.105194033550827015e+00
3.684203935669705832e+00
2.980828073656398125e+00
-2.880373940210509409e-01
-3.341303161957713264e-01
-2.296083353559632001e-01
-1.773775343748982269e-01
8.875719837758602737e-02
1.137012092492352931e-02
3.276600794223380464e-01
2.892042340477019025e-01
-8.679710859803282830e+00
-5.481623639783174440e+01
-5.994144186008365516e-01
-8.646859681292449196e+00
-1.089782539724436461e+01
5.133980204005084147e+00
-4.536611270182779521e+01
-1.087043083018959599e+01
8.180740228774537215e+00
1.731820501550363156e+00
1.511636918475359748e+00
4.121409039263491891e+00
9.642516377019829577e+01
3.104897864345049552e+00
-5.624859783814321723e+00
9.168999907945155314e+01
6.558900635162674408e-01
8.427919400390157634e+00
9.363855565962008187e-01
6.516646705178933408e-01
9.741726386994408182e-01
2.008511045979396725e-01
7.725282682767789844e+00
9.768786744044840598e-01
-1.347234664582349639e+00
-3.286816587551458779e-01
-2.815818525728346899e-01
-1.094305107616892370e+00
-1.186134491242293620e+01
-1.247905099143709284e+00
-2.457551753179431642e-01
-1.129578163619656017e+01
2.879815169446009904e+01
-1.335553519840674719e+00
-7.662149693456614674e-01
2.836296819341697528e+01
-2.171592858202189191e+01
5.947131770454564537e-01
2.568988586234665084e-01
-1.947157409705134157e+01
2.220793471591486679e+01
4.202488812086253578e-01
2.924380521078563611e+00
2.602631460366305305e+01
2.200269293894644915e-02
-3.975273625406802402e+00
-9.094101426515255326e+00
-3.122463519172592461e-01
-5.464232821955704589e-01
-4.751753581113882796e-01
2.010011075610114606e+00
7.260522301677349688e+00
6.485807472099975435e+00
9.006560206968917015e+00
5.128425601226396235e-01
-2.626668065170480126e+00
8.308808169340543559e-01
2.247468590648998010e-01
4.470014797209644897e-01
-4.239618752622286713e-01
4.948168401130195182e-01
-1.213786369226623973e+00
1.815079883734396882e+00
9.003226496635030607e-01
9.491879555361892873e-01
1.045654190462848163e+02
5.054671939459283170e-01
8.976602672560864971e-01
3.848092305049199524e+00
-3.508614354131193824e+00
8.513346572836510973e+01
4.040555882558163781e+00
-2.404622265294011640e+01
-1.699717559985447213e-01
-2.042125201180138849e-01
-1.629667173018366100e+01
-1.338736462843882009e+02
-5.426681957344550611e+00
1.567311927687771833e+00
-1.191565842209192567e+02
3.427557908245707807e+01
3.800159040928367649e+00
2.176064693052920607e+00
3.197023450532896405e+01
-8.848265486273305946e-02
1.087162230618001502e+02
1.613248275781998586e+00
-1.084151762068255309e-01
3.894723184882186162e-01
-1.501602311571611947e+00
9.343476788284944234e+01
3.379769550901830510e-01
-2.308921752769703772e+01
-1.180250445340671250e+00
2.203077238299483154e-01
-1.337238194905575028e+01
-6.935874356709517485e+01
6.455590388157639303e-01
1.797336061153028020e+00
-6.643426800926239650e+01
-2.802939380987677254e+01
5.039671893626290755e-02
2.476757295179151386e-01
-2.870586822379393155e+01
-7.432316409055057704e+01
5.638673918946762065e+00
-1.685436681797317787e-02
-7.182569506946903459e+01
-4.909416045489869429e-01
2.780845679804337667e-02
8.375550341425469503e-01
-5.232958741085548260e-01
1.790413860308420624e+01
-1.325518780345722680e+00
7.047913129782482078e-02
1.641226827607092886e+01
8.350776698689999478e+01
-5.477060825347964901e+00
-2.866286928564338310e-01
8.290036622849984838e+01
-2.772311763933211637e+01
4.490993137727819495e-01
-7.667904596986760968e-01
-2.553902473465604572e+01
-2.786549169438148899e-01
4.075460169985384989e-02
4.107745525117250662e-01
-3.959573696927354836e-01
6.590634093592455223e+00
-2.481139999363020654e-01
3.517155593219570830e-01
6.040378536017416700e+00
3.047940186277394403e+01
5.298042924161555645e-01
5.497944527489816435e-01
2.820966880757626072e+01
2.291922750596222080e+00
5.814639333362385365e+00
4.125820125167181107e-01
4.370472222477888580e-01
-9.720833720629509234e-01
-2.070484857265901368e+00
-6.094777512707728606e-01
-4.713553472456527338e+00
-6.111785163848790781e-01
-1.047649665804889940e+00
2.744898364942143232e-01
-7.849583932612751169e-02
6.158625148610761268e-01
4.937636027571332686e-01
-2.913373946076954976e-02
3.672334298879482151e-01
7.943437363441043786e+00
-8.625051785197316301e-01
-1.349264986847442116e-01
7.563674601011373788e+00
-5.413257898362572718e+01
3.120488505033349180e-01
3.255650063033290742e+00
-5.435502562149383721e+01
9.199339383911539869e+01
1.166243383699883118e-02
-7.288399932298541550e+00
9.587246087591179844e+01
-1.786130884495539206e+01
-1.710279176744742002e-01
-3.224199065295056399e-01
-1.784816079466020966e+01
3.262683475943020994e+01
9.200229829018786720e-01
-9.924061892804096896e-01
3.402326340323405418e+01
2.599950308233522023e+00
3.055031542235429054e+00
-7.719677022328010452e+00
-6.357150570522021482e+00
2.592706301702603078e-01
1.357265202331002119e+00
8.184301013635559841e-01
6.097983973538184665e-02
5.815007266212810499e-01
1.013114757054349058e+00
9.578056530170209193e-01
3.256216570416983647e+00
-2.547509605321502235e+01
-3.176649089663573511e-01
1.700361227673330200e+00
-2.592221756617933437e+01
-6.388508753744767787e+00
-2.426973906728417396e-01
-3.834117912985003651e-02
-6.685068547746483958e+00
2.236573554576029821e+01
2.740793934460976633e+00
2.032957476071639125e+00
2.625564280859404676e+01
7.382418272841774209e-01
-3.977303361894268807e+00
-2.515329884495146384e+00
1.329571063673402609e+00
9.193441158548656844e+00
-1.298608254652241722e+00
-2.965244316040393180e+00
8.044896840780792147e+00
-8.265193265967637259e+00
1.083396137878050336e+00
2.354291600624588199e+00
-5.748696520761407136e+00
2.871366441549968229e+00
1.088278417252561692e+00
7.604458285560791175e-01
1.658351803132482427e+00
-4.346940639961719199e+01
3.127201786565155128e+00
-1.643502151434135028e+00
-4.403978437316789041e+01
7.481672749940295297e+00
4.628307989495395347e+00
3.264829802672919001e+00
-1.069198963460972623e-01
-7.490411837783673477e+00
5.270781402838248475e+00
6.841044731812547575e+00
-1.827435655358913280e+01
-8.231956484953325059e+01
7.784051388561379348e-01
-2.517252826653046949e+00
-1.003451550631916973e+02
-2.295159101176324512e+01
2.479300285785024816e+00
5.109415411723331468e-01
-2.127567965551094531e+01
-2.727783873271287618e+01
-3.499492529734399948e+00
-4.757813006062666439e+00
-1.961873149147785611e+01
8.712589169292260516e-02
-9.380136544492313488e-01
-1.628720166116163437e+00
-7.017496442717360838e-03
-1.098264381928052424e+00
-7.118982118728895969e-01
2.451199945252303003e+00
3.368935566881585242e+00
-2.874048571286867970e-01
-3.425057220360217536e-01
-2.483368833913964235e-01
-1.582409198853363674e-01
1.025395679939738458e-01
1.435935346155112202e-02
3.944475506850295687e-01
3.235566957929267295e-01
-1.119176868227547494e+01
-6.337556236824951839e+01
-1.907091188183652475e-01
-1.122205024149795705e+01
-8.646083686982290573e+00
-6.433292954098847716e+00
-6.636161978823565732e+01
-8.679859814383686256e+00
8.665947807621433796e+00
3.679056965025894854e+00
3.880989438402224767e+00
1.056127851368200687e+01
9.400495313027698785e+01
-2.243823646881890344e-01
7.953367666531915958e+00
9.498878110732027835e+01
3.300280541232568088e-01
1.762697931991161315e+00
1.410086389823509388e-02
3.307286103784797815e-01
2.622736894435829802e-01
1.863020795988727940e-01
1.849668090887448990e+00
2.632989116529915741e-01
-2.327155106424072806e-01
-1.052674972436741657e-01
-1.090258156647144483e-01
-2.855395456071430638e-01
-2.615393941990882709e+00
-8.764084239461079548e-03
-2.338146343376359404e-01
-2.648916601480499455e+00
