2.513726659422451917e+02
2.855360317403976183e+02
7.406850961541791567e-02
2.593189673497817580e+02
1.460286143626979367e+02
1.735757520459738998e+02
2.533703245240766933e+02
1.820007593474728651e+02
1.040807942459821334e+02
-1.854841365777681261e+01
5.086059303194979009e+01
-2.923261838356830822e+01
8.706681208805277095e+01
-4.792696697748533907e+00
5.967356934611452601e+01
-3.175208643365336414e+01
1.025929876375664946e+02
1.866729057001199976e+01
1.672952790744528739e+00
3.497232154188482767e+00
3.014499739285895075e+01
5.078166334234037294e+00
4.105149626687883568e+01
3.347314351522143738e+01
1.170436204336702923e+00
-1.987787923042274141e+00
5.014538191980242310e-01
2.907359754101295213e+00
-2.215912233767568296e+00
2.192987166563197476e+00
-4.616082290812698607e-01
-1.440007237358664413e-02
2.412773835986973925e+00
-3.474659670526976107e-01
-4.047188250811795812e-02
-9.618191502717970964e-01
-5.978350737522943881e-01
7.775046095254128931e-01
2.168587288048022366e+00
1.688042050075738931e+00
9.009338382273298640e-01
-1.686916278677539438e+01
-8.279005964456119671e+01
-7.857871426986260133e+01
-7.065406585572090137e+01
-5.729002838240785422e+01
-5.190672584043634430e+01
-5.817878466199859133e+01
-4.167628428912343863e-01
4.626370075547843186e+00
-9.339467096445773109e+00
-1.170203882977491538e+01
5.598306169332325943e+00
-1.218886476426729315e+00
-1.450191273977835841e-03
1.052016129033733205e-01
-1.234929435483831606e+00
-3.335844447890978226e-01
-6.472136062862259287e-01
-8.059316842432527883e-01
-4.165982992140677688e-01
-4.711782143109157772e+01
-1.973597002313841529e+02
-1.840771067475322980e+02
-1.989876889440733123e+02
-1.691845833251065585e+02
-9.765708990386725930e+01
-1.121515663961231297e+02
-2.342360882552582402e-01
7.213970837201753916e+00
3.469232777505533249e+01
3.473267417391480194e+01
2.499427320541096265e+01
1.984306478708634103e+01
2.666562883614172819e+01
2.739477710006856270e+01
1.546911161873873564e+00
-5.907459366303659642e+00
3.146602250280019675e+01
1.573764826678002748e+01
-1.055540726578716670e+00
3.877038022741100320e+01
2.522827953296471648e+01
4.155038060897341268e+01
5.762950721153842437e+01
-1.080975066166981025e+00
-6.167361559429036078e+00
-4.260667667220284116e+00
-2.440474072051125543e+00
-1.442911992521598030e+01
3.669213598900723738e+00
8.616257440475569851e+00
-2.352691449175869565e+01
-2.718749999999984457e+00
-1.161236549908410520e+00
1.913450807005241172e+00
1.722355769230770495e+00
6.043956043956139057e-02
-2.148652129120813548e-01
-1.285521119508217514e-01
2.831601991758936343e-01
2.062474537841335831e+00
-5.446195125887806299e+00
-2.424810878813280279e+00
3.490899548739352820e+00
4.252504365406183373e-01
2.207144334160290877e-01
8.588031890448052375e-01
9.393351943784275515e-02
6.035041011854982429e-01
6.922384776213000857e-01
1.000100519253830228e-01
2.127332046687290534e-01
2.332701671515677588e-01
-8.566364915822071158e-01
-7.659456573249603939e-02
8.374389847872083792e-02
-1.412595094488295899e+00
-3.761552146941894437e-01
-1.426289572918259863e+00
-1.423542895039798584e+00
1.782838325747303054e+00
2.551624550857961804e+00
9.436381876719865738e-03
2.161084547686823232e+00
2.613590335927490127e+00
5.886814566320702768e-01
2.428496023443537322e+00
2.549269186933377007e+00
-3.157615323768083826e+01
5.387158326328086666e+00
1.810399572083015052e+00
-4.130511534082621239e+01
-2.644493842477834367e+00
3.713296112452380004e-02
4.406227024173396956e-01
-3.286380789908898592e+00
-2.195285934194926014e-01
-2.149502860491086409e+00
-1.932232791103752678e+00
-9.983997334805653212e-01
-6.610010965716838882e+01
-7.134197465464802690e+01
-7.122650432959555644e+01
-1.802734128817078485e+01
-3.858632090340345488e+00
-4.167655218978828913e+01
-4.128873052731393045e+01
-5.215071659312719987e+01
4.547385202442576713e+00
5.291496866001313748e+00
5.323782000771903000e+00
1.262881827527554401e+00
3.325678128587428728e-01
5.281220149293430310e+00
5.485397340082293738e+00
3.758022251718863949e+00
4.987455461339767027e+00
-2.467669122759086342e+00
4.453842739733684386e-01
2.016514997268744835e+00
-1.409112569199946327e-14
2.607057226532449943e-13
1.313863459051880013e-14
5.548658782470698098e-15
6.841266232556842963e-01
1.968738748944748318e+00
1.906485884193250158e+00
-2.219522831107395566e-02
1.351262832974984347e-14
2.361157594765599381e-15
-5.274111792201761765e-15
-9.284541356461620168e-14
-5.409655448718003079e+00
-9.565662202379731083e-01
4.647951241208409123e-13
5.578533255027602065e-13
-4.166308951466096144e-01
6.249284569598146932e-01
3.753647113371407426e-13
1.441402611485540720e-13
-4.937689191595130644e+00
-1.661621928418803051e+01
-9.666941709910201297e+00
-2.417286706349180747e+00
-7.547539200228927214e+00
-2.490420269590795144e+01
-2.788873210694261928e+01
-1.056755327568650493e+01
-1.416132909429073550e+00
-1.350806451663238289e-02
3.381164702236175157e-01
-3.791291873449609273e-01
-5.175325682382008186e-01
-9.063469292804189337e-01
-1.506660980149036044e+00
-1.107064205955030411e+00
-1.214008458689237102e+01
1.381548671261730199e+00
1.457153825843541473e+00
-4.701388228059755647e+01
-3.647668589616904455e+01
1.588088762434776768e+01
1.673444401914375845e+01
-2.621361365840866320e+00
6.286001666646747754e-01
3.692303311248761766e+00
3.683513479817946301e+00
2.129921937153164802e+00
1.906421152706215150e+00
4.947225176548434078e+00
4.968086921232346853e+00
1.752108061800057293e-01
-4.204713255494132085e+01
-6.461730037901848789e+01
-9.604917868589768659e+01
-6.925063434828946640e+01
-2.603489392551817883e+00
8.436086627493319057e+00
9.361440209096576481e+00
-4.392467630748645213e+00
-6.115355998167649076e+00
2.404853320869258226e+01
3.921152415293075677e+01
-1.436042906745972303e+01
-8.109081673534249690e-01
-1.396334134615444311e+00
-3.189084678342065882e+00
-2.870592948717865411e+00
8.368747138281221187e-02
4.898551968863519568e-02
2.142535199179927963e-01
-4.719336652930641862e-01
-5.968781813329359087e-01
2.729170417017989236e-01
-1.378814883673323555e-01
-1.121653974958999100e+00
