5.070000000000058184e-04
1.497890000000000610e-01
-7.200000000004030704e-05
5.878290515620068768e-02
-1.183501421195646934e-02
1.000000000000030812e-03
-1.550000000002074282e-05
2.999999999999999334e-01
-2.584999999999127709e-04
3.479826615258733611e-17
4.799999999997761922e-05
-7.699542528116732829e-03
1.126793512205233642e-04
5.000000000000736277e-04
-7.500000000008355323e-06
1.502059999999998952e-01
9.950000000002570178e-05
-5.999999999997728748e-05
2.614999999999829917e-04
1.000000000000012164e-03
-1.938055996582040824e-17
-4.999999999993640886e-06
1.325000000002042046e-05
2.999999999999998779e-01
4.463143806242803112e-17
1.310000000001099239e-04
-1.907500000000806391e-04
5.203046751008562393e-17
-1.180838029847635032e-17
-2.425000000000880227e-04
1.510431113446908391e-02
-4.075869145431725883e-03
-2.800520029264783766e-04
2.412946719529548913e-04
1.058772581849085683e-04
2.953021178905368416e-02
-5.397878392231465067e-02
2.828926441424631927e-03
2.500605087907763896e-03
2.427188159614953461e-02
1.552483735376989455e-03
-7.305287222880122062e-03
-2.253054919056005881e-04
2.232877955074307197e-01
-3.303928366009056122e-02
-1.748449481217778656e-02
-6.458776841876998076e-03
4.180411362240125939e-02
2.911638306857806946e-02
-5.044721359813465755e-03
-1.431265142296212064e-03
2.586900284959371145e-04
-1.882118853491906117e-04
6.569072339508161891e-05
-4.203311839227261138e-05
2.776156600815220948e-02
-5.537221415175588857e-02
4.780990878104368234e-04
-1.327568759400239522e-04
1.270878302440501054e-03
2.253527212718529817e-03
-5.116752470101881920e-05
4.883008006733587092e-03
1.576020373423421203e-02
5.749401628932830849e-04
1.023890236380510418e-04
-8.164898542039715219e-05
-5.002506542984294126e-03
3.229141670863710980e-04
2.484903197453882349e-04
-3.566412462692333807e-02
2.107795158296056626e-01
-3.992392230970576161e-02
1.739400584686666537e-04
4.890623696667088387e-05
-1.656396734723243266e-02
-6.498312449873283603e-03
6.571498731646400581e-05
7.236139826244387951e-03
3.690338808952424443e-02
2.425099710384296531e-02
2.571430482483934407e-04
8.072888389097328862e-05
-4.564432061499225195e-03
-3.767725812946925035e-03
1.571454829927829220e-04
1.732246147162991648e-03
-2.504051855744841154e-02
-3.994781525699792057e-04
