-5.608897273477468637e-02
1.152214477663840997e-01
1.371595516987217118e-03
-3.080882082093422403e-01
1.281016360603923487e-01
-7.256181783251658413e-02
1.487525758515732266e-01
-1.798721850508299969e-01
2.375520360575685552e-01
-1.855390174828641658e-02
1.701017258075287475e-01
-6.671539365202031613e-01
4.275130595369094344e-01
4.672703920875452555e-02
1.248079363575936157e-01
-5.052910400953058989e-01
3.653414360392375215e-01
2.732935860439219544e-01
2.707657003759946293e-02
-1.200964007552153719e-02
1.905812330600068216e-01
-7.178634997922189731e-02
6.954840709343124497e-03
-4.331186425622753078e-02
-8.109535956574538684e-02
2.127901183634434840e-02
-1.230832134439983037e-02
-1.123831617538736255e-02
4.866669078703839135e-02
-2.796690480441884480e-02
1.155825328428396713e-02
-7.973105801046470598e-02
2.168244808460370252e-02
-8.427567309626165593e-04
-3.475924937605715751e-03
-8.338171124581766902e-03
-1.470584270891527219e-02
-1.851932107463795038e-02
3.867206755389993728e-02
9.515158333243421696e-03
2.817708774212084998e-03
-8.948993154829948393e-02
8.355316976343374336e-02
2.408459166816339855e-02
-2.249506107093428992e-02
-1.447487083766701987e-02
-6.719685030048469336e-03
3.651879629875735833e-02
-1.952706164949844165e-03
1.348905834509017687e-02
-1.789651765391023566e-02
-2.681282746044021375e-03
9.545304931633460596e-03
2.440555172287892788e-02
1.000071481208718860e-01
4.915132471565456657e-02
6.414210840095255564e-03
-1.657107554504883961e-03
-2.613684223403058005e-03
9.729288389253718449e-04
3.389405658811996559e-03
-4.797015027698896589e-06
-4.994762903267838811e-03
6.606733981073908968e-02
3.185390080170188987e-01
1.903172224200128937e-01
8.429349084576358286e-02
-1.383995251487777668e-02
5.344414183572284704e-01
7.008156801942908576e-01
-2.355662811387543298e-02
4.510231462623514459e-02
9.591470716978060806e-02
5.862613470487596824e-03
1.728966784757226399e-02
-8.422163591798127735e-03
-5.438598480984908369e-03
-6.881520651166929750e-03
2.640683652746232072e-03
-4.013121099762278002e-03
-6.519713329905998250e-03
1.499965263883630898e-02
2.254976463027548450e-02
-5.454688257335846280e-03
3.386141036441558949e-02
9.658658178307490821e-03
-6.067010063551423957e-03
-1.767189541290887025e-02
-1.392027216583100434e-02
-7.910491930725349619e-03
-2.217421229955682336e-03
-4.985077280791311294e-02
1.151408519043330657e-02
-4.707925379963413814e-02
-2.141481765589147573e-02
-8.983524946672028638e-03
-4.024374541864611521e-02
-6.778736013374376959e-04
2.306844327973031281e-03
1.393208120459779467e-03
-9.581080974369561229e-04
-4.368971488434426860e-05
-1.391450232202169190e-03
5.248333333332046201e-04
2.689077996367852160e-03
2.618931489398432493e-03
8.525044012795442508e-03
9.336616154655977273e-02
5.921072531498348945e-02
3.433438382887959300e-02
2.171613178541343791e-03
-9.485329313087889624e-02
-1.212206147987051202e-01
-3.509175989591176159e-03
-9.424270449316983142e-03
-6.213191179103026707e-02
-4.221810145303542261e-02
-3.898342443231495296e-04
-4.570752972587950602e-02
-4.097487805833130610e-03
-8.859476939757441596e-04
4.593251812018035729e-04
1.867028227443898528e-02
3.584122079473869675e-03
8.002958063766822672e-02
-2.053897621091098358e-02
1.125238346130330060e-02
1.042514207809593606e-02
-2.065443548525456446e-02
3.153280384511193777e-03
1.816666666724819204e-05
2.077744736798231660e-03
-9.287850385764473806e-04
-2.214461420644376136e-03
-1.200153753822981494e-03
8.077777777800572662e-05
4.452444444444863571e-03
2.222222222216254338e-04
1.458888888891095856e-04
-3.439216728977447565e-04
2.434857964772714749e-03
2.695665047204947283e-04
3.104922719321934026e-03
-2.145198163355264281e-03
-2.364623888300538320e-03
-4.293839317048920787e-03
2.265164824471164475e-04
-3.025555555556850391e-04
-6.084222222222151512e-03
3.550555461012021904e-03
3.011683081873386784e-03
-2.018794784768142368e-03
2.838905934486227162e-05
-4.534500000000375036e-03
-3.137722222222568379e-03
3.228572747280000223e-04
3.421013359489301700e-03
-4.225267831003363776e-03
1.455529581488284501e-03
6.019944444444918531e-03
-1.707719837072622275e-03
2.783313163207479582e-03
1.052222222231402290e-04
2.483555555556132052e-03
8.977777777796809317e-04
6.811111111059869373e-05
-4.331585127181884591e-03
1.342220526293236727e-03
1.142973429817814622e-03
-1.717017786439737920e-03
-5.716345061282128090e-04
1.578187760908247861e-03
-3.253500875427624804e-03
1.436753973941051320e-03
-2.514444444446805758e-04
-3.659777777778989993e-03
2.652655314898708528e-03
4.607938736831598998e-03
-2.281717860095410205e-03
-1.405329355311467398e-03
-2.084500000000948441e-03
1.567222222210204019e-04
3.765522393139807914e-03
2.686615806023299590e-03
-2.446268585109603270e-03
-1.373355017692901546e-03
2.211055555557206974e-03
-3.235367050367712449e-03
4.596251051762488375e-03
-1.155555555483619969e-05
3.425999999999861448e-03
-8.916318792551460078e-16
1.076799493486350218e-15
-1.257756427813458335e-03
-1.082592560321080826e-03
2.512542948646046687e-03
-2.276836294182597083e-03
-9.651687110839663125e-04
-3.377952380167267062e-03
9.915826577840962559e-04
7.337925966313787631e-06
9.277777777677783408e-05
-3.966666666666097962e-03
1.694413593864389170e-03
4.437088076411081945e-03
-2.512904190193388215e-03
-2.706699878502970367e-03
-1.983666666666710800e-03
3.030471633343953317e-17
8.178995376790954442e-04
8.028588086770872519e-04
1.594986688453358618e-03
1.069741644367332633e-03
3.709722222222391029e-03
3.569944463445404691e-03
-1.894488855033876979e-03
9.955555555563852565e-05
4.026000000000771149e-03
1.941417075878553635e-15
-1.147199356426117439e-15
4.680916328599813402e-04
-1.501040763747662696e-03
1.663787951964877275e-03
-2.703769461677191666e-04
-8.222027360959115053e-04
-1.925724599004067887e-03
1.037454638282901513e-03
-8.929824417982540504e-05
1.722222222283966331e-05
-3.153333333334783304e-03
5.103919686881792928e-03
1.989285648437257373e-03
-1.795597891150459754e-03
-4.086098812819685504e-03
-3.090333333333721531e-03
7.134319563361739635e-16
1.133394211660948775e-03
4.091509956903268547e-03
-3.348715003934034026e-04
1.435369752746014317e-03
3.345277777777587794e-03
-3.580845186434617779e-03
-1.367286028985991884e-03
6.790418854517674130e-02
1.651006893972127923e-02
1.869621729054294912e-01
1.874105813553093858e-01
1.048101796297067068e-01
7.989218186302617097e-02
4.148874625534846455e-02
9.199582186449765941e-02
3.796963472575488885e-02
-1.331713146169608009e-02
-5.461025310167656743e-03
-1.345766415714411439e-03
5.426984866666330863e-03
7.403273131125299999e-02
-5.258805170177968148e-03
4.142861722820313786e-02
5.817893355626563116e-04
-5.010240546622760950e-03
6.486879533700802558e-02
1.328347589489599911e-01
9.480695509513907548e-02
-1.159746929304416967e-02
-2.151195040965729263e-02
-1.919963374010266017e-04
-2.086394378822991474e-02
-1.510503942666410922e-02
1.669732858140880348e-03
-8.494543216399368102e-02
5.895383749809017526e-03
-3.956229169470729806e-02
6.194165435594614633e-02
1.296382864681193958e-01
-2.333834727333245623e-02
3.480612345672069730e-02
-4.502325831141457818e-02
2.927106685748716991e-02
9.517552107784597523e-03
6.633173763319554720e-04
7.445131226183422483e-03
2.715882292040129251e-02
3.951078788785684567e-03
1.695391911019913890e-03
-1.857020644595858833e-02
1.159163506934661730e-03
-2.209103633978097038e-03
1.064679917317182083e-02
-4.682071262891231156e-02
-5.558989059012751227e-02
3.878787770255009808e-03
-8.747107738616536482e-03
-1.709489773246766547e-03
-5.822125272077845540e-03
4.342888864355393293e-03
1.965703801689957109e-03
2.095462435724390615e-02
1.718915098347128800e-01
1.011238303640543124e-01
1.879929464920861507e-02
-4.203762239692260261e-02
1.984841880281076609e-01
2.924434925494899251e-01
5.625409753393299100e-02
4.145193077064815608e-03
3.800522735966790216e-02
1.626015518656119888e-02
5.797379257366485836e-03
1.075709541187860711e-02
-6.328551181162791117e-05
-2.188061171899890849e-03
1.279328134500717570e-02
7.366852163317783898e-04
-1.246884600766119677e-02
-1.021156606543213718e-02
3.504094894843495789e-02
-3.029688286023022974e-03
-1.689712284746800255e-03
-1.086346840786893284e-04
-1.132078096707346245e-03
-5.166481398921475565e-02
-5.531859218751736251e-02
1.854932010067571885e-03
-1.071042483050469313e-01
1.585725999074354686e-01
-4.085276901169825753e-02
-1.154665276938880436e-01
2.196311269360352522e-02
1.162243223004641619e-02
-8.497863282937001550e-02
-6.420641825657374957e-02
-9.281586133252055226e-02
2.832131430131242661e-02
5.357790179428792432e-02
1.041957905827282371e-01
2.538577748126658040e-01
1.501959928255894305e-01
5.976627726382728600e-02
-5.838703431688239964e-02
7.731656489416258334e-03
9.918214549183830206e-03
4.472679183830424038e-02
3.532013917591817626e-02
6.281722838640943149e-03
-2.842160675372775586e-02
-6.114257533102049162e-03
-1.021602511833989398e-03
-2.141699658904687269e-03
1.618611930501502941e-02
-4.525477266451498858e-03
2.970244729271519397e-03
-9.835304917148459183e-03
1.436450274661037196e-02
-4.195976502482907738e-04
-5.731621719635324533e-03
5.960022214301161601e-03
2.393453532325855518e-03
6.810982824695615764e-03
2.806386410073005624e-03
8.026382740029131815e-04
2.988953892081267719e-03
5.220537969547022449e-03
3.946096201636519613e-03
1.239031366032106564e-03
-7.467122411943781686e-03
1.087744464186788778e-04
2.059997512584414714e-02
9.758024692422961541e-03
3.574225332709961289e-02
5.760448460229315726e-02
-1.121424884439931047e-02
-1.405413125905493991e-02
1.860474640303113681e-03
4.249939198370740294e-03
2.240347276174913839e-03
8.632376859254867543e-04
-7.754572929208047687e-03
-2.960307780048031592e-02
-1.834952670604271877e-02
-9.447857466653188790e-03
3.666834143025364014e-03
-3.973598575001683806e-04
-1.955577478177439668e-02
-6.329240764330537096e-03
7.072194019381095650e-04
-1.229691454959962703e-03
-4.522390321930506302e-02
-5.027503283596387179e-02
-7.316990798227709925e-02
3.252281220910029774e-02
1.770390581451129807e-03
3.800579760868153661e-02
-1.939326763179056445e-01
-6.823416124395687010e-02
1.166652980921823596e-01
-1.129072217151045332e-01
-7.850793718789854034e-03
-4.279404315389880552e-03
-1.005359960582276682e-02
2.771944731043313702e-03
-2.433098615061795866e-01
-1.204764194934823153e-03
-5.480742132506626063e-02
-3.717590899833280171e-01
7.244014047419354042e-03
-1.677749781093915843e-02
2.070904881928969932e-02
-2.356478580229432254e-02
6.981016145605103106e-03
-3.024513168202186061e-03
9.101329354247508080e-04
-1.757618487643262646e-03
-3.401148956388544420e-02
2.059122274451840456e-02
1.466138505999289637e-03
1.274546255895476522e-02
5.691220603278582257e-02
-1.206397711419489316e-01
-1.121389447195115519e-01
1.861287902447469542e-02
6.964974500231742825e-03
-1.742960144039765874e-02
-1.789978601386820606e-02
9.430505313385015298e-02
7.173015651620691900e-03
3.775672907697121689e-02
-9.668597059650726327e-03
-6.242098865050586809e-02
-1.423409288464890649e-02
-1.426425756640344912e-02
-2.139955030726699639e-02
-2.498410303221852008e-02
-4.080455590587855896e-02
-1.072128744453404274e-02
-9.895567116632390456e-03
-3.840699367070687237e-02
-8.536768566563251309e-03
1.013245030258449249e-03
-3.722709938528953599e-03
-1.183108697179149557e-02
3.415549188757352472e-02
8.452259830576092439e-03
1.930892792933342275e-02
1.405304222039314467e-02
1.112111097270441357e-01
-8.840706888819181708e-03
-2.273741702763325961e-02
1.275145178320686024e-01
1.579094482548189585e-02
8.367007731494565531e-03
6.661047217753771413e-04
-1.317954663273083332e-02
-1.816338544403215891e-02
-1.964351473155109828e-02
-1.604380746659308035e-02
-1.333178968569286547e-02
-2.509145288350110581e-02
-8.997155963539737317e-04
5.525997861056787530e-02
-1.693561205264153963e-02
-5.553768826554328179e-03
-2.221508479749775486e-02
-5.043399049909769519e-03
-5.872375302258561161e-05
1.318093764524269802e-02
3.494562448393929988e-02
-3.792628624152707961e-02
-2.517000744486766473e-02
-8.047062481094834768e-03
-1.452101761736187061e-03
7.447550307010339940e-04
4.222228926966310053e-02
2.264525792203835389e-02
5.703120675494184350e-04
-4.258736176293682722e-03
-1.418516043007162115e-02
-2.123592292672867587e-01
-4.955638263845394548e-02
-1.687391860318755016e-02
-1.585535500398499165e-01
-1.085804668658740813e-01
-1.081543044620482674e-01
1.427590717992961722e-02
-8.419503788218377083e-02
-3.764835189837940216e-02
-2.911050985590795878e-02
-2.582190367499880013e-02
-3.333730189159606061e-02
1.145647401045249078e-02
-1.100703232188481387e-02
3.002832029578459891e-03
3.785285188400709742e-03
5.153802019040909337e-03
-1.702657713243433193e-02
-2.662004229833205352e-02
-7.205412524490176565e-03
5.223186107438868020e-02
2.674881580480127641e-02
-1.152331989171594649e-02
3.578626384933710630e-02
3.818835781332071495e-05
3.037822339701327980e-05
3.276628591644263383e-04
3.818835781498102828e-05
-1.186132184720828722e-02
4.882736948050579034e-02
2.984389139379867942e-03
-2.075003601118581564e-02
1.363047796729447651e-05
4.154595989425078620e-04
-3.296573247539811090e-06
1.363047796723356467e-05
-7.385939656136799626e-03
8.519588445610501003e-04
-5.880598057224571120e-04
3.897848491324119608e-04
5.319227321966202770e-04
-1.075634646463342024e-02
-1.017509998286644096e-03
8.007466657440665770e-16
2.784893450717396482e-02
8.410599206645584525e-02
3.029894122869628698e-02
-2.475121990662392316e-02
2.458319812373831528e-02
-2.687460419304125644e-02
1.875901953286270019e-02
2.683162963676362020e-02
-3.622890306659248827e-02
2.179888336891561140e-02
-4.757926211457102258e-04
-2.434457817529197068e-04
-5.991413225491788556e-03
-2.273522414967634950e-02
-2.386111027784283342e-03
-2.032527766983625861e-02
1.300536580034249720e-03
1.073448108250839566e-03
-8.178136833547993128e-04
-4.000367538602182110e-02
-1.643269853109989923e-02
5.773199933340281706e-04
2.368874754042571635e-04
1.343595600063455728e-02
5.908741811176960578e-04
1.770296921060197926e-02
1.080167212028747964e-02
-1.784247454718836459e-03
-8.497606577026793964e-04
1.511197482585278050e-02
-6.158513706721589244e-03
-1.636617828504716848e-02
-1.372001916178719125e-03
5.187996506158343984e-02
3.372966026420216867e-02
-7.308088955372982892e-03
-1.158212584386112028e-02
-1.336035627896520759e-03
-1.785205190427229319e-03
-1.073179821875586137e-02
-4.670519360192385006e-02
3.433498914371606748e-03
-1.176779995253728880e-04
5.271153743712098105e-02
8.349039484248798769e-04
1.187658586690849404e-03
1.858002224261014884e-02
-1.644389581697975819e-02
7.845285857817598657e-03
3.930719417185201368e-03
2.509212322277168394e-02
-5.878381464351226104e-02
2.965426733941230533e-02
1.274098485625896615e-01
6.594721362320024594e-02
-2.015780560477845040e-02
-2.341448778140327661e-02
-3.085011532328908387e-02
-1.405065625105946653e-02
-5.691857056003478410e-02
2.224313234242235662e-02
2.719360705368404837e-02
3.287242124442223828e-02
3.029579193965403067e-02
-5.877245211772273714e-02
-2.128910155967617818e-02
-1.241258384502357329e-03
-6.959671108586336363e-02
-8.662828099223907757e-03
-1.225982727974685854e-02
6.331793075221278481e-03
-5.554502776441613832e-02
-1.532436053917278929e-03
2.400933883918160081e-02
4.308317988340561872e-02
2.119907227151409876e-02
-1.230800604665037434e-02
-5.049709844451183427e-02
-4.024464808123561291e-03
-1.404496363217487857e-03
3.211498343230725916e-02
-2.717614269756220974e-02
-4.463517024949979761e-02
3.326845661086030859e-02
6.569749266070616656e-03
1.612943761146835159e-02
-2.495952896039346433e-02
-7.336803387049579267e-03
1.056593049993409805e-01
3.506349757114616411e-02
-1.126933136225213156e-01
9.479856332342875488e-03
-1.059144931825998365e-02
1.305577958084967564e-02
1.747439488365445026e-03
1.669230557723404632e-02
2.039226680466223462e-01
6.605837020760926825e-02
5.733889908674190405e-02
1.975381264124271563e-01
5.100957769867967007e-02
4.166420899335557954e-02
2.303436505664448533e-02
3.420206798202825305e-02
4.307020139628415373e-02
2.860017937409122316e-02
2.973657269405288045e-02
3.963857259266793942e-02
-1.005935636509984639e-02
4.026562509537322254e-02
-1.241269258286664765e-03
-3.264104900099722151e-02
-9.423796895749496361e-02
-2.755244166022957977e-02
-2.094156705673085039e-02
-1.385662447644313844e-01
2.322089360525474849e-02
4.198228557688913481e-02
6.810854925289068496e-02
6.429881837176970594e-02
-2.389494660396998538e-02
-3.042950298977761380e-03
3.471293765208058671e-03
-1.990238161857097680e-03
6.553912377872131922e-05
-3.158069503918805882e-03
-1.005253470506270279e-02
-8.149840992708025367e-03
7.885540568238794470e-03
-1.282466457615475796e-03
-1.295225232040643753e-03
2.054222877071622006e-03
1.070343075227252194e-02
-2.653358524114165021e-03
-7.071407762721095523e-03
-3.179386596354413525e-03
-5.985937421419298098e-03
-2.720984469394277516e-02
-1.572027022851309533e-02
-2.394654854079939638e-02
-7.458323640874759720e-04
-9.971483962765755743e-04
-1.985291447554750691e-02
-2.277906724871809827e-02
7.767975475750727755e-03
2.596094555486206257e-03
4.812348745991612380e-03
4.960731038158343147e-03
-3.164821601535486306e-02
1.591370078180850967e-02
1.367529017653285224e-02
4.081029188457738904e-02
-1.054277384231470591e-02
6.379128559360763839e-02
3.162350696029212534e-03
-3.941337782926826287e-03
1.288271304824874751e-02
-1.789122628032470755e-02
-1.245901867076858009e-02
-5.513740319468861395e-02
-1.079410041485603065e-02
-7.303978149731162398e-03
2.567591196925672527e-03
-1.860616912116486339e-03
1.046901792629550965e-02
2.403145745444629829e-03
-7.765604701934251779e-03
6.990215109130780077e-03
8.411371254836050651e-03
3.412397261631098903e-03
3.617855926697717377e-03
1.192618540859659987e-02
2.909316579137509462e-02
-1.990357214351386878e-02
-2.403483888911744221e-03
-3.237301228076664913e-03
-5.574043513869526671e-03
-3.978061151048109534e-03
-2.645392225980753090e-02
4.159417428973863698e-03
-1.179920187025255141e-01
-1.386994779722071011e-02
-9.391064217314100057e-03
-4.400767777975470030e-02
1.730501074983228360e-01
3.180852015527947923e-03
-6.669826480282501496e-03
4.814361504175475315e-02
-2.000332978125907851e-02
-9.258805846633119674e-03
9.420115166798632587e-04
-1.043257601518520102e-02
9.771212700001424833e-02
7.495003576803591951e-03
6.276944269599219264e-03
3.456668032657048140e-02
-1.519388889588600255e-03
-2.616871790196151348e-03
9.472288664361510832e-03
-2.061022682586990257e-02
-1.273267215239009924e-02
-1.536889761366775839e-02
-8.885326097072585028e-03
-9.560949551419974796e-03
1.022994135660789013e-02
-2.876343680404069847e-03
3.141661445117958570e-03
3.330947213266966661e-02
3.324604667144528958e-03
9.990613168233356683e-04
6.671144746194760007e-03
4.297541317965059005e-02
-9.818058433593269962e-02
-5.785383793960385129e-02
-1.450732928565673721e-02
-8.525889366751342180e-02
9.474138333471522969e-03
-6.067618427259794701e-03
1.546994609729341642e-02
2.124992076879331226e-02
-1.804402757743576655e-02
-2.356600216448641316e-02
1.154055888575742685e-02
3.726004393927436886e-03
-1.110955570077640925e-02
-1.246769975319684219e-02
-1.192904352311910604e-03
1.504767639696270864e-02
2.584862472912772061e-02
-1.774189793342530359e-03
2.562006093800536267e-04
1.885042011496965847e-02
-1.171080771909669901e-02
-1.783880765308755011e-03
-1.638164896473842484e-04
-3.409614260603969008e-03
-6.683469141414695967e-03
-4.757988226822773233e-04
-1.192378228768772305e-04
-5.674956328097495450e-03
4.797433902960591100e-03
6.132893111432374117e-04
1.739261574348112231e-03
6.273139240007030368e-03
-2.995164656955121366e-02
-1.060528612625954016e-04
-4.842577468615151602e-04
-3.635285424503211914e-03
4.534315878039881648e-02
-7.927741623746184941e-05
1.611433529052605767e-03
-2.628761184477410029e-02
-3.901197324143239071e-03
3.198332799936688849e-03
3.598329255891848100e-02
1.103822926916185956e-02
-8.762964821119166581e-02
-1.324005974634801658e-02
1.073015174131521088e-01
1.689666026178309605e-02
-1.661543455476311923e-02
-8.197131820602998609e-03
4.989256138465635732e-03
2.978380178627846979e-03
-1.131844172609115101e-02
-9.112563374097938998e-03
-1.581826265056458791e-01
-8.148005444440259426e-02
2.869063037628330828e-02
-2.407729083237745201e-03
-1.405393643866925946e-01
-3.879589244640999079e-02
1.544350319919720813e-02
1.718025093263894285e-02
1.120384421975285233e-02
-1.383870963792540936e-04
6.442679532031536649e-02
2.116177847760603373e-02
6.379869235973364147e-04
-2.258644525198072114e-02
1.861287311325134433e-02
-2.589867629796631029e-02
2.950948373967517135e-02
1.815133698385091752e-03
1.522073086104731160e-02
-1.158220691723963434e-02
-3.814745139746306135e-02
-2.439001667494804584e-02
-7.643901973543515416e-02
-1.754171243340097580e-02
8.635656394072408620e-03
-2.340107203917655976e-02
-5.801820145102867116e-02
-1.374506405861597967e-02
1.280131265379230851e-03
-1.863166056413845598e-02
-5.594578995011521318e-03
-5.024189110583688993e-03
-2.644855614939581323e-02
-2.826679250410762609e-02
2.717702395387374108e-03
2.617893719775898909e-02
3.676601020755339549e-03
1.426696089118059153e-03
1.799454365373308676e-02
5.179589001954905056e-03
-1.829458031739732149e-02
-5.892527098315066859e-03
4.936025729046184668e-03
1.385333707542207426e-03
-2.371986811904622499e-03
-2.048897336780810749e-03
-6.401353127238708536e-03
6.045490306933644017e-03
-1.661796888894283373e-03
-1.089853223553901782e-02
2.550194878368999482e-02
-2.151283659336152010e-03
-1.174205818892567164e-02
1.010359638656225731e-02
7.348427950839025828e-03
1.107800531783102510e-03
-1.339897835747498947e-02
2.451524241389474879e-03
3.913238141202100839e-02
4.859271943596361713e-03
-4.305776888397548630e-02
2.238786280310817514e-02
-4.898990654991065147e-02
-4.494268504264611885e-03
3.638482393388329465e-03
9.375708920674125438e-03
-3.088066383915862414e-04
1.067219883635775989e-03
-1.258960686724157514e-04
-1.448457414865749393e-03
2.821926622380341917e-03
4.104347862703906086e-03
5.414095229855634588e-04
7.304504992759885550e-05
5.415072009973243526e-05
-3.147550924637373547e-04
3.115972881179867628e-05
-4.049906084487441303e-05
-1.239817375410692650e-04
8.462804476148440974e-04
8.229200438058401285e-04
-3.053951351350013598e-04
4.330765184079371413e-04
-1.231657669961339161e-03
4.930517819373763863e-04
-1.099676158303239501e-04
-4.567187400571162291e-04
1.200219494912307732e-03
2.694054875237853093e-03
-4.464007803141317320e-04
4.909333672377607467e-04
4.025535085484340317e-03
1.760729091982127584e-02
-1.249436015026839509e-04
5.511074762828632213e-03
6.121772910463265695e-03
-1.195842268649646793e-04
4.013594635566246219e-04
-1.388081841708921869e-02
9.875011579882732923e-06
-2.386888271699230592e-03
3.316773794613217530e-03
1.603405451399854149e-03
3.661957198499781602e-02
-4.522352478944394877e-02
3.071032163236849075e-04
5.357244043590743366e-04
3.966183373065938766e-02
1.314547450624304337e-01
2.549209891290476083e-03
8.114906872320666598e-02
1.990441095986739475e-02
2.993627361971008122e-02
1.075639764503551477e-01
8.890695363104019399e-04
2.677598564911293916e-02
1.729288815485199382e-03
1.193060629189459043e-04
3.774510007807762159e-04
1.608458429425138961e-02
6.095807719610131514e-02
1.574164473034657527e-03
3.603569280078100512e-02
3.384656622036726157e-03
1.770075487861728913e-02
5.466508241371872967e-02
-1.364160886749024798e-03
9.186661833358768106e-04
3.209743215374558176e-03
5.465377150599894096e-03
-4.801426575628447990e-02
-3.586505633637658563e-02
5.408146172587326335e-03
3.380956115454281184e-03
2.198533874047732539e-03
-3.707060035207349752e-02
1.887609239618712881e-02
-1.533403986324966819e-03
1.940830682333878968e-02
-3.859259043893597391e-02
-7.129976016790778859e-02
-1.480970044514254291e-02
-2.150692287508539774e-02
-3.783649365331888392e-02
-4.735311019022429846e-02
-1.046823260442621660e-02
-9.876936328662822007e-03
6.619163137460091009e-03
1.368644574588685249e-02
-9.230346719797650687e-03
1.226317078997170816e-02
2.058216620071803837e-02
-2.196394148753487430e-02
9.133427411273530375e-03
-2.689979508051168824e-02
1.431865780428040122e-02
3.516036160333363067e-03
-6.136297002102740483e-03
-2.795443376765075622e-02
6.272927378937273460e-04
-4.361770520407505340e-03
-2.729235956360160850e-02
1.520626059286269739e-02
8.726823621531905675e-03
2.939086250942041061e-03
7.156963349616757113e-03
9.549441112413135208e-05
3.924435852600004909e-03
3.987461067917165251e-03
1.546054905047980889e-04
1.418321828245931856e-03
3.273506544231500389e-03
-8.001474753422985198e-03
-1.244399463551974436e-02
-2.240472468168014039e-04
-7.723060095230926785e-03
2.857546519898203027e-04
-6.808662925221596488e-05
-5.391052735552295577e-05
-1.398877752783029898e-03
1.170830555811884846e-02
-3.876059318806383152e-04
-1.602797467600428487e-05
1.632373988802629169e-02
2.736085659085583238e-02
7.364688752957748762e-04
1.447867670275450845e-03
3.254028585075599556e-02
3.690938230651145263e-03
3.000937661759775629e-04
-5.837092468635105003e-03
5.808910388610981530e-03
1.685595846659069738e-02
6.354599510729738721e-03
-2.292906614934304629e-02
-4.886126270386248471e-02
-6.004239994178584700e-02
-1.069370338528182265e-02
1.096791845037870193e-05
-3.814663318346161319e-02
1.339234287385855475e-02
7.493755414722437112e-04
1.243518040747330303e-03
4.077208231440215824e-02
7.338779666712232433e-03
9.156869699050216682e-05
4.632254292439978195e-03
2.930423001616670048e-03
-1.457286550507752576e-03
-5.835412163485978985e-03
5.623871098781219047e-02
-2.022297982231843760e-02
-5.511778356230010584e-02
-4.184025005184920272e-03
-1.584433301537448852e-02
2.003936017063150804e-03
-6.630779536823857775e-03
1.394652997353351079e-03
7.663159792974119644e-03
1.637775983312030753e-02
2.108087962499013025e-03
9.432590708497086765e-03
-3.832171807370543526e-02
-2.428534199075266242e-04
-1.922707910734568898e-02
1.155539572078119470e-02
-1.964141022784019613e-02
-4.189831004725749856e-05
5.185451067869507533e-03
-3.262456157390434836e-03
-2.721727524510624691e-02
1.075626738930078423e-02
1.662073783407577027e-02
2.553085082750461508e-03
-5.671716883794076375e-02
-3.954550291171156015e-03
7.655423314459720158e-03
-1.078839151207850594e-02
-3.433907118229413604e-03
-1.359899795536396137e-02
-4.340861601636370609e-03
4.167318026160652354e-03
-1.379724266815957057e-02
-2.990801376043338358e-02
-9.144710305404168005e-04
-2.821909135753116697e-03
-1.054866020297983136e-03
-5.667426052537424645e-03
2.010046504350564839e-02
6.505193484473875340e-03
-6.594889591456252510e-03
5.666721011653468552e-03
4.897479598359367851e-03
-9.789717631130005759e-03
6.209357936354206742e-02
5.687622839056004180e-03
-3.679106563570452154e-02
1.244279497764858890e-02
