-1.175968297455110782e-03
2.647809874856999479e-01
-9.502407741726530410e-02
-1.100410338088885463e-02
4.918710475081103373e-02
-2.369969230788493658e-04
-1.239784615388494951e-04
7.916215384609455929e-04
1.730203076922555384e-03
1.999075361100827175e-02
-8.953787482577392487e-04
-8.937287535718071334e-05
-1.768273449432376083e-04
-4.502939810471334433e-04
-1.215086329102250322e-04
-1.119446513032778872e-03
5.930977142714550284e-04
1.368533945112707650e-01
-1.056193103682976243e-03
1.745639033824965269e-02
1.912185802553480196e-02
1.168000000061234890e-05
3.580000000032326448e-05
3.355999999998745430e-05
-7.599999999970122517e-05
2.962448171340173464e-01
-8.161127753873323801e-03
6.190717703795735327e-03
3.935002782764410872e-02
2.344541538462300689e-03
-1.414892307693295219e-04
-1.491009230769452763e-03
-2.404098461536795673e-03
-1.836152605979409214e-01
1.661652310678578964e-02
8.025434586174359786e-02
-1.947648875883890851e-02
-2.619772307692142411e-03
-2.591061538460189277e-04
3.974938461545149014e-04
-9.457230769310058754e-05
2.476587850899599407e-04
-1.052474384507473245e-04
-8.274231998093523142e-04
-1.434014663497305874e-03
-1.259794785464474990e-03
5.557434199484287282e-05
1.441234634919848255e-03
2.761398538347476384e-03
-2.299239938529007710e-01
6.384066464115097789e-03
-9.600481481487814148e-03
-1.663085185185865511e-02
1.942518542932750170e-02
-4.210696247193995191e-03
-6.790682545131787942e-03
7.500368673487750257e-03
5.056602434130519352e-02
3.378775485837475639e-02
-1.360418518518775703e-02
-2.056048148148234903e-02
3.574378857847822916e-02
2.967619758942328587e-03
-4.237230623829512169e-03
5.355705684769167252e-03
3.987692307675691332e-05
-7.369476923079785807e-04
3.706778000811566942e-02
3.074100793180551197e-02
1.513846153806654208e-05
-2.164938461535248536e-04
9.529267818531516124e-03
1.550613853244970329e-02
1.513846153767487912e-05
-7.537338461523918889e-04
6.661573471345858671e-03
1.443526643920229995e-02
3.987692307703680688e-05
-3.450627692305369230e-03
4.841292710948022493e-02
3.237401682785041868e-02
3.527681065969426929e-03
-4.851810115356126885e-02
-1.232826977335766717e-02
-1.059165452095718434e-03
-1.930584615386146392e-04
-1.063692307690174182e-04
-2.060923076938514682e-05
3.126153846040913872e-05
3.185808154741587295e-01
-1.090883322346308110e-01
-3.637160042299215738e-03
-8.844827852890764508e-03
7.945107692335385283e-04
3.922953846153980398e-04
1.187753846152585333e-04
2.621870769231689300e-03
-1.090477057340190070e-01
6.662852849210604278e-02
1.010444953203424451e-01
1.507452305391887570e-01
-1.182916923076249554e-03
-6.410584615386995255e-04
-1.199418461538542466e-03
-3.316436923076479266e-03
-5.421012339913854235e-03
8.626349863116369865e-02
2.646527160493837225e-02
3.879839506175085731e-03
3.395729503466976551e-02
1.771057253814446175e-01
1.691095061727618948e-02
-1.138806172839512167e-02
-2.348800000004852356e-04
1.883446153847619315e-03
9.934799999994905692e-04
-9.276923077149928036e-06
3.443999999913822420e-05
-9.998769230765960827e-04
-3.220160000001112948e-03
1.966246153846060510e-03
8.763282678988321139e-02
3.787442009823011133e-03
-8.855908653464249517e-04
-5.234843693311236855e-04
-4.964776888854413584e-16
-2.201456381751025512e-18
6.037197951718675122e-17
5.594178070997432445e-16
-8.789316993281261203e-02
-2.413003413021036839e-02
-1.203834797566056755e-02
1.063887093270519113e-01
1.332676923089815284e-04
9.839384615388454018e-05
1.167384615373235058e-05
-1.017723076915886800e-04
-2.026464508910594720e-04
8.608765724802380781e-02
-5.241975308626509530e-05
6.848641975216607919e-04
-1.649363693826281412e-03
-9.771654236089167157e-04
6.708641975871886009e-05
-1.635308642001549609e-04
5.783384615440945197e-05
1.987446153843311597e-04
-2.500307692276412228e-05
4.955230769201779558e-05
4.523692307692024449e-05
1.411230769218188330e-05
1.775138461529735814e-04
1.666461538554651485e-05
3.718787297576197637e-01
-4.397971579130680042e-02
2.231340996334471236e-02
1.589878436739151565e-02
9.692389530209587514e-16
-3.442857634844797169e-16
-5.958001076940012279e-16
-4.358647593291731743e-16
-8.489434417793473298e-02
3.776033073152346153e-02
5.265515164021557226e-02
1.711524040117418377e-01
-5.309833846155409542e-03
-2.058769230768652350e-04
4.713630769231795569e-04
-1.672153846155241151e-03
3.215133126618300446e-02
1.761243163469696227e-01
-3.063023456790902113e-02
-1.646998765432563031e-02
3.536420862698531897e-02
6.553390386699095571e-02
-3.720332098766448298e-02
-2.989245679013743245e-02
-1.616147692307367970e-03
-1.336763076922513858e-03
-1.635384615415462454e-05
5.963984615389986881e-04
1.935661538457751727e-04
1.037558461538610121e-03
-1.418707692308698604e-03
1.582356923076520209e-03
-1.641000639775862524e-01
2.224419494384411583e-02
-1.752079924319081133e-02
6.769770129601551667e-02
-1.559256844759981570e-15
1.436748075362185494e-16
1.750659734549621702e-17
5.923184739775971020e-17
7.194442412989707214e-02
7.622793605745696588e-02
-3.054829223707494767e-02
-7.647231092814843478e-02
1.149781864285434954e-02
3.156218738370161151e-03
-6.627397993197576415e-03
-1.635081738719018976e-02
3.845780316984971289e-03
1.773118576204529796e-03
-1.771599798212722092e-05
2.614999157078157785e-04
1.077965880369411008e-03
1.084301733865766738e-03
-7.571295102421863330e-04
-1.024522744397936887e-03
1.343845516103671645e-01
-8.340952492975375887e-02
-1.326845213011699776e-01
-2.316255213496298815e-01
1.028803527680870536e-02
-5.117405934350290064e-03
3.065952838106439544e-03
2.176562104971055227e-03
7.004129304254391730e-02
-3.721282531839702895e-02
1.946811151457601349e-02
-1.206758796520140259e-01
5.376487644534036492e-03
1.707572994010439201e-04
1.289763937784398073e-02
1.533217962743777842e-02
2.639735384614692350e-03
-2.219580075335048433e-02
8.288105445257914344e-03
1.494018210369657887e-02
-3.126723076926116824e-04
-7.452079643441226857e-03
1.205997922891227300e-02
4.963428058334597333e-03
-9.135523076923505320e-04
4.351699193068805189e-04
-1.594070367300473188e-03
-2.468019038869117675e-03
1.111575384616911299e-03
-2.704962868999962692e-03
2.601345917022516215e-03
7.125701827922184713e-03
-1.425804730068918336e-01
1.346377980721715590e-03
5.833907461094855153e-15
2.236179397473943127e-16
1.524251648352520916e-01
3.089686996285650675e-02
1.397688343388183048e-02
-1.850111028122623791e-01
1.369486608689658713e-02
-9.484263316397748000e-03
6.625979344285057217e-04
-9.803959036528604037e-03
-2.676296296365452353e-04
-1.560146778224657249e-01
2.973373095320976378e-01
4.061146128345133888e-01
6.844962962961642292e-03
-1.083234903232127913e-02
-2.426718824707569180e-03
9.809122974725725808e-02
3.075750135955277950e-02
6.889197668723220924e-02
3.879983885956054630e-16
-1.331330208712655564e-15
1.725813102781333652e-01
-4.427959924762497890e-02
-6.671952494809776923e-02
-2.730341592797700390e-01
-5.440433466120406757e-03
-8.117193554721771967e-03
-3.611516633264128581e-03
1.208389102419137441e-03
-8.475037037039882815e-03
-3.054435880556914396e-01
3.333674695200113947e-01
5.776601143179016518e-01
1.185703703699259644e-03
-1.052250969784987999e-01
9.249629391003220957e-02
3.111876270439944969e-01
3.987692307692502564e-05
2.441832411280292989e-16
-1.054424615384696963e-03
6.106249582472812396e-03
-7.407733885355697288e-03
3.054346744767248625e-03
1.513846153852324191e-05
2.147084583594970379e-16
-1.012912307692487085e-03
-4.601319438525318471e-04
6.619908054506257883e-03
-1.169914215632455014e-03
1.513846153806623376e-05
3.599438860735378580e-16
-6.054723076917516546e-04
-6.501221365120294846e-03
8.409716602511465439e-03
4.037754947925180360e-03
3.987692307646636746e-05
4.377931086176793241e-16
2.263655384615675080e-03
-1.982684914031432669e-02
1.110327484559530883e-02
2.918156086538208766e-02
-6.305003482404498982e-02
-1.200819851480893347e-01
1.463762120675461860e-02
4.943185453902370491e-02
-3.289324236187068863e-04
4.291058717355037072e-04
1.443716199583631738e-04
3.114851203875202822e-04
3.575777687848906428e-02
-1.386490886874960360e-01
-1.488422544544150405e-01
6.256179770864586653e-02
-6.083857865390436548e-02
8.048840904891186102e-03
3.963558194710206997e-03
8.437047941567328915e-03
4.084998091320441588e-02
4.940483323813009420e-02
1.518919816439814052e-01
-3.516302629488043518e-03
9.646187639752033111e-03
-1.015570680440230564e-03
1.059384951009364161e-03
-1.467352363576552058e-04
6.286848759094428030e-02
1.956539162434298984e-01
-6.218182018360158929e-04
-4.811110699769768906e-02
-1.868272353364662172e-02
1.548329494884327640e-01
-8.732222681638385220e-02
-5.023338520973608806e-02
2.081188226878757930e-02
6.187640636108743264e-03
1.078279942627401693e-04
8.612226506467977535e-04
1.438153547614469353e-03
-6.307265448217812959e-04
3.182324726337409752e-03
-5.063758116178919584e-03
-2.677568067642734362e-01
-1.533301178758070815e-01
-2.348961936348517299e-01
7.463220279752681707e-02
-1.543868200023231375e-03
-1.431077749398235815e-05
2.875111687490953711e-05
3.970348224958879062e-04
2.334574491876009392e-02
3.831184500434087897e-02
-1.367668715891800883e-02
-7.129604320692910051e-03
-2.917278873733606444e-04
-2.299341320966685284e-05
8.439154064926383640e-04
-2.349043826544808169e-03
1.345363229361346870e-02
1.100275051670258214e-01
-1.934152710695423785e-02
-2.458715594499955373e-02
2.417426828022492188e-02
-3.201784783674859001e-03
-1.520288683268111729e-02
-3.719189717203412460e-02
2.216362663349189747e-03
-3.982048792179520950e-03
1.225227876582000953e-03
-1.670781192782067742e-03
1.007895356042877227e-03
-4.892925137859352415e-04
2.529037274267016797e-04
-3.950151432783126338e-04
2.054160122005437572e-01
-9.651808784936675989e-03
-2.890844899964008577e-02
3.598888971276963111e-02
6.609860733970813335e-03
4.672459183860772861e-04
-6.911752806872780352e-04
-4.285605275341165723e-04
-4.977220327381268877e-03
2.611888177946141039e-03
1.401199140907117592e-02
-1.153397756366871668e-02
-5.586387834617645778e-03
4.245126236143949121e-03
3.531263710667672910e-03
1.802034904217643570e-03
1.221136368906067596e-02
8.135002086479814487e-02
2.937205548894105886e-02
7.996005319922568078e-03
1.833016713696984656e-02
-6.358992405349719011e-03
-1.386748607549688483e-02
-1.729599698086101145e-02
-5.155404694788852035e-03
1.929387506743013075e-03
-2.317126697107235300e-03
2.107568423612702843e-03
1.150371389671601702e-04
2.778873681601458281e-03
6.038315207888145112e-04
1.538636395917558197e-03
2.121020494727882955e-01
1.091789454965415990e-01
2.399080115887373132e-01
-1.436137692975792968e-01
7.226158324440060121e-02
-7.992022217146435917e-03
6.642721081769795664e-04
-3.611323503776508407e-04
-2.067147408515217569e-02
-1.055704365607157240e-02
-1.626348492149337979e-02
1.617813073481434369e-02
-1.365512457150675971e-02
-6.204319128226051978e-03
-5.337364797248049519e-03
-2.163356468045696344e-03
-4.485227824106335914e-02
-2.750973052582162889e-02
-1.374796699785076348e-01
1.729389216482628278e-02
-1.233684323730829396e-01
9.906564593112546571e-03
2.577530130271148481e-02
1.617004777078363265e-01
3.670758978319536153e-03
-2.046993735654834782e-03
6.830138236281628515e-04
-8.276141896914581547e-03
-3.249366494358520542e-04
-4.285687201960845663e-04
5.069254950048029430e-03
-5.286920718617442103e-03
3.485628041934523136e-01
2.049846787391679803e-01
3.998539185297603771e-01
-8.805814211941936920e-02
-2.150268513969750064e-02
-6.850251194682210887e-02
1.658608153416703257e-02
-2.866274840072002231e-03
7.685982387927327471e-03
-1.800406341802929244e-01
-1.999415212555999324e-03
-3.228161096513362197e-03
-5.209904109125368388e-02
-2.566002276523265610e-02
-6.369981549761417894e-02
-5.802369088217591148e-03
-2.895315099425406144e-02
-3.701307997193194893e-02
-2.601317690072297087e-02
4.086441498164055525e-02
2.074518279610665025e-02
-1.853009322502872924e-01
1.154633494125617034e-02
-3.501184362263855265e-02
1.208184174116618825e-01
5.851195051359477095e-02
-1.703944638674106948e-02
1.604671259418354859e-03
-3.700908851431918608e-03
-5.448050776063344085e-03
-1.973658741068376899e-03
-3.619926268575528010e-03
2.193888094387925168e-03
4.129465069678876191e-04
-3.682089893501397045e-04
-3.481126774496122803e-03
-3.472034832482360535e-03
-1.015723015925360049e-03
-3.794816268728937007e-03
4.386749943882761022e-04
-2.079219968020275949e-02
-1.157267146570236799e-01
-4.573366497021197352e-03
1.146248018777542600e-02
8.859140471442969998e-05
-2.053729977040801035e-04
2.183674516703511430e-05
-6.060083679091641824e-04
-1.104120362375604070e-01
7.114646571284079235e-02
7.991321605539992989e-02
1.697414087259853654e-01
-3.879612032549416127e-04
2.059995829419310046e-04
-1.128700527156411464e-04
-1.171076037484229324e-03
-7.160622952166311242e-03
1.674872263678310047e-01
-5.624261678781610103e-03
-9.133278611410469011e-03
-1.191796305635100042e-02
1.850767291578347962e-01
-2.801312090752978729e-03
-6.979126641012640096e-03
-2.819681902251401184e-04
2.506419835292572786e-05
-2.475846235110763945e-04
9.301400803931929252e-05
2.716637898425776311e-04
4.082605224481243382e-04
7.651675425472165455e-04
4.854490446945112147e-04
3.065637626150081660e-02
-2.141593091474439936e-01
-2.169682110993973179e-01
6.361897598361948569e-02
-8.976329833405809200e-02
3.411726256172326749e-03
-2.950800046655556539e-03
-8.398672752017658904e-04
-1.052936058031814642e-01
9.405526148449309953e-02
1.755919060335865700e-01
1.593325201390662083e-01
5.123444804320015540e-03
2.117775335124767039e-03
1.585976008575711981e-03
-2.845370126361402088e-03
-6.840047344436200188e-03
1.459381027056255720e-01
1.933958392617171271e-02
5.185495481219333513e-03
-4.797133480650599829e-02
2.290201781508315881e-01
4.552352410430229174e-02
2.712920716985700587e-02
-3.626596767236471130e-03
-3.301942986992044502e-03
-1.543645990160960125e-03
-2.248866712295444280e-04
-2.010037783941761007e-03
1.763432756655558629e-03
1.700891727123560746e-03
-1.757127647324679791e-03
-2.137259935151038931e-02
5.286244614697489103e-02
1.765419014010743692e-01
5.071350848063474470e-02
8.194156667046913547e-03
1.636463257235463509e-03
2.126263113047781404e-03
1.013929094439487049e-03
6.951541749050944852e-02
-5.058802309402626873e-02
-1.031611507406112183e-01
-9.102733658050102261e-02
-5.562239730195274977e-03
1.185514815120560601e-03
-5.492893018033237658e-03
-2.614095456014483079e-02
-1.078996615870531604e-02
-4.979631904541716170e-02
-1.635803407285977562e-01
-2.947590985662017216e-02
7.437786358260359276e-02
-7.771960903689541234e-02
-2.542585784390299919e-01
-1.209336447723265845e-01
2.010488930217008835e-03
-6.339535945984402232e-03
1.466143105919994393e-03
3.246813690429662964e-03
2.099402975520519611e-03
-1.422288552153366283e-03
2.584852920655622815e-03
-1.746590189172511707e-04
8.042526455004752120e-03
2.034809168865932272e-01
9.080489702329374094e-03
-7.882131648897609810e-03
1.997909225558914259e-01
-1.003558998752738657e-01
-1.450506453919277461e-01
-2.996435580589326686e-01
2.930167732997844554e-02
-2.730063686570097237e-01
4.501274775209523904e-02
-3.290772002403867802e-01
-3.254605068897926251e-02
2.344345527529296258e-01
-3.422473863802552585e-02
-1.796306667323952638e-02
1.701999970165788412e-01
-1.382948924389235668e-01
-2.874989245436324059e-01
-2.520581506259437221e-01
4.031074527756666609e-02
-2.976052911668543577e-01
5.058203216951456804e-02
-4.053589197518992493e-01
7.965915104730728058e-03
2.559676682992830139e-03
-3.467883355902992137e-03
-2.551350718223929781e-02
-1.743227852967162150e-03
1.999619268325142927e-04
-7.091026800773106301e-04
-6.521301107658863776e-03
4.441486740520880750e-04
1.319329991448672454e-03
2.090455844060729474e-03
-4.849759862942477386e-03
5.747025222496137190e-03
-1.028280106173793404e-03
3.174846724685206640e-03
-3.467545079009679010e-02
-2.022947572535339356e-01
-1.108563738242538538e-01
-1.390832141881077622e-01
4.277131810237165543e-02
-1.502143566467869411e-03
-3.286976963282281787e-04
-2.551786726296474575e-04
2.743162703264789013e-04
1.782258817935827410e-04
1.988636459732094283e-02
-5.736588144104455729e-03
8.242779914211842071e-03
1.911319057434145250e-04
-3.448569663666933654e-05
-1.686047528697450491e-04
7.136746147778145642e-04
-7.019597025100177612e-04
-7.740223322745471909e-03
1.408898355810751747e-03
1.640514654664885271e-03
1.601317485630298558e-04
2.287425341554450570e-02
1.036004813085430239e-03
2.668004156663161038e-03
-3.270155107404739466e-04
1.412136748820462485e-04
1.041374491180903562e-04
-1.469739059951108602e-04
-1.085287533862690213e-04
-8.592870610029469374e-06
2.089933001741658882e-04
-1.063291393017204184e-04
-5.589246120719439798e-02
5.504214567858491808e-02
1.312453237458339750e-01
1.118661751429631257e-01
6.165472793865473759e-05
2.318824692815509968e-04
8.857829839125548350e-04
2.750752828759754805e-03
3.752809716686009850e-02
-4.810828436682217102e-02
8.458787504942827731e-03
-5.184161706025537664e-02
3.616543224011452978e-02
4.788708414732431584e-03
-1.314508093845118564e-03
-6.267297145302609153e-03
-2.107247059889876938e-03
-3.925213369102371203e-02
4.857320246655733725e-02
-1.493905486722463564e-03
1.046266065531590989e-01
-6.633750392364279325e-02
-1.478053004453805108e-01
-1.555858571186262695e-01
7.016253106494844266e-04
-7.847651612613590691e-03
8.186249424321312505e-04
4.983672422272011383e-03
2.242787561909798794e-04
-7.317554275639464364e-04
-7.707675838552464865e-04
7.148436097909372650e-03
2.724783124964268166e-02
1.252150300264590621e-01
-1.112625628350274380e-04
-6.306823951166313710e-03
1.760561031366301987e-01
-9.454147819488084581e-02
-1.451770379584947923e-01
-2.722434637586402806e-01
-8.451538342464327488e-03
-1.838447971897079758e-01
-2.133348559807023495e-02
-2.215712391828445205e-01
2.610912377449704086e-02
1.907259718454548322e-02
-4.027079503635134713e-03
-1.698465473847457149e-02
8.281355178776149059e-03
-2.882812374735698943e-02
3.322097041073887981e-04
-2.375149394915229695e-02
-4.729131326696813832e-03
5.337470473166528936e-03
-6.100793955076642093e-03
-4.276545125510868711e-02
-1.294739680350725239e-03
5.828040441748907679e-04
-6.523874390368823023e-04
-8.653948572837895023e-03
4.902355475043587967e-04
-3.123950752181927650e-04
-1.095792972223578798e-04
3.911613927156747626e-03
1.136034266918241192e-05
-6.317251769069078243e-04
1.219612754529789253e-03
3.432486781797999820e-03
-1.136339248992962198e-03
9.382497957601966640e-05
2.671455818446828636e-03
-6.638504386810717070e-03
2.189526286533508836e-01
-1.029814298428229219e-01
-1.008403517827126672e-01
3.524479900986760700e-02
-3.748585504023092818e-02
2.486642554274325068e-03
-1.192340947014930734e-03
-3.275278251291436835e-03
-8.736006373896586241e-02
4.163348118022545952e-02
7.801019749747871435e-02
1.289671158942336526e-01
-2.644256655526783240e-03
-1.475499942803907335e-03
-3.137942566652293782e-04
1.616786137477079898e-04
1.461565328160169784e-02
1.718763454605980135e-03
1.430438209251244270e-05
3.966533703944239223e-03
-1.522311607769971827e-02
8.819256410466283502e-02
3.394482844486295010e-03
1.261228998260058472e-02
-1.578443202345855415e-04
-3.306664059558111980e-04
2.625026428055298486e-04
-7.418457194135099752e-04
-2.430050646515569167e-04
-1.790301286226082984e-03
-6.493484451246026544e-03
-1.203393895250702431e-03
-6.925578271897110672e-02
4.305316033081472982e-02
1.253983994582734129e-01
8.660305969192905184e-02
-4.222179826400371261e-03
4.314533644627251488e-03
2.252521266997569837e-03
1.690805590778810940e-03
5.032913518764470240e-02
-2.452690332034766774e-02
-7.911812039222357318e-02
-7.399382736604387389e-02
1.886263290762422648e-02
-9.227783482604162669e-05
-5.101215017289998516e-03
-1.780519064387994788e-02
-1.581505546574510368e-02
-4.642027310419176434e-02
-5.984480781442792080e-02
7.581659952343486331e-03
6.385694023513205364e-02
-1.017420239011283256e-01
-2.546579815200528674e-01
-1.211390870249881568e-01
1.819457079674492933e-03
1.148142258868559140e-02
2.003695829841394167e-04
5.376919712988632513e-03
2.777792872060320072e-03
1.158313171051922200e-03
3.064635170825986618e-03
1.850560055103457396e-03
1.857869992402660236e-02
1.879252664864208000e-01
-2.728927955569174918e-02
-4.486745548504011971e-02
1.676166942025890394e-01
-1.255107251351194886e-01
-2.916818145194105538e-01
-2.719566290311911660e-01
-3.816275967122539914e-02
-1.458400919517872929e-01
7.748566428155627406e-03
-3.190625221341255036e-01
-2.479913042193167185e-03
9.541668920376067398e-02
-2.757745787306865523e-02
-3.948910465060836289e-02
1.391778525756847962e-01
-7.084777739006338504e-02
-1.153536208799389451e-01
-2.072350349975784212e-01
-3.138061617002044917e-02
-1.243833079603059825e-02
8.032160354716830555e-03
-1.626623171557294856e-01
1.840043601427126608e-03
-1.452376201664869497e-03
3.172082200645265815e-04
-1.742978497696866594e-02
-1.333001297813605915e-03
7.171922070516423926e-04
3.107708756605789564e-03
-3.180293810178256783e-03
-5.090192515366347148e-04
4.356278409099402678e-04
1.590167089314221786e-03
5.313646242793018540e-04
-1.371471868889067279e-04
5.788166687591710970e-04
-2.886388110170496572e-03
-2.851553339251594859e-03
1.066397149418809726e-01
9.677567529111381905e-02
2.434519564208536824e-01
-5.244413168497356892e-02
3.789271010453193478e-02
-7.569294782324227817e-03
-1.015798744874357636e-04
1.673162566276499173e-03
3.980120963702000331e-02
-2.869174455670867041e-02
-3.448339470801013718e-02
-3.855564162729779171e-02
-4.751861830441074866e-03
-5.748732336363202369e-03
-1.209981264306609489e-02
-2.287263142878559821e-02
-1.110772204587883311e-01
1.457809453284010341e-02
2.556448639296738864e-02
1.335813571222516649e-01
-5.043174244123660617e-03
-2.795895376296989032e-02
-1.225161009254739364e-01
2.143191216946601155e-02
4.078705277752812789e-04
-3.011516436358806833e-03
9.506067027315472952e-05
7.418734162337688501e-05
2.095210407631218838e-04
-7.256562825278172445e-03
3.014086004409085098e-03
-8.659351749288201824e-03
4.423852571355573783e-03
-3.585722587739616912e-02
-9.262348300819174540e-02
-2.034523397973715675e-02
-1.890622455711762559e-02
-2.863096955439257962e-03
-1.016417404670635037e-03
-3.414521339047639579e-03
-3.105271007935843722e-02
-1.866179625087883076e-03
-5.100705565006415781e-02
4.300478873673353741e-02
-2.753945310837558821e-02
2.716983381988572789e-04
1.354537382187369484e-03
9.894830710953022440e-03
-5.319868904675793819e-02
5.551396801616199092e-04
2.985238822871885949e-03
1.810718417859910525e-03
2.002585410022373561e-03
5.842885244412834508e-04
5.567653128362810768e-05
3.058249174113114414e-03
9.537618932642717706e-03
1.557612437300908564e-02
2.355517653042198817e-02
-2.486843214150883524e-03
1.913870475168401308e-02
1.177942141483459375e-02
6.018674229991095512e-03
1.422981363215203169e-03
-1.947359756105294243e-02
4.085143583191064298e-02
1.015038752332384775e-01
2.898862678999221051e-02
1.786777050872545222e-02
6.779759374527146928e-03
3.006364929798022514e-03
7.294835111136722602e-03
7.719582278136591022e-03
-5.934719200944215886e-03
-1.334173876373297499e-02
-1.114570747421445886e-02
2.535884690241741336e-03
-3.651102251343302761e-03
-3.274018410104863330e-03
-4.854843713908007542e-03
-1.363906625291438392e-02
3.745320863327869162e-03
1.070570947584207656e-02
1.585991966146289844e-02
-1.524192726043632935e-02
4.570373827996179403e-03
2.630605461967754424e-02
1.858873357872912677e-02
5.670782062538114870e-02
-5.356835389533493724e-02
-2.277927298919442400e-01
-1.014805378703007299e-01
-8.879545994556867217e-02
6.848602318797525346e-02
1.242347858093026669e-01
1.032002307450497897e-01
1.386917879807590508e-02
5.310935952834692792e-04
8.758585715321891285e-03
5.159643430234533285e-02
5.059656724858257321e-02
4.350515854953705686e-02
2.221926075184221805e-01
1.225648308370124243e-02
-1.158135346606223720e-01
9.770633585182982028e-02
3.858150561588759020e-01
2.087000346512057347e-01
-5.774494156954290518e-03
-3.410601290489903570e-02
-1.298005582048289419e-01
3.305670228209588168e-02
-4.988002717364878325e-02
3.894923034815625518e-02
5.599360489363584825e-02
4.632428070240511564e-02
9.873613168051607186e-03
9.862728038385471310e-03
2.040819150145730884e-02
3.593456205837975564e-02
1.819250418632379906e-01
-2.151097568115518596e-02
-2.638544305926632250e-02
-2.184497524342539354e-01
1.246340499415349648e-02
4.450184952461113536e-02
2.172707973624400934e-01
-3.722663232897581442e-02
1.009386741990918063e-03
-1.027516787690947730e-02
-2.771785515247802978e-02
1.083064071989478343e-02
3.619916535814808600e-02
4.596638440629591954e-02
1.801825653874113663e-03
-2.156867354220097510e-03
-1.629830839247556340e-02
3.355627120718400903e-03
1.308818145701717665e-02
2.331462389884387740e-02
8.143702715813626748e-04
2.133187383361389872e-03
-2.890343328388450192e-03
-7.635130160049825561e-04
4.019885243672715285e-05
1.488918470638436525e-03
-6.899677745679902484e-04
-4.951864996311886556e-03
-1.332839886269594244e-02
7.883218672455429010e-03
4.313968884227999470e-03
1.628881615275019207e-02
2.681879083811936626e-01
1.647880572401378974e-01
2.308055689716019543e-01
-5.746869024988222191e-02
1.986742901965181038e-02
-1.916330293491960712e-02
-3.406932437011401995e-03
-4.626162325706438538e-02
5.436180014358625925e-03
8.838398747019273610e-03
4.592175017409410274e-03
-5.456285477899201763e-02
1.039800463173323752e-01
-8.443693785311209843e-02
-2.268105420568606312e-01
-2.036916703081256830e-01
-7.640523054245598744e-02
5.333953881549786946e-02
9.566057888132157216e-04
1.048933311205705460e-01
-5.928149614694425140e-02
-7.503760621089884328e-03
1.821320618360551535e-03
1.200952362344062316e-02
1.876988107260282911e-03
7.149259957957719569e-02
-7.099113288362773888e-02
9.506892448310835797e-03
-1.869779198662903930e-01
1.133635500514057065e-01
2.593450170327955551e-01
2.826711624304227288e-01
-1.168488758664036967e-02
-2.344189654395409106e-01
-3.108395222563484217e-01
1.269228536658323359e-01
2.630452552185307824e-01
4.805318864125108780e-01
-1.987423670710811163e-02
-5.274703005083038881e-02
-4.971246432507881591e-02
2.813005427769024042e-02
1.999219694688661453e-02
9.407713530143513303e-02
-6.458600502250205766e-02
7.443103172505989573e-02
-5.243179571320753796e-02
2.116444197943791183e-02
1.211073017634323040e-01
-4.965835940980601465e-02
-1.154524364540316234e-01
-1.778937242064779767e-01
7.322880918934889481e-03
-4.811317425762717120e-02
8.203049481832344007e-05
-1.707544620548352154e-01
8.268278570156277485e-02
-8.500400919741712968e-02
-2.535789079184557204e-01
-1.386172167553522683e-01
-8.771374294156311646e-02
4.414858882904037357e-02
9.312001323255214569e-02
1.160744424088055587e-01
-2.864587277586208916e-02
1.252050859100428920e-04
5.554825373856540557e-03
3.149310460910115933e-02
2.929688167450469199e-02
8.037176175652512022e-02
5.128127614807821699e-02
-2.832865988443768537e-02
-1.010174593759088496e-01
1.479633146492367324e-01
3.976680123798732591e-01
1.858689312804612248e-01
1.265894206169533576e-02
-3.520694534734199466e-01
-2.727872788302817542e-01
1.759100995010222379e-01
4.985961138376782675e-01
4.321202287243932627e-01
1.950337415170214778e-02
-1.861682982242143514e-01
-1.985187767493124533e-01
8.382483385354651262e-02
1.764292871452367018e-01
2.902927424929309108e-01
8.355881725140866523e-02
3.410372259005729073e-02
-2.098347673662742750e-03
-1.806958716683882554e-02
-1.076331152170760704e-02
-1.125385741972453717e-02
5.428430438946404112e-03
1.165820407996176131e-02
-1.059089802207026539e-02
-5.971369521620892989e-03
-3.974952725398063144e-03
-3.087174581019562145e-03
-4.315274186526587815e-04
-8.933871069868927831e-03
1.053585888327490672e-03
2.367558009108830519e-03
-8.983327948617940428e-03
1.955507259214321440e-03
2.186578880780182949e-03
1.470156543299748660e-02
1.175639465206997731e-03
7.364268190824722980e-04
3.559132441487924568e-04
-9.519461981552845842e-03
2.288943380716821881e-04
-1.443866527117912066e-03
-3.220198187632536749e-03
2.065635583078280230e-03
1.149416124955791353e-02
3.604237503950039403e-03
-3.663460573884613335e-03
-4.268895641504009617e-03
1.475986350315575905e-03
-1.887801322680639562e-02
-3.455906903606477312e-03
-1.454760648188103619e-02
5.219462464634311294e-03
8.367128442299811078e-03
3.045713318257424820e-02
-1.011330319171497129e-03
