2.744661782287918186e+02
1.554804452095448255e+02
1.728766025641264581e-01
2.744650887523481515e+02
1.368523975660278609e+02
1.465512136397414622e+02
8.956901519487931296e+01
1.467192494140681447e+02
8.300724873259964909e+01
-2.479276266107662252e+01
-6.808072094929858986e-01
-3.599569360255404860e+01
1.431937619826426271e+02
-1.356362300319355185e+01
5.350986697408233184e+00
-2.931004877208640380e+01
1.593684854271588449e+02
-3.762768214088704433e+00
-1.714758236835583372e+00
2.886151950647912301e+00
-2.474138751033707617e+00
6.727037599566494386e+00
3.180735451494183152e+01
2.492034488930033120e+01
6.545106598207361515e+00
1.792523952191591233e-02
-9.259512122621954333e+00
-1.200078960745800494e+01
8.022655173010724283e-01
1.309426757158936028e-01
-2.632396432140900089e+01
-2.277489803039694749e+01
1.017193438841500264e+00
3.699430314309316792e+00
9.416459022608620888e-01
8.334609353458893866e-01
3.405925265370811417e+00
1.786406022292245585e-02
4.661221384725206749e-05
1.261304883512555541e+00
2.926927138721725496e-01
-8.585706978792551070e+01
-4.058235691153950597e+01
-1.988779083897945776e+00
-8.606871211685637491e+01
-4.530230184989180486e+01
1.803374341482580689e+01
-2.011724065429436337e+01
-4.543067712837238048e+01
2.710699635735931423e+01
9.055946396811604515e+00
9.474607158556498376e+00
3.499218214030193508e+01
1.284754900788776496e-13
4.590427258499874409e-13
1.365110092126809438e-13
-3.803982690650402333e-13
-8.840458599335482504e+00
-2.152162317752881915e+00
-1.327370935021080278e+00
-1.096598761447041426e+01
-1.027852330239672129e-13
1.263970903810627595e-13
-2.504172294169918695e-13
1.980826415352184942e-13
-3.230082417582390342e+00
-3.990270146520184191e+00
-2.439778703844891618e-14
1.039461145658677561e-13
-3.044013278388394417e-01
-1.888736263738989909e-02
-2.241119635991766033e-14
5.459581296702035583e-14
7.346324995569222693e+00
3.468789011727549276e+00
2.776698090216184855e+00
6.817020707786750400e+00
9.806468126780558237e+00
1.709624287749958171e-01
-3.047097578322061767e-02
1.003737090455854108e+01
-1.892472929780601024e-13
5.581756301713503753e-13
1.472691880398634335e-13
2.764048965985043480e-14
-1.363058671652426135e+01
2.895744302006463336e-02
-1.662437678061614021e-01
-1.263312410968650212e+01
-1.095528805504185804e-13
-1.200823906558189361e-13
3.093556959456717921e-14
-7.506710264398825993e-14
-8.313301282052569519e-02
1.592548076921800060e-02
5.259969775478585855e-14
9.867388253245293210e-15
-1.297252894954519231e+00
-2.257581162118136586e-01
-4.059785980120935583e-02
-2.363041253101727968e+00
-3.876359594706518807e-01
-1.278514526468211399e+00
-1.188078732423433426e+00
-3.443351943754649480e-01
-2.204565027581178072e+01
-1.001124144340622024e+02
-9.996249374692425249e+01
3.481122002731978426e+01
-2.172452716822916585e+01
-2.225221394357982945e+02
-2.227271800242990878e+02
-8.475969570921978402e+01
1.191788549266978237e+01
1.990104110751122946e+01
2.005321133822789292e+01
-2.268947258938944334e+00
1.042458721421889045e+01
3.469769607685336155e+01
3.457304969520728832e+01
1.909785349425760614e+01
2.769696330138585072e+00
7.495065054378095004e-01
1.311152977106767814e+00
3.375794557282497887e+00
-1.405195530983983840e-13
5.522063088558587584e-13
7.907996595897598242e-13
-1.312531966107476757e-13
-4.018613125092656557e-01
-3.223923933555035148e-01
-4.057588332423194277e-01
-4.918208707851778327e-01
-2.249481205909137542e-15
1.271315049889779697e-13
1.188256936421299205e-13
5.221376889536349746e-14
-1.795014880952271907e+00
-2.732944139194856681e-01
-2.352256121471883746e-13
4.356907354475445302e-13
-8.224587912086942509e-01
-7.397550366301207658e-01
1.120615062430632143e-14
-1.099436392516252767e-13
3.181948260073390156e+00
2.571686126373466053e+00
3.182520604395458363e+00
3.261504120879080926e+00
6.654726128113275685e+00
7.931187390865275688e+00
3.440397252090897862e+00
5.374546801764600090e+00
8.367180176454239060e+00
-5.112122041016763530e-04
-6.809421238856830927e-01
1.038451084459161500e+01
-1.517436356952559962e+00
-4.373499103942590338e+00
-3.959426982814043150e+00
-9.923570903408950317e-01
-1.737689117765090074e+01
-7.113466115275716106e+01
-7.126276825041308882e+01
-1.838105911638814050e+01
3.855443091033101677e-01
-1.792308001649687199e+01
-1.756321617786764122e+01
8.396308471815595809e+00
1.413851973861795175e+00
5.284107740205532089e+00
5.351509401698098856e+00
9.733849009671244445e+00
4.187106627873135700e+00
2.284243851119577062e+00
2.141064848476390559e+00
-5.007823140418096175e-01
-2.543833861777447858e+00
-8.856435529822673791e-01
-4.028140221486907535e+00
-2.626082161565819195e+00
-6.519434105321338713e+00
-1.486047927579352002e-01
-1.875649067180294172e-01
-2.910079496369678775e+00
-2.049757604999558058e+00
-1.363540805071901119e-01
3.539834344268715238e-01
-3.763463836042753030e-01
-9.399122615133628789e-02
-1.444945364355574968e+00
-1.397657863640163978e+00
2.921762130294808024e+00
2.446721493015341586e+00
-3.726081168982049996e-01
-5.371950620605210336e-01
-3.295001039904271178e-01
1.215632570256949929e+00
2.604260244543378455e+00
2.611835612969006348e+00
-3.416658142622787331e+00
-1.186081382626416270e+00
1.121137994238457614e+00
7.542995224636744878e-01
-1.189618176464354304e+00
-3.944013647640543518e-01
-5.218207196029320372e+00
-8.486383374689996373e+00
-1.286724565756854233e+00
7.267206885856137610e+00
-3.020316377119043952e-02
-6.749147022333404911e-01
9.891571029776576651e+00
-5.345843672453906570e-02
-1.843424317617830432e+00
-1.766175558312615079e+00
-4.080800248138072850e-01
9.723683108354665094e+00
1.415323203116998441e+00
1.334399083649295603e+00
-2.217452634904181608e+01
-6.786214604077291490e+00
4.092622843536987887e+01
4.100863005949881313e+01
3.243563103823686333e+01
5.982044332501680328e-01
3.666112963348663989e+00
3.717550440100276354e+00
8.853948714137818143e+00
4.633795066746425384e+00
1.395721331244142549e+00
1.371800254143810127e+00
-1.301683319028718477e+00
