2.681976261070210046e-02
2.775694089982518875e-01
-1.081491495757249668e-03
2.292625576878353499e-01
1.254765867087987430e-01
5.314385218757082356e-03
3.933076650654837025e-01
6.750434785898147549e-02
3.163956997558425299e-01
-1.447234095961475765e-02
1.786348829414457703e-02
-3.335700973951862824e-01
2.568659718513641721e-01
-3.936140621995424388e-02
3.245100281176702042e-03
-2.760214496961075348e-01
2.241438861290725726e-01
1.242085140942326416e-01
1.123278747714942342e-02
1.688017854891249447e-02
1.603649783281515251e-01
-2.064683170006951785e-01
-5.284360930232002290e-02
-2.494404826635061856e-02
-8.365078487329904999e-02
3.193838471524167166e-02
-2.493208960740964444e-02
-3.595750025456084797e-02
2.506895183112029316e-02
-3.607955466803999117e-02
1.692920567725618788e-02
2.430723480403580022e-02
-2.304721630596473503e-02
8.667505329559530318e-04
8.154563107990736451e-04
4.091242148990034862e-03
-5.604223314969920561e-04
-1.331235673099684120e-03
-1.458067512277986914e-03
-3.990897839271075574e-03
-2.076636507859585431e-05
-8.859650064501349565e-02
-2.259582199732415933e-02
-1.104058434004420719e-01
-1.366062682554965158e-03
-1.425777063189670284e-02
-7.712573353108520546e-02
4.610115688128604144e-02
-1.540918147156392914e-01
-2.292955255716968600e-04
1.739220506155765827e-03
-3.579643895833326114e-04
-1.042847125836466856e-03
1.817588492116310045e-02
9.587189126596226685e-02
5.547316507382785838e-02
1.311493625101999710e-02
2.749218208718914001e-03
7.344909816590886216e-04
4.381697863663679897e-04
2.766335131472675169e-03
-7.753584790466587582e-04
3.140589703535188494e-03
-4.284689312966590696e-02
-3.232250918229508940e-01
-9.901710594299888146e-02
-1.599138243337994147e-02
2.854252964813610779e-02
3.219045176633740235e-01
3.952966293806200460e-01
8.956339402374349778e-03
2.355380605598537264e-02
1.982758661120146149e-01
1.134617653180374636e-01
4.034261070218186224e-03
2.287459813853295887e-03
3.406815954206456358e-04
5.065626410607871428e-04
3.483440099571078353e-04
-9.547977703768855068e-04
5.702747854403920425e-04
1.061170862886326623e-02
-9.073227113121239487e-03
-7.655366095780834906e-03
9.615389574533452291e-03
1.843983414806369542e-02
1.439951540507070082e-02
-9.081480878809984267e-03
-1.087970153065625882e-02
-8.514944087557749230e-03
-1.121364202954885404e-02
5.810569800033973248e-02
3.734777107885145497e-02
-4.376961459418714229e-02
-2.935308849909901846e-02
-2.128297637877967982e-02
-1.719701308172222678e-02
1.323052050633385305e-04
-1.034898296724583514e-03
6.617549311950017381e-03
-1.043243276158520652e-03
3.822838227175762854e-03
-1.453276870184314019e-03
-1.521555555556546252e-03
-7.580630384946228633e-04
-5.042398973336071483e-03
1.483981569422253809e-02
1.302566255776377024e-01
8.868957169228160187e-02
-4.987699006480157508e-03
-6.681746763143335327e-04
-4.251272855510843801e-02
-4.950295341413344513e-02
-7.755170733249598658e-03
-1.616216179473113851e-03
-5.864669555698855119e-02
-4.156529744634595430e-02
5.087944677802853401e-04
4.962022130427771490e-05
3.416445156108662614e-03
4.885558991724092736e-04
1.579032043683522744e-04
7.031624998790955965e-04
-7.529631453059331325e-04
6.929737264266658953e-03
-2.980057631898748970e-03
-7.534387683764718702e-04
1.205202880226125851e-02
1.520530677048698110e-03
2.946101311492144268e-04
2.439555555554751443e-03
-4.498396952586069912e-03
-5.614072714096257286e-03
3.701081741141554107e-03
1.681504197416220639e-03
9.366666666753776431e-05
2.229444444443928839e-03
-5.590000000000957918e-03
1.577777777797555422e-05
2.030838611503890147e-03
-1.577813680424280897e-03
-3.229575144194518459e-03
2.987711757516713518e-03
2.153982880612518268e-03
-6.957018590996165777e-03
3.374514117528209720e-04
-7.625614729281904574e-04
-4.783333333362698440e-05
3.691944444445330754e-03
-6.890560954110516723e-03
2.115922730601448379e-04
1.394747218210710786e-03
-2.385565549172427666e-03
1.335999999999686397e-03
2.904333333333999987e-03
-1.159875664599852680e-03
-9.304923025960471286e-03
4.571440660739192925e-03
-3.390445083417443703e-03
-3.583444444444939484e-03
-2.112834917247942597e-03
-9.446305999304533112e-04
1.403333333340712010e-04
1.040555555555238180e-03
-3.630000000000175187e-03
2.022222222230901927e-05
-3.726528071345417206e-03
8.986762083817198543e-03
1.080508394733649229e-02
-5.071288003664137754e-03
2.850739415800692192e-03
-4.099342810924453198e-03
8.053245086750254441e-04
7.750606158557743052e-05
-5.116666666705551491e-05
1.793055555555343478e-03
-2.666947286803287090e-03
-1.689709730563554923e-03
8.511159797385940175e-04
2.052584874660085337e-03
1.475999999999376465e-03
1.777666666667210163e-03
3.282165627238927547e-03
-3.600540101399185219e-03
6.959418572063228586e-03
-6.214090335627518204e-04
-1.704555555555696458e-03
1.124412540507674732e-04
-4.771449137675260604e-03
9.988888888898893423e-05
7.076666666677408927e-04
-8.367282918330812155e-16
2.237504967793230509e-16
-4.567730480449920966e-05
-2.422991379715090470e-04
-5.088561319685509093e-03
2.313533396237846349e-03
-8.485561014636429193e-04
4.083604297970109751e-03
2.273615715955017050e-04
-9.275817013046958970e-05
1.937222222221196251e-04
1.672166666666667504e-03
6.879818079988180360e-03
-5.459507810523399861e-03
4.255833914625849548e-03
-6.558271043745840349e-03
-4.347777777780944403e-04
-2.443858208517072610e-16
2.076273051231335899e-05
1.551917244619965440e-03
-6.985533132279326748e-03
4.954709417507627929e-04
-3.798888888890324133e-04
-6.357895963831706847e-03
2.022765803667005927e-03
6.211111111119873511e-05
1.914333333334141806e-03
-1.525376253045449782e-17
2.874198543966204301e-16
1.158330199337930335e-04
-5.099346909500316466e-04
-4.757320778447126849e-03
1.013018662948302019e-03
5.770156061519336093e-04
5.186943683759626458e-03
4.048737723911668518e-04
-4.319956358479131809e-04
5.927777777780400320e-05
-1.251166666667254557e-03
8.606856880541075352e-03
-3.247428891205553052e-03
1.636301571940701558e-03
-5.848014719980938053e-03
-2.039222222222205737e-03
-3.513747564743205459e-16
4.580347416244885043e-04
7.832955848438564366e-04
-4.641041625204029436e-03
4.663258956267634183e-04
1.907888888888790860e-03
-4.562920685952565406e-03
3.234302094386274501e-03
-4.051525644394981390e-02
-1.844436164622123564e-01
1.474657079736055865e-01
-3.701992758964912644e-01
-1.504298867124863326e-01
-4.438026869165633687e-02
-3.036483963268821196e-01
-5.601052406006799822e-03
2.916515729994729328e-03
1.563801620827695756e-03
4.522956967933711332e-03
1.541530050083447312e-04
5.967589411959881018e-02
-1.947142008442668409e-02
-3.335792014031779829e-02
3.718204443880405996e-02
1.348796880451095257e-03
-4.830839434701675067e-05
5.518455939770688240e-02
2.763655248658504204e-01
1.352044839961698552e-01
2.991507747715447391e-02
-8.060581029350310633e-04
7.141182463325858624e-04
-2.551102941708036781e-02
-1.977844774059528757e-02
-6.711730378626643879e-03
9.164073439425364162e-03
2.988448789330963237e-02
-1.802765484074029395e-02
1.020415426763294775e-01
6.844850468014354594e-02
1.214428281153700183e-02
4.292685017860058821e-02
4.094558496913440482e-02
3.496829908828851061e-03
-9.302277019125739042e-04
9.838253289265435752e-04
-1.417529890497705360e-03
5.169116027864142059e-03
1.311908032224579253e-02
7.328277055362786632e-03
-9.635950388484427684e-03
1.213443338462458828e-03
-5.433132468533773650e-03
-5.729539336620118571e-03
-5.805412317512992360e-02
-3.445880513594483385e-02
-1.415388547697482222e-02
-2.267522470238192683e-03
8.394950516420647817e-05
7.651071950601590023e-04
-4.174882375199358872e-04
-7.450526146184704383e-04
-5.567183962957108004e-03
7.072589646132248185e-03
-2.459417046096277169e-03
-4.974789996135031700e-02
1.436546024468083882e-01
9.559141121897030829e-03
3.477231275912195246e-02
1.180184633542266520e-01
3.449082180787160778e-02
-2.398862948044226760e-03
-6.311222013411217462e-04
5.742831039677778748e-02
1.262653400574481003e-03
1.000157579503555168e-03
3.967494151285759973e-04
6.785971451647682812e-03
-7.777985145002842479e-03
-1.388886159019670299e-04
8.964658854655525519e-03
-8.343406827047235644e-03
-2.613544204897426480e-03
-2.460779254099158993e-03
1.588065781839320982e-04
-4.239366030537408160e-03
2.347856507546791094e-01
2.210783252976209964e-02
6.410015161656862359e-02
5.270379985642129617e-01
-7.609234164633051078e-02
-1.628029261886626555e-02
-6.299220634687829543e-03
-1.186290344706658617e-01
7.773213759902188047e-02
-9.269760064472226321e-03
-5.908236041389292037e-03
-5.670358433250698854e-02
-8.493170914704481489e-02
-4.972748641324996506e-03
4.153017476256732482e-02
6.978726041422868807e-03
-1.923062285288801646e-02
1.379801786520218343e-02
1.451835042084460977e-03
1.951182642594022788e-03
1.387199041620484560e-02
-2.423056074565049160e-04
5.898722642003324107e-03
-5.938609776988981043e-03
-1.570148084424260182e-01
-2.350421291215633660e-02
6.203030234460190848e-03
-1.091703446119001442e-01
8.156267137243791709e-02
2.458836148066947946e-02
9.014528001098979365e-03
3.248471359167415945e-02
-1.207242019408579642e-02
-3.377495207169050007e-05
-1.169247896127433755e-03
-4.896491468675599409e-03
-5.278823720063935410e-02
-9.292867132134747382e-03
-5.231513681655215048e-02
-3.833099234724491461e-02
3.599479501871778887e-07
-3.652050297021011086e-03
-1.206793044215305824e-02
2.816979554125426371e-03
-1.023544254245115255e-02
1.421571576216506400e-02
2.083837772396234921e-03
-5.356566220429734466e-03
-5.119773193375128616e-04
-4.928895507602274427e-03
2.086360750506728969e-04
-1.616904060544420126e-03
-2.068603743099407984e-03
-1.221449937525134668e-03
-4.119543932989471087e-03
6.025044868752652731e-04
-5.506774652516463042e-04
-1.466571156857584711e-03
2.929775274544931516e-04
-3.589374960697260778e-04
7.397258090885971147e-04
2.668142700234597386e-03
3.535817259284745277e-03
-1.229755271738899522e-03
1.753775843679370025e-03
5.070160966536584914e-03
4.723663879021605845e-03
-7.496963668172193507e-03
8.530042028348410257e-03
3.213848336923927178e-03
2.387100510876853914e-03
1.941791906698262914e-03
-3.352707548866087472e-03
-5.977566977784082129e-03
1.278087365113051788e-03
-3.496982951699461033e-03
-2.655848271161111943e-03
1.265394820196902477e-02
-1.513952370424835256e-02
-4.043059311731677687e-03
-1.117572879767512149e-02
-7.537894462610723011e-05
2.501127515101448924e-04
-8.106608533558372354e-03
5.110220866281971024e-04
2.504652509595125111e-04
-7.032932216191655275e-05
3.450691288755625510e-04
2.478585477360012793e-02
5.565441098927878657e-04
-1.417436955879248367e-03
6.865079942361726473e-02
1.424559318483630335e-02
-8.425552370078099023e-04
-1.788250819412100798e-04
-1.186219427864702511e-02
5.364320428933234963e-03
3.262438821174124676e-04
4.092198381268723071e-05
-1.689255875572244492e-02
-7.303373687185550807e-03
8.889940162423299295e-05
-5.197820289821536910e-05
4.933090303659966314e-03
-1.358865237291320607e-03
-2.438564569805355513e-03
9.731035500222067592e-06
-1.473394838232743032e-03
2.170732095987644352e-03
8.548716784841299847e-04
2.023059354171413780e-03
1.845593094637383840e-03
7.985254504090170654e-04
-2.198892300146682282e-03
2.812110033683337576e-05
1.207398526948931256e-03
2.289562042401585909e-03
3.078159427625912995e-03
-4.900822361285554849e-04
2.480444710637077013e-03
-4.366854094266396972e-04
-1.824772416225715899e-02
3.965976279236754776e-03
1.897550655787776965e-03
-4.037273440755786112e-03
1.070647681894658018e-03
1.864450693236006495e-03
-2.780356434953681032e-03
-2.318414165024477568e-03
-2.239796328750630078e-03
-7.177567101012941216e-04
-2.038116404882200222e-03
7.956507484153543894e-04
2.660280707481566323e-02
-8.267308880618429862e-03
-3.094742693610294353e-03
6.066963436676909779e-03
-1.061061348106425058e-02
-5.694075260180472484e-03
-4.615412435745197897e-03
-3.973301424104116325e-02
-4.316146659619558607e-04
-3.432315268313670996e-04
-6.177937239025610427e-02
1.197066947943314658e-03
-9.060177327950435025e-03
5.593561967370570299e-03
2.910733941720444230e-03
5.482903295918768044e-02
5.335588785100693274e-04
9.412200690422780703e-04
6.822785702405563535e-02
-1.844872366884548283e-06
5.997278325042387087e-04
1.664067022258781166e-03
-1.844872365193077062e-06
-3.254606470301325393e-03
5.896599539712086419e-04
-1.375148725376299690e-03
-3.626653459480428613e-03
1.366038512853766597e-05
-1.425550492537220248e-04
4.199396799670448337e-04
1.366038512912362642e-05
-1.411940837873713536e-02
-1.904871290447622545e-02
-4.885161290323948319e-04
1.408258064514116123e-04
9.064911794162844739e-05
7.766955172418601181e-04
-2.829677419353728561e-04
6.522346520015812131e-16
8.296395208895258888e-02
3.405156114243847783e-03
-1.359795562068395573e-02
9.329425424964517266e-03
-1.128073138766451204e-02
-5.986361118606654168e-04
-3.172802956347287560e-03
-2.075201302542083875e-03
-9.546887540080285783e-02
-6.093246434288750873e-02
-5.678026590313911548e-04
-4.818860741128896431e-03
1.197623707938949220e-02
1.007763879852817401e-02
8.010024924029171892e-03
-7.177789525357478051e-02
-2.289668943275798355e-02
-2.030490362296969581e-03
7.642778856893603411e-04
-9.765194623090894463e-03
-4.422502014688029469e-03
-5.598110760301496999e-03
-2.403918790712232675e-04
-8.850811293463422495e-04
-1.337252586629500244e-02
8.201829524457240547e-03
1.630739148038158745e-03
-2.995498112368086274e-02
-1.007986866327367954e-02
-3.435912334742619750e-04
-4.790551537054978061e-04
-3.443364529479023533e-03
