2.743003936518258570e+02
1.282097586940122369e+02
9.222568609775235737e-01
2.742216571623690697e+02
9.391396630671947321e+01
1.289833539212859250e+02
4.178957600426812746e+01
1.283717952437689576e+02
1.661313145031652283e+01
-2.461903537089728999e+01
-2.728028998727310750e+00
-2.183531702984764067e+01
1.652416072161243505e+02
-1.072315734790853092e+01
3.700530768763875766e+00
-1.396517286573362782e+01
1.729496832717799180e+02
-8.260367814309486079e+00
-1.503841824338243205e+00
-1.969448773952067855e+00
-5.688301605148610385e+00
1.297867652760558421e+01
4.817859983038859539e+00
2.732432389519097171e+00
1.862351607733630487e+01
2.836634098428391648e-01
-1.685483933433297210e+01
-1.224110695392245951e+01
-3.997593999804465587e-02
-7.109509492581234102e-02
-3.767080024124165050e+01
-3.901824993274137654e+01
-5.283239166548489019e-01
2.728821878446664684e+00
9.178872432446306684e-01
1.649239428246416672e+00
2.643492685070664816e+00
-6.732368010013245474e-01
1.364298730503240353e+00
-2.312892025068918889e-02
-8.193297878759440156e-01
-3.745661239428081757e+01
4.530377025008613856e+01
-5.558023618903630059e+00
-3.779474768960506736e+01
-8.433613283788695014e+01
-3.208003139955890504e+01
1.577479316685839983e+01
-8.414268174599321526e+01
1.684392806267805298e+01
9.366419604700837453e+00
9.121383101851915143e+00
5.707276086182210051e+00
-1.642302946953470697e-13
-4.125335901136195302e-13
-1.512318036467898457e-13
8.024428210839720623e-14
-4.842325498575606346e+00
-1.912293002136712383e+00
-3.450509704415929857e+00
-5.565649483618241966e+00
-5.905537093368888686e-13
-4.108994353850869599e-13
-3.790574673687594524e-15
-8.765324251544635479e-14
-1.903238038003647770e+00
-1.665951236264086865e-01
-5.944459820980996730e-14
1.582886396769868594e-14
-2.218299278846346811e-01
2.929186698718270754e-01
-7.149157282104007297e-15
8.031374212315748141e-16
6.687448821340012728e+00
2.519201431968559390e+00
3.063731260339086493e+00
4.572897927005608487e+00
-1.537907476847643728e+00
-1.385507318622374306e-01
2.489484096200928614e-02
-2.566042603649576481e+00
-4.014554900742667298e-01
-1.072828913358288005e+00
-9.487984646402308764e-01
-3.323944117038427071e-01
9.162550585533745107e+01
-8.538437993328012965e+01
-8.553572137506007778e+01
1.441707839587841455e+01
-6.568324615220384999e+01
-2.225755772237602912e+02
-2.224225483064858793e+02
1.741488636999732975e+01
-1.933281628957010057e+01
1.755905897869440935e+01
1.778297790628529285e+01
5.568828451212857189e+00
1.581016092181377530e+01
3.476320615849358120e+01
3.455796556927037955e+01
-1.119215219383125870e+01
2.089656047049924936e+01
-6.902687654394286387e-02
-2.958087218295712417e-01
1.976872313541134929e+01
1.364606670593148109e-13
-8.960388786780161529e-14
3.939948751889053099e-13
-9.058006761514670161e-15
-1.149100570812153244e+01
6.804143928881817294e-02
-4.956949985194203379e-01
-4.163457745002361321e+00
3.843905886048181147e-14
6.849463075226098376e-14
-2.144443807885595095e-13
-1.266220669886918315e-13
7.427598443225728875e-02
4.074376144688626744e-02
-6.720942566653395581e-14
8.201789101399705078e-14
2.685618418040293776e+00
-3.202981913917902212e-01
-1.651654348689053905e-13
-5.565444806459464037e-14
-7.650632231711335107e-01
-1.759882306203744973e-01
2.055071199781657310e-01
-2.707690600635615397e+00
-1.095400597412934272e-13
7.642356115041663024e-13
-5.367903451537053355e-15
-2.446383556068032110e-14
8.503357470080673552e-01
-6.853366936488919370e-02
9.581282278883822279e-02
-6.472130748125624056e-01
-1.286312716745248114e-14
4.275762287110788519e-15
-7.747665259084582924e-15
3.318436124549114172e-14
-1.602492559523743587e+00
5.373955471612460455e-01
-1.679891152756454568e-13
-6.454277906038267655e-14
4.700735462454619928e-01
1.960279304032409853e-02
1.221597413003337740e-01
-5.896935096154236611e-01
8.398306106975207186e+00
4.645029753698848296e+00
4.247420388751003806e+00
1.366009098428476598e+01
1.120653834665961490e+01
4.638073246887687573e-02
4.715846429553566255e-02
1.758860571179144117e+01
-1.840348715650886868e+00
-2.805300236651179446e+00
-3.218957644058874301e+00
-2.087076957540532351e+00
-7.403399713808933136e+00
-7.110538716144175453e+01
-7.117326640602726684e+01
-1.243921520568674133e+01
2.031142254450559292e+01
-1.667464960778482208e+01
-1.625744746071724123e+01
2.067414674987346501e+01
5.862858383266128515e-01
5.370263685488545491e+00
5.322364533371331419e+00
3.568444688156874101e+00
1.087516600521122978e+00
2.254753956320513453e+00
2.684982088500912134e+00
-1.847735005939053154e+00
-1.401546991315220314e+00
1.113116470223189713e+00
1.102512406946848378e-01
-1.790760700992523935e+00
9.458029621588426750e+00
2.082428660064837914e-02
-5.347859801488510367e-01
1.080287298387101380e+01
-6.805598635235756699e-01
-1.220773883374682844e+00
-1.792528691067308610e+00
3.194091191070411728e-01
3.191426447580111869e+01
1.582196279203449629e+00
1.491892701633981355e+00
1.988710535899733955e-01
2.830611858739094799e+01
5.571874310606929015e+01
5.524322443179630682e+01
6.492360608714206194e+01
4.266585048701892369e+00
3.715326233332389982e+00
3.786022530067500558e+00
4.591170133075130888e-01
6.975701944249655950e-01
3.692073512229857357e+00
3.354174934460214530e+00
3.146879521572199856e+00
2.947215903868758979e-01
1.669970878136151082e+00
4.195916046319742243e+00
4.923154466500989646e-01
2.878345855160235889e+00
1.135706736512334530e-01
4.670991866556922778e-01
4.560326773734309391e+00
-9.461116280671650891e-01
1.942807416573798587e-02
7.705142565026440460e-01
-1.996662760778924461e-01
1.231855321972914030e+00
-1.408595035483261038e+00
-1.426337983666756681e+00
2.919473488016419149e-01
8.757795832682405690e-01
-6.879672690497710963e-02
-4.063542451203096262e-02
1.204666096081826066e+00
8.032659832103159481e-01
2.642484679320139307e+00
2.565471527345388303e+00
6.515194568575106704e-01
2.787243965989177230e+00
6.172808444329207500e-01
8.904910944520048055e-01
-1.417760990402432641e+00
