-1.652320458396986103e-01
-4.735900865530309062e-02
1.039806312771969022e-03
-1.479023744572572352e-01
3.491282355430239126e-01
1.674809029243677638e-01
3.223357814188594628e-02
-1.088845307222012088e-01
2.531732724421746905e-01
-5.483541792291744127e-02
1.782042941339113118e-01
-6.545314837552173026e-01
4.071905751838046927e-01
3.542717824300437718e-02
1.112197452312778667e-01
-5.198374036294085565e-01
3.614199584165312951e-01
2.562073059314602386e-01
2.742578543487695503e-02
5.143762139366439036e-03
1.861968171745159717e-01
7.180697148886615311e-02
-1.077570750213016904e-01
6.235043761556298414e-02
1.022718959009186884e-01
-1.646687079851280459e-04
-1.774504532345112101e-02
-1.309744097459388315e-02
4.511988818168265886e-02
6.306907263072272785e-02
8.979545901526152230e-02
4.253335830403501966e-02
2.952788274575095240e-02
-4.371851931789669243e-03
-1.034759282493187375e-02
-2.795537859273641845e-02
6.058025085604452215e-03
7.593975245897430226e-02
-3.542147190044537403e-02
-5.744344876088938777e-04
-3.850233003453849834e-02
-1.319607314284634292e-01
-9.868732129869923694e-03
1.306117833380796012e-02
-9.957803038701279474e-03
-5.084290294687928563e-02
2.283372262992647977e-02
3.266633514321250903e-02
-6.310941130096702108e-03
-1.504929608854472557e-02
6.249946124677236564e-03
-2.594405525191936963e-04
1.465418478924789339e-02
2.434076654344146436e-03
4.663271325131522482e-02
-2.928753858007214841e-03
2.660703816732677696e-02
-9.741011454452074003e-03
6.922014788500304751e-03
2.557508072736734608e-03
4.642298338271941163e-04
2.760763286118573558e-03
-4.346757611668875844e-03
1.691136432521361810e-01
1.298208184197339188e-01
7.741961586623881397e-02
-1.524952936066094800e-04
-1.881172280434471530e-02
5.448938516602305215e-01
6.918619923044180275e-01
1.313567734383733025e-02
3.464415941692541162e-02
1.520869440256195637e-01
2.923750134958589056e-02
3.441374472301330506e-02
-1.208332416056068781e-01
3.994694100020343419e-02
-1.590671917307790806e-03
-1.679282950902473426e-02
2.267287260061627216e-02
-1.477918136147612742e-02
2.168708157704907560e-02
9.005514757829962899e-03
-2.060390376005503607e-02
2.926305395692440497e-02
5.714601727617930893e-03
-2.499578256748581639e-02
-1.928908268221695213e-02
-1.341251699087558404e-02
-9.350870157770682645e-03
-2.951200795202760154e-03
-5.917702965050167935e-02
-6.004969348635947474e-02
-3.682936301351723285e-02
1.495622353754732549e-02
-2.027644300271951722e-02
-4.824629494554186909e-02
1.397813329567201140e-02
-5.067805587005896027e-03
6.100910059913575156e-03
1.856973338397522775e-04
-7.226516829727807831e-03
-1.695027181758298725e-03
6.820321792799182055e-03
-2.575635783592161374e-03
2.960480945939512193e-03
2.210575731628993124e-01
-1.279766482814749251e-01
7.091531080600091581e-03
1.237936323239359759e-01
1.237062905492136711e-02
-8.943803710754480440e-02
-1.129089933803302387e-01
-2.392727927648087213e-02
5.742846644214763367e-03
3.269410084915722048e-02
-3.816642498981685783e-02
-2.714820691705549169e-02
5.524501694432463333e-02
2.060619333667564057e-02
1.127958363881240676e-02
3.186925230835626482e-02
-1.487310230122684818e-02
-3.241875177322198990e-03
-7.101182682319306938e-02
-9.319253553392156664e-02
1.133687394389906039e-02
2.095004590095495001e-02
-4.932804518392990695e-03
1.893716580259247051e-02
5.144572451405570075e-03
-5.768425162287886022e-03
1.932352348092137824e-03
-1.412486466521821081e-03
-2.200368445135993892e-03
-1.768858915588268502e-03
2.037526648611480418e-01
1.765608470233930860e-01
-1.677551836091527174e-03
-9.315318442634870112e-04
2.196889597705119559e-02
9.044634352750064582e-03
3.314197520293685802e-03
-2.131550860600674776e-03
-3.403710939245197659e-02
-5.932177354770014344e-02
-2.887826978415122380e-04
-5.175099740717342342e-03
4.576132462177605331e-02
3.471254366138765146e-02
3.011683081875671849e-03
-1.206704087242943405e-03
-1.925962870282370287e-02
-8.224572615348478555e-02
-1.714981436698843550e-02
-7.984293018288407193e-03
-3.458804240493828629e-03
1.333295638602541126e-02
5.083727482328688832e-03
1.202870314260998455e-02
-6.901384537136109019e-03
3.556368928210039068e-03
-1.855396317886358771e-03
5.166575879569762497e-02
2.126248895753949653e-01
7.410126602674702197e-03
-2.505259612594463135e-03
-1.648413612727799536e-03
1.004911464002961746e-02
-9.848441272379032836e-04
4.687271103479486063e-04
2.048725462942926206e-02
-7.613129737993985791e-02
-3.473019154284627060e-06
-4.782658382326169383e-03
2.022891915947455307e-02
1.486515333402487968e-02
4.607938736830286680e-03
-1.526515537114372500e-03
-8.430413898148450894e-03
-6.909800965354243041e-02
-7.050860783543917709e-02
5.286480473826404847e-03
-1.550234088853836125e-03
5.670876538327975988e-03
1.677531426612503818e-02
-1.795946757208763430e-05
-5.270783386887785069e-03
5.475026064500549891e-03
1.618360357063525490e-01
2.982509116009100271e-03
1.710304890783341525e-02
-1.593174617019702255e-01
-2.119474079660515001e-02
-9.629794304515626154e-04
-5.004230415884739326e-04
2.528273193025492444e-02
-1.071727224263797733e-02
8.883607020216941798e-04
-5.013665145959426452e-03
4.014459279750223070e-02
2.701114700973139028e-03
-3.238260688534105869e-02
1.694413593864468317e-03
3.863834669671317723e-02
-2.007968575322156141e-02
2.029290157942219633e-03
-2.870289512001709953e-02
3.384201703572035230e-02
9.553939046807981977e-03
-3.570948634569641195e-03
-4.044228957391196241e-03
-5.627142901771077857e-03
9.265053778139764953e-03
-2.130265306603780669e-03
3.496567606306288093e-05
-2.233578133243145081e-01
-9.859069507764856022e-03
1.508004749825565469e-02
-1.028150562663405522e-02
2.602925721133538331e-02
-1.014988157218464897e-03
3.335248769135929284e-03
5.817129239405366935e-03
4.965051198248780079e-02
8.222808276521959047e-04
-5.170832824389152635e-03
-1.377213428284329924e-02
-1.498195907564247309e-01
-1.585731120108337805e-02
5.103919686882654218e-03
8.524387334549365230e-03
4.683720242648447066e-03
-1.968769168197781645e-03
1.311428433835982454e-01
-2.042634913626156096e-02
-8.010076963890873022e-03
-6.326978202788414996e-03
-3.641991180056184524e-02
1.586095637652111187e-02
4.653395197136871164e-02
-3.587575625951257372e-03
-5.989458470742930335e-03
2.036654148970752087e-01
3.274635904783835816e-01
2.273862520102812312e-02
1.166998182331072109e-02
1.477526478495803149e-03
4.673099883781772074e-02
1.340194306160917836e-01
-2.905701139833813951e-01
-6.458941924249861355e-02
7.691733510426901343e-02
1.572181113376388759e-02
5.369343099979272810e-02
-9.813345681259325222e-04
-9.208234345003529775e-02
-8.171483403844943816e-02
-1.070924039572769965e-01
-2.140044252167329006e-02
7.668563535952455795e-03
-6.250916782109158798e-02
-2.763635574680035553e-02
-1.055712248613457742e-02
1.411771249593860578e-01
-9.210936306398194440e-03
-2.057965028772853686e-02
-9.571072272773189366e-03
1.979182828749903589e-02
1.313281542438764389e-02
-1.063089973989718717e-01
1.445293433117140862e-02
-1.155227872999624837e-02
5.923539322404381552e-02
1.340587423861672456e-01
-1.265246137975175114e-02
3.100088920534786394e-02
-7.987024591570653087e-02
1.245884345967699855e-02
9.292029085006332095e-03
5.669862107358754821e-04
8.792297363329513310e-03
3.061885974827225146e-02
3.286127659129452205e-03
3.431840431296230304e-03
-1.831966274204998441e-02
1.159163506934707049e-03
-2.209103633980779788e-03
2.227143014456869213e-02
-2.257875703049486496e-02
-3.978363569091819540e-02
1.713122436795708192e-02
-2.408982513300282971e-03
-2.549031784647266211e-03
-4.037241662153777562e-03
5.863746695643250878e-03
1.965703801691504049e-03
9.442447321673738680e-02
1.028419980716663157e-01
8.193779104313209105e-02
-2.080889126329785732e-01
-8.694796389158166924e-03
1.930543380670881048e-01
2.774643328067917247e-01
7.738367443848959137e-02
-6.893032462127966428e-03
4.960353027822921035e-02
9.228894004839716808e-03
2.674637748251730562e-02
2.079018193683833480e-03
-2.702160976211082782e-02
-1.323369052945359836e-02
5.674639418728501077e-03
3.081442600355940517e-03
-8.891956436300692962e-03
-8.103305133451397385e-03
4.287160946838350362e-02
-7.735179681975784885e-03
4.705097318409108206e-03
4.266055253437604604e-03
1.679770321430967047e-03
-1.520645949249648798e-01
1.149159528336152064e-01
1.031614892232788905e-01
8.304198332183281017e-02
1.803626926319046864e-01
-4.060229207219005071e-02
-1.211100706479211059e-01
5.418023173769991735e-02
-3.983098724736662266e-01
7.738032472446712551e-02
4.345531442442265163e-02
-1.522807613512298652e-01
6.248125642499878507e-02
4.234754907546971897e-03
1.168068323646687806e-02
1.773027107387647461e-01
1.401303015015121223e-01
1.392779714303419292e-01
2.783161156660125812e-02
-8.203760232817327094e-03
5.520704254499395926e-04
-1.820195552377251377e-02
-4.378628763213239516e-02
5.267743947790901049e-02
-7.041301644308065044e-04
-3.088677448741668913e-02
-1.529252684853920578e-03
-5.538435367105953681e-03
3.889591136855079234e-02
2.347097034966995344e-02
1.492378894733595480e-02
-5.630683778322468150e-03
1.999028495256773702e-02
5.677271350276536302e-03
-1.889398810931071371e-02
1.530617795647900084e-02
4.898598103531490340e-03
1.481326000345469136e-02
5.079505502275639267e-03
4.719702186239015627e-03
2.387099243009577904e-02
2.233350805499285247e-02
3.481296601478601777e-03
-3.332408839036382717e-03
-6.191182566208009884e-05
1.649888027470331614e-02
3.951455003614087746e-02
4.609473839965016161e-03
6.048924614246224685e-02
7.108315194095933542e-02
8.185308132324081720e-02
2.560400888391264895e-02
4.064288218636740325e-04
-6.349673182253995005e-03
1.803061734042842252e-03
-3.319149369374129778e-03
6.973275981766544063e-03
-1.265358429670771293e-02
-4.033599160148900603e-02
-3.982643729728826271e-02
1.246822812270188992e-02
-2.199947512998809071e-02
-1.114382347688761682e-02
1.452670323219173087e-03
-6.217535231483284353e-02
-1.053592336118212985e-01
-8.186616116488036610e-02
-1.247731827544202032e-01
1.251532145377836636e-01
9.501698044517262187e-02
-4.233638737292572118e-02
-9.010750249740732964e-02
-7.101967494339160580e-02
3.351940800475824707e-04
2.142914941655825120e-02
-2.231527054841251356e-01
3.044018055511488099e-03
1.566885525827319686e-02
-2.453143672323773727e-02
-3.226335120491059111e-02
-1.576182413843975338e-01
-6.013017145924916262e-02
-1.105376608962494595e-01
-2.454463016897792116e-01
6.722288455893588380e-03
-5.662262485191458389e-02
9.300301472489282475e-03
-1.842447380197272111e-02
7.037381389191668148e-03
-3.402969775780943004e-03
1.173923931868916561e-02
-5.402969772906995004e-03
-1.580202550299699901e-02
-3.087636257262699538e-02
5.234650062640712476e-03
2.073475717429913365e-02
6.466873306165991930e-02
-1.527330947134740713e-01
-1.160203291047723628e-01
3.265799696535248708e-02
1.549793550745392871e-02
-3.434951277720281471e-02
-7.075275135951321348e-02
9.430571630111246606e-02
-1.797825373176458602e-02
2.776481531846640080e-02
-2.379386497358302113e-02
-9.747395545825196517e-02
-5.945107691426130582e-03
-1.427242739516195250e-02
-2.500596435781237553e-02
-9.220290443685883949e-03
-3.215791444979055475e-02
-9.823548472639881748e-03
-7.427464498416627356e-03
-3.135714842886834497e-02
-1.139298380673894710e-02
-5.897729631042122195e-03
-8.690749246752352275e-03
-1.373305756395452361e-02
3.485569532062603865e-02
9.799803419810274377e-03
-7.182016761080387002e-02
2.373982619548537995e-02
1.284430591123633669e-01
-1.649111610998470201e-02
-2.298608297242692861e-02
1.273131861221346306e-01
1.585011930372664732e-02
8.430104796713798129e-03
2.596710106880254984e-02
-2.346193001002605874e-02
-1.817983204021509508e-02
-1.964876717945515314e-02
-4.441956810682088502e-02
-3.684663311808902803e-05
-2.240110097559718655e-02
-1.663258744731542201e-03
5.532378361084710344e-02
-1.679978811690363907e-02
-5.599489975370282834e-03
-2.223581480306946814e-02
1.570214420444933324e-03
-6.063767533249122665e-04
1.300272848625017019e-02
-4.679313250765291393e-02
-4.154109586659191639e-02
-2.465711046098431614e-02
-8.123344223695530206e-03
1.388227444868321905e-02
2.731182025414610401e-02
4.802474095441563312e-02
1.356197383005986780e-02
3.019620214492396704e-03
-6.045780406008104471e-03
3.119293153442963176e-03
-9.794494143792012442e-02
-1.664742249315925848e-01
2.854924016012185262e-01
-6.260954014332455186e-02
-1.081111535792146222e-01
-1.032482824528380139e-01
2.359689082168717894e-02
-8.572174986274962161e-02
-3.360943134179036895e-02
2.565739229353886184e-03
-2.306202127816434078e-02
-3.155390365327732927e-02
1.534614243354893819e-02
1.134148434046659409e-01
1.397542165912595558e-01
-4.445959318900642721e-02
-4.529503133413433774e-02
-9.013325189205096885e-03
-2.909616212262963741e-02
-3.217360522358702485e-02
5.222791878432374302e-02
2.674697204407133072e-02
-1.152604653569163154e-02
3.578183279346015822e-02
3.818835781518253403e-05
3.037822339754754075e-05
3.276628591637365147e-04
3.818835781508046317e-05
-1.185777378615168742e-02
4.882902886516533175e-02
2.986843118958977094e-03
-2.074604806089374101e-02
1.363047796735626587e-05
4.154595989423064172e-04
-3.296573247813931281e-06
1.363047796702061043e-05
-7.446996320023367179e-03
9.117040615306042312e-04
-5.817911681989916409e-04
4.056329006674672111e-04
-2.140336548286243291e-03
-1.588200180181356322e-02
-4.352095158841468719e-02
1.376107068166837954e-03
3.275979412302862381e-02
9.368488173430362942e-02
4.773168299967846945e-02
-2.439981486652825424e-02
2.448594952529204241e-02
-2.692608962595948591e-02
1.868887295414759994e-02
2.672251392348244659e-02
-4.146870815528267556e-02
2.144746703327428394e-02
-1.259873634408957121e-03
-2.397201703591653210e-04
-6.461137407312416911e-03
-8.564691236056002147e-03
-3.103288635263596121e-03
-2.212340680665467879e-02
1.221786100104200155e-02
2.474978490327557818e-04
-1.068178583536987750e-03
-1.792784738174874049e-02
2.371580963619764060e-02
8.530159753435149822e-04
1.107528250259577342e-04
1.376955241503720166e-02
-4.201051881568803117e-03
1.011788099130068487e-02
-2.403881292566215685e-03
-2.785652807611144633e-03
-1.044321091752318381e-02
-4.427356835755994272e-03
-4.160334280713012117e-02
-1.658379686572004214e-02
-3.923536624459167572e-03
4.659906718344256765e-02
2.408993594290955928e-02
-7.308822356516319479e-03
-5.460666470144072198e-04
2.020681809833764692e-04
-1.368341871980074649e-03
1.041165218421069398e-02
-8.176050659438063861e-03
2.981944284194770409e-03
1.364330168274783346e-04
5.378464303944902741e-02
-3.134208862116620153e-04
-4.509132182193317621e-03
6.798063397656599512e-03
-1.514554872725521785e-02
-2.010305029418100759e-03
-1.505969223667387100e-02
-9.564771900904557242e-03
-5.968816602365491220e-02
2.665963842681188384e-02
1.221217673054217634e-01
5.635314358003477159e-02
-2.082048210074214159e-02
-3.955912773988431302e-02
1.115203661885064146e-01
-1.629656223311475721e-02
-5.808557628178784987e-02
8.489392146454763854e-05
7.128932283222629007e-02
3.288117532426285128e-02
3.032320293329241953e-02
6.849445317773784903e-02
-2.109778480918932109e-02
-4.988725686995180292e-02
-1.214648900658501091e-01
-7.759224480516914435e-02
8.042007902389555762e-02
6.487423485270228489e-03
-5.801375699416684573e-02
-3.673229240222564140e-02
3.996276532546785137e-02
4.155126414230569942e-02
1.938461031544616922e-02
-1.735635791980795137e-02
-5.307071239714132582e-02
-7.932393781496419050e-03
-7.365978982151334675e-03
1.305489226237900764e-02
-3.169851561148415153e-02
-4.922605645322261636e-02
1.914497860340309485e-02
5.920354413360336479e-03
1.273117020524922559e-02
-2.682583920900471694e-02
-7.888204168364729499e-03
1.134735028020995851e-01
3.459749606154775836e-02
-9.971035532586670913e-02
2.854185266404724378e-02
3.786335715449720132e-04
6.296601499511637889e-02
2.508357903520752261e-03
-2.823691131932882722e-03
2.445580049477848184e-01
7.765161837886919161e-02
7.561513198690575366e-02
2.351099116928790644e-01
5.350167600617809771e-02
4.471289422695114840e-02
2.838086108270186994e-02
3.809940021524785975e-02
3.686611172082178423e-02
2.473835959158775244e-02
2.729564927884205183e-02
3.441778247635970955e-02
-1.056763431985219097e-02
3.146878654305002021e-02
-2.378833149089307902e-02
1.132095199024253825e-02
-1.111869706690913895e-01
-4.079966496749985738e-02
-3.000603447616191286e-02
-1.429756911592404145e-01
7.474765811960092446e-03
2.544667033455180055e-02
5.851033562450998898e-02
5.044038647381359625e-02
-2.389496687763378521e-02
-3.042951125091867322e-03
3.471287692731851900e-03
-1.990248919626673874e-03
6.553912377879734890e-05
-3.158069503918758177e-03
-1.005253470506228125e-02
-8.149840992708143328e-03
7.885548145835455727e-03
-1.282466172110718157e-03
-1.295222980265125752e-03
2.054226903345861364e-03
1.070344354845000762e-02
-2.653357886351983413e-03
-7.071403840409304191e-03
-3.179379833302462596e-03
-5.985914895128248599e-03
-2.720984377604957274e-02
-1.572026348132462767e-02
-2.394653658770506954e-02
-7.458323640870384965e-04
-9.971483962764086072e-04
-1.985291447554872468e-02
-2.277906724871812255e-02
7.767967056199774623e-03
2.596094238266051599e-03
4.812346244020922724e-03
4.960726564514061736e-03
-3.164823023332756502e-02
1.591370007318576932e-02
1.367528581841376267e-02
4.081028437006090775e-02
-2.818760340241600534e-02
4.124078038441526123e-02
-8.776127201967054404e-05
-3.202113847914668954e-03
1.284551529126611719e-02
-1.554003173393402222e-02
1.344285044520470047e-02
-2.760988357050718489e-02
-1.055990727634216822e-02
-7.287176634948562721e-03
2.675819318952721293e-03
-1.901984150137443720e-03
1.036059672715363388e-02
2.392697776549517451e-03
-8.285103026354921976e-03
6.977889013119570674e-03
7.428949770451072528e-03
2.324901274689500624e-03
3.106148423884087968e-03
1.165928280881606272e-02
2.123459664034285307e-02
-3.804922251210823836e-02
-3.541721283371310636e-03
-7.440395365728457756e-03
-5.807160129775888399e-03
-6.511019376764693063e-04
-3.269038447203885533e-02
6.756202084472359877e-03
-1.538420542089862786e-01
-1.898008556926356755e-02
-9.148626351461691328e-03
-5.366637844322338230e-02
1.756339412088569751e-01
2.122529161344136137e-03
-1.051540275916179427e-02
3.158969849694764215e-02
-1.857403701411526262e-02
-6.735312828947223607e-03
1.022294712258505845e-03
-1.101020521041729677e-02
9.876260290054236779e-02
8.477889409118784594e-03
9.660102910363812384e-03
3.578496008293453184e-02
1.615113615817047798e-03
-1.314775864684023833e-02
4.221785073499354640e-03
-1.745417348395834553e-02
9.568045956419532830e-03
-1.138044145529122121e-03
1.149503045266636131e-04
9.292825934847407168e-03
7.863189788710289382e-03
-3.408343755267943115e-03
4.988559502838138364e-03
6.429433473368577345e-02
3.142628845797489079e-03
-1.578474992630677590e-03
1.037728484946238462e-03
5.342712023363611201e-02
-1.159510526406646175e-01
-5.994906213788815663e-02
-2.273113821721875483e-02
-1.118557164654307018e-01
1.518030270161123581e-02
-4.435262843934559968e-03
1.475210681942669064e-02
2.856366403825308722e-02
-1.806101631764516630e-02
-2.402309591110015144e-02
1.262157059513692101e-02
4.758067349600114855e-03
-1.675890483413168541e-02
-1.409612090738503534e-02
-1.186208518609969216e-03
1.093610955163556997e-02
2.488120440745240219e-02
-1.867145879131756284e-03
2.779553865155727260e-04
1.881763678307753901e-02
1.313275368909782746e-03
-1.910700114707982898e-03
-2.143047085513065083e-04
-4.704005024306253009e-03
-3.475217542736567990e-03
-4.783067882041254601e-04
-1.226408298655843503e-04
-4.065175432760591984e-03
4.870239291739802620e-03
6.133443862952863822e-04
1.742247136462410318e-03
1.211608284103439515e-02
-3.351636802041573632e-02
-1.032135872851071040e-04
-4.804051942251320634e-04
-5.423927581944359283e-03
4.526226601946247569e-02
-7.933976695619429382e-05
1.608053566790348509e-03
-3.277976883429737504e-02
-4.366822121149516005e-03
1.027836140206324703e-03
3.477588120958358814e-02
1.061811149205813508e-02
-8.559144674275979969e-02
-1.494295554281186052e-02
1.132744179677707408e-01
2.548214293179191375e-02
-1.581909777889363216e-03
-8.209956923544764126e-03
5.585030443584540136e-03
-3.422574031888601844e-03
1.227337333400182334e-02
-3.975555472710358244e-03
-1.532315566525349337e-01
-6.331764503985909398e-02
2.736942027723299545e-02
-2.656537256313798358e-03
-1.410210960230986466e-01
-4.003344438658721499e-02
1.544353317472305608e-02
1.718025189035201142e-02
1.120385298589788615e-02
-1.383710637644923371e-04
6.442676201417234239e-02
2.116177741349562977e-02
6.379771834428645981e-04
-2.258646306600402623e-02
1.861271197817942341e-02
-2.589946507827855030e-02
2.973363050399393040e-02
1.810100552209161244e-03
1.296096502665322961e-02
-1.483205323600065954e-02
-4.057788369070501611e-02
-2.556567746800646190e-02
-8.785437609090424038e-02
-2.324563655737284240e-02
8.435775706887154238e-03
-4.421496373033270005e-02
-5.807462500622076473e-02
-1.387787796147810747e-02
1.130671138083653646e-03
-1.872078408590745549e-02
-5.144785684332553975e-03
-4.705691346591356003e-03
-2.463792999597501018e-02
-2.811016729795617203e-02
2.523436115080197103e-03
2.613103949360359723e-02
-8.370714671417737182e-04
1.761312676610593628e-03
7.320638776183284284e-03
6.034201085530805850e-03
-2.218464136562084410e-02
-5.071998356035996997e-03
3.907081734175254194e-03
8.625002344301833674e-04
-2.399443737822452242e-03
-3.929358420619585152e-03
-9.252512757765549156e-03
4.619571099297694466e-03
-1.721700563539057703e-03
-1.608715783771326110e-02
2.472466391903164681e-02
-2.546411428475148318e-03
-1.176913927956784421e-02
8.687327026922989776e-03
8.491699056247458202e-03
1.688726613006527903e-03
-1.336847066201418167e-02
4.540925445653551731e-03
4.230033655704480700e-02
6.443626618696318177e-03
-4.299120924549671569e-02
2.815300236107685927e-02
-4.812625670028956859e-02
-4.055237649657310317e-03
3.668572494099190100e-03
1.094934154249365896e-02
-3.094706348931124790e-04
1.076696572059909459e-03
-1.164294823963302579e-04
-1.452407581915679449e-03
2.820539105784921133e-03
4.106235518764800828e-03
5.506359828747214467e-04
6.714268923535179066e-05
5.414759342770411366e-05
-3.148197029967473855e-04
3.107206010454408685e-05
-4.050308847931377533e-05
-1.239843337988519192e-04
8.462818664682956018e-04
8.229969582441950312e-04
-3.053982857527369216e-04
4.330799924886780529e-04
-1.231585880480387269e-03
4.931491916124246212e-04
-1.099631406730564053e-04
-4.567158553273371218e-04
1.200217918407998257e-03
2.693969414751020471e-03
-4.463972796281075769e-04
4.061717721486297417e-04
3.169169188118839842e-03
1.391325800778559114e-02
-1.939825384942559005e-04
4.457273912011064203e-03
5.468589377288654574e-03
-8.395814903437953496e-05
5.419347132639298990e-04
-1.199368028107103759e-02
2.232428835926029967e-05
-2.131345828665316688e-03
3.294346594391652297e-03
-7.523971849854273718e-03
1.700652640038341143e-02
-5.225403739986445723e-02
-3.507733981597893538e-03
6.449883416480291882e-04
3.448834102592673173e-02
1.084268394953416814e-01
-9.296949454982605943e-03
7.813771763419503913e-02
2.217716347874209432e-02
2.645519019971948743e-02
9.889552442071304628e-02
9.288065785127817440e-04
2.779512797174701205e-02
1.111488869574021182e-03
1.261994235502091359e-04
3.941357954241650040e-04
1.695401485767999636e-02
6.403059011991145411e-02
1.641699528518550692e-03
3.793957245812509121e-02
3.744844839104876505e-03
1.850909244068993029e-02
5.732821911743798959e-02
-1.625911754040535373e-03
1.049610026854486166e-03
3.279011802321267228e-03
4.781553529523166653e-03
-4.472514408104202865e-02
-3.108950665136368113e-02
7.415041097836604089e-03
3.358864657857772197e-03
2.660962706509648751e-03
-3.017439947505494435e-02
1.692594347409441882e-02
-1.568325407212652024e-03
2.955045371940117141e-02
-1.869694450665876709e-02
-5.243341887132121210e-02
-1.065335880168825390e-02
-2.164417683285773525e-02
-3.907746594278266317e-02
-4.924803467429668402e-02
-1.088038818710919571e-02
-9.876938719226324367e-03
6.619158590453597460e-03
1.368643736343091132e-02
-9.230346917298801537e-03
1.226317344615151551e-02
2.058217125294061617e-02
-2.196393217369136189e-02
9.133427630716532339e-03
-2.689969449778776764e-02
1.431867835170604411e-02
3.504944979925315660e-03
-6.106660463509581277e-03
-2.857845797369236440e-02
4.376391811555027916e-04
-5.068882388787265651e-03
-2.833457215205843066e-02
1.497871394333692187e-02
8.317293547167387696e-03
2.597584225147617134e-03
7.070445134351676340e-03
1.224861437386859581e-04
3.856269272898419417e-03
5.027772785763112359e-03
2.222416163429142080e-04
1.557175970601122747e-03
3.100728808636621717e-03
-8.161211778906288239e-03
-1.427019554406456191e-02
-2.265782808241182571e-04
-8.072767777584713422e-03
1.444327237800500290e-04
-9.087570249244079153e-05
-3.906952964517825953e-04
-1.429734453400844426e-03
1.164324899907501210e-02
-1.995546167993190653e-04
-1.661045822030673191e-05
1.634644289526311980e-02
2.733759277362174736e-02
7.347361644858744047e-04
1.440437736173288052e-03
3.234759796494608014e-02
3.695430211760020959e-03
2.937525341014037721e-04
-5.861196172873891358e-03
5.637806624546454898e-03
1.659277030069948936e-02
6.223667465014258438e-03
-2.294533723056444569e-02
-4.883491348228465728e-02
-5.993076303348184031e-02
-1.066269193331755710e-02
1.102283882578665333e-05
-3.785282754680501655e-02
1.276400410058810449e-02
7.332367418946891943e-04
1.261506256983190933e-03
4.011874648980246622e-02
6.556289750744047524e-03
1.416375578927050278e-04
4.571005980175104656e-03
3.049156069624058604e-03
-1.049703284795205352e-03
-5.194789434886696970e-03
5.651982266405698035e-02
-1.943784236258933040e-02
-5.464193705605806251e-02
-4.148673667754274041e-03
-1.584371642379016343e-02
2.005317422158232367e-03
-6.629225933123462054e-03
1.395594264679988648e-03
7.664686236877303778e-03
1.638070853280852723e-02
2.111397583680596577e-03
9.434700981798485250e-03
-3.832012739761043313e-02
-2.391281566187418114e-04
-1.922288719334344989e-02
1.155789940077250715e-02
-1.964196516026671044e-02
-4.314157463157384999e-05
5.184052824535360753e-03
-3.263303297985762318e-03
-2.721864904462277177e-02
1.075361355958195410e-02
1.661775917501702796e-02
2.551185836779838647e-03
-5.671860044642612619e-02
-3.957903028129647512e-03
7.651650591848543556e-03
-1.079064482407289353e-02
-3.427055254803529002e-03
-1.364020883202116639e-02
-4.227750611524533873e-03
4.203365863760916664e-03
-1.377855531012825603e-02
-2.991883507623357974e-02
1.820887821994912007e-03
-1.422651623703439843e-03
1.494471618575285952e-02
-6.840014408442232456e-03
1.264809941868604189e-02
7.050682441334971996e-03
-8.385051333688496242e-03
4.768616134828761698e-03
4.861193896866139279e-03
-1.305326061925579650e-02
6.408264796601390034e-02
6.685517146617222899e-03
-3.675074818960743367e-02
1.606895385334177265e-02
-5.027363694423647895e-03
2.250427006225288237e-03
2.107306562409024496e-03
-9.972617866595869310e-03
7.901662945507842428e-03
1.652824656827983282e-02
1.954247384464475462e-02
1.249527880897641392e-02
-1.579767400903448263e-02
-7.061817275522350450e-05
-1.671976724227338621e-03
-8.384508243379933980e-04
1.633184554653745657e-03
3.844498322746475066e-04
2.713173533571542131e-02
1.619088594271411892e-03
-3.159971495268703787e-03
-2.543236557194920779e-03
-9.441799110167303571e-05
2.429445047034229505e-03
-1.857945398069622356e-03
-5.071788762621460157e-04
5.237336212987394636e-03
-4.353022680286602018e-03
2.066659985405793626e-03
-7.049101123950940982e-03
-3.855356432629753523e-03
1.000203393636011316e-02
1.478348229365255770e-02
-1.417497820926115698e-03
4.476398713688743008e-03
6.137098492022021769e-03
5.738521436610133364e-03
8.200066572487610264e-04
-2.722484033400818845e-03
-1.518822718131473742e-03
-2.733838140588648949e-03
-1.644812269365158314e-02
-2.490241756632352241e-02
-1.025015382873977095e-02
7.553965377163082175e-03
-4.205933829015410380e-03
-1.962619061414401424e-03
2.892207810561413499e-03
2.401766177218769231e-03
-9.483165203972540895e-05
3.570038843952716943e-03
1.030266839957673375e-02
7.101076343094900149e-03
1.605596378052626897e-03
-4.788904535691497315e-04
1.841179516738468934e-03
-1.247284134544899940e-02
-4.824266794753300294e-03
-4.169688305882434352e-03
-1.735847512474747098e-02
7.203038835146734209e-02
-2.293511780278296216e-03
-3.997985779099278054e-03
-2.964868966077672998e-03
-9.172941400572544529e-04
-8.163483049670943814e-04
-1.487175853297805980e-03
3.552822490246634163e-04
6.443958926704683107e-03
4.941448276796064562e-03
-1.438521747688588891e-02
-3.370743252906493320e-02
3.454324862911169539e-03
-1.374873933050839696e-03
5.599253259605354444e-02
-2.141165538342712782e-01
-2.712808763210016599e-02
-9.834611878990770842e-03
1.833324108389427221e-01
6.137289742663574327e-02
-5.222664087410075484e-02
-1.556591189323353330e-01
1.547380760719382353e-01
7.295209925942416906e-03
-9.704040081311081714e-03
-5.869017294648391433e-04
-4.844192596835181913e-02
1.705615914225454277e-01
-1.208694386080624295e-01
-1.171390103207298333e-01
1.129848560939262364e-01
2.698056217422806907e-02
-3.582045298168912845e-02
1.642015658853127752e-02
-1.870945923305298783e-02
1.942674224008405504e-01
-1.883080934898763992e-01
3.398018952559769268e-01
2.446185367431715722e-03
-5.842797281786132890e-03
3.728009762482726447e-02
-1.357346551043745186e-01
-7.800733282101664744e-03
6.633540676294903682e-02
7.475023351097843938e-02
-2.388552211127200481e-02
1.200735723642289664e-02
-1.166760874173661776e-02
-8.604062269561509393e-03
-1.985612272498006592e-01
-5.483051538715350004e-02
1.600300789712567340e-01
-4.428138417115482645e-02
8.447606211511990079e-03
-3.474757512883553529e-02
-3.494990459934281535e-02
1.587958424464269019e-02
-1.281259425397853757e-01
-3.327165405311967306e-02
4.186086501359093798e-02
4.492343773408326302e-03
-4.680620677876558625e-03
1.777413311691852273e-03
-5.966068629428445281e-04
1.273688591532691353e-03
-1.098867230510568242e-04
8.530928585131902905e-04
3.280186417365797344e-03
-3.227946657776965475e-03
5.487670277397706416e-03
5.918648026350375319e-04
-2.788075219074239164e-01
3.318701001313084480e-03
3.289657849703725868e-03
-1.150671185496772719e-01
-9.218373950092224878e-02
2.400803970079480251e-03
-8.431247329715884156e-03
-1.598858368787734741e-01
6.066837049247010821e-04
2.605983601149517619e-04
-6.258393306760396877e-05
-7.535409431172403194e-03
-9.305343251437468927e-04
-2.339864914134986984e-03
-1.543741433612782349e-03
-9.722687173235826765e-04
3.940604088927308554e-03
-6.984528952573757334e-04
7.510325464514169304e-03
1.085260709351859067e-02
1.833694181697888612e-05
-7.614393009963481111e-03
-2.796319624451273477e-03
-1.643123432115290567e-04
-2.535476384847392718e-03
-2.698555411271255384e-03
1.460126626926298507e-02
8.548297457979701312e-04
3.091465602158816300e-05
-4.934734493681121754e-05
4.495722133550050965e-03
2.891105031596302006e-05
6.637716603818906219e-04
-1.189897497657297840e-03
5.220734543023584960e-04
-6.067301963093811069e-03
-3.390218556073892517e-04
-1.566353338234112436e-02
-4.529655121693469157e-03
-7.632547618482354520e-05
-3.489435604760376882e-05
3.175973578255559225e-03
-5.262586410142947035e-03
-2.038300402250959372e-04
-1.341793195615687863e-02
-3.988531063432388703e-03
-1.833724616855634832e-03
-9.620616106843686913e-03
9.672115783696458649e-03
2.092634108270870034e-03
7.407471955626793733e-04
6.411321560312257736e-03
3.051196700480054871e-04
1.409718004410373884e-02
4.076689609520538736e-03
6.869292856565688700e-05
3.140492044173729362e-05
-2.858376220427891797e-03
4.736327769121726622e-03
1.834470362035488873e-04
1.207613876054126727e-02
3.589677957090045991e-03
1.650352155171860066e-03
8.658554496159738892e-03
-8.704904205322478924e-03
-1.883370697439986936e-03
-6.666724760111740434e-04
-5.770189404271821101e-03
5.273371632721197272e-03
-1.172132515073786565e-03
1.706836564252344922e-03
-1.105075123989225638e-03
6.622595093518676528e-04
-1.788768777427361028e-03
-9.993363455307510343e-03
1.592427356083250551e-03
9.537249228828358072e-02
7.733988229869289202e-03
-1.269690636279597884e-01
-1.619843074028056995e-01
-4.695062718161851882e-03
7.961266746129231145e-03
-2.087563317468816592e-05
6.866136979917747407e-02
2.580156369942819827e-01
7.868130739793828543e-02
8.285790333279138831e-02
7.743099532112342198e-02
6.114016327351726870e-02
-1.891717157929791171e-01
-2.088236003229120355e-03
-1.902318483112138249e-03
-4.672578951363680344e-02
9.085936111138674665e-02
-8.925227964561022187e-03
5.594697204012959169e-02
-9.190211126132967132e-03
5.568226145361951683e-05
7.383103039187808182e-04
-1.031671734543881946e-03
1.081386758926016281e-02
1.920142211970516516e-02
-3.086396275907751221e-04
6.302432121851221994e-03
1.488894103743750377e-02
-1.247479574758645661e-02
-6.344286711757875924e-03
-3.757256757775311409e-04
-2.273096112187784901e-02
1.559754666965637582e-01
-1.604391712339130541e-02
-2.891618975345727413e-02
1.202823605710475613e-02
4.727593007641474332e-02
-2.218917636085756054e-02
-4.229495676131649583e-03
1.429366361064324546e-03
1.183358574324857443e-01
-1.630410201770260761e-02
1.354519419669461544e-01
5.566902042015464333e-03
-7.063152282715287437e-03
8.225142671326169524e-03
-3.041498352283830697e-04
-1.934523298111006165e-02
-7.269170958656230933e-03
-2.063288172010755542e-05
9.737732090233648490e-04
6.539826351198104772e-03
5.789605047369699928e-03
1.294023040118047821e-02
1.380272793643408033e-03
-4.406555902120312847e-03
-1.299086220421513498e-02
-4.029021461588564931e-03
6.614552408340578470e-03
-4.172855098806138238e-03
2.518300131722704324e-02
3.742098041349417592e-02
5.047454488230087265e-03
-6.484705871076555835e-03
-1.628404077808196515e-01
-1.302129275017923152e-02
-7.766069143013534023e-05
-5.146095210838864259e-02
-1.111970879836668771e-02
7.735038401189855929e-04
2.798248945710009577e-03
1.898550460936788281e-02
8.004791005868799880e-02
2.986568751631708471e-02
8.138803117300909393e-05
-1.613638583346697908e-02
4.600037073881151073e-02
1.110970439600635074e-02
1.329208728941145244e-02
-8.073242398025128053e-03
2.351142693099985692e-01
7.589532109592671272e-02
2.822266548028058188e-03
-2.298562734811325503e-02
-1.856765123535095152e-02
1.825077594309887710e-02
-1.333712863126470909e-02
-3.788531820337394732e-03
-8.572667102834019559e-02
-1.503505472740564175e-01
-2.731684304714063552e-02
-3.152429151716179545e-02
-6.562271180598217533e-03
6.060849210327395875e-02
1.890488413994893813e-01
1.499840130382988808e-03
1.014801934497350694e-04
-2.303615250363115485e-02
3.053398043449723990e-03
-1.465723914787014741e-03
1.115061540207158350e-02
1.302829583242404859e-02
1.236777893248724601e-04
2.052690156639727908e-03
-8.887155043427813483e-02
-3.042565254384104190e-01
3.146531483582890726e-02
-7.932765468424720495e-03
-1.329943880477304661e-03
-2.022586101297506669e-02
5.252329911431733583e-02
-3.663826650459925632e-04
-3.622624158352534605e-04
-4.018729797942289031e-03
7.779706029384531214e-03
-9.753077313009540566e-04
3.043465932745312167e-04
6.281947745411410079e-03
9.662831341241133638e-04
5.210432861492074160e-04
3.875698547698597229e-02
-8.858200700712799691e-02
5.780084997734893405e-03
-1.223567296491721509e-02
-8.344738329042729330e-02
-5.193664700062616824e-02
-3.293119312823286540e-03
3.821626941815945496e-04
7.995869484966630723e-04
5.672303249055806428e-03
-7.499597914648284402e-02
1.099361094202360237e-02
-2.717272012174901889e-03
-3.135537451896242556e-01
-4.057918520992280335e-03
2.292365531993565612e-04
4.255368706580630743e-04
2.339487664026134763e-03
3.858856029635366475e-02
2.373419287974738983e-03
7.366685443075609392e-04
-8.889456519053204331e-02
-7.925218124793130536e-02
8.120906975271294931e-03
-1.627480976037178617e-01
-3.801262450777826655e-04
-5.215694823212960142e-04
2.025146036638442171e-02
-2.765298445186487389e-02
9.322813661172760094e-04
1.637109498599064470e-03
2.372781742274562497e-02
8.079552450744495809e-03
1.443648604494147296e-03
-1.074042846402432612e-03
-1.105560736606033987e-03
1.044524094385778181e-04
-9.013698152001198738e-05
-1.422346341649402893e-02
-2.406081007490037255e-03
-3.103745171615869200e-02
1.170155601576196996e-02
-4.175240952010113304e-03
-6.528439853725950641e-03
5.755491894226661201e-03
1.102532005651288500e-03
4.729186775608908849e-02
-2.814824891117561831e-02
-1.327256144496370416e-01
-1.004105747397013582e-01
-1.234201764380490896e-02
8.580918087427214652e-03
1.660351307213794522e-02
-3.687565835591432271e-03
2.065087359268873435e-01
1.363920566605134610e-01
-9.390295286929093007e-04
-1.213560680192416093e-02
1.945895242365264580e-02
-3.571384896668978581e-03
1.971350503955698809e-04
-1.383226269386287569e-03
-5.034667742331655829e-04
-2.215301373184082464e-04
-6.187345647413187207e-05
3.220212436857580675e-04
4.479396825273155441e-04
-5.742391266702058343e-04
1.633495368333722246e-03
1.904604137317229134e-02
-3.569293975370841504e-02
5.983538930345404065e-03
1.498775806005224953e-03
3.788672427476746148e-03
8.473768366716905335e-04
4.454811774986192497e-05
-6.400167824616498683e-05
-6.334766912136521834e-04
-2.578960409276097321e-03
-5.386775657515456908e-03
2.203343627136248109e-02
-4.026045071294009209e-02
1.549076775693250226e-03
2.394920772952227432e-03
-1.129150737218682574e-03
4.959213614271766775e-04
-3.387758059879328321e-02
7.083238122486565369e-02
2.314374747665975257e-03
-9.727439807082426115e-03
-9.910786972374732370e-03
-1.471078249688288720e-03
1.561246906302899773e-03
-5.205534912722319107e-03
-2.720073776003246405e-03
2.347370776412893278e-03
-4.538420677378850535e-04
8.728204129558353452e-03
8.750263901056425098e-03
-6.905068671173513568e-04
-3.769598938417028852e-03
8.497812132674918348e-03
7.649635430147885308e-03
2.420658621277237566e-03
-3.483753405336651419e-03
5.305259799584823369e-03
-9.531161698599239238e-04
-2.311664297129697749e-03
-3.061884953007043981e-05
8.837542297407632473e-04
5.791873257979945899e-03
-4.781580984656444606e-03
1.375959028234382056e-02
5.083530674264333769e-03
7.312841783048385294e-03
7.391609799551624067e-03
-1.346455531958952977e-02
-1.476368678314895003e-02
-9.442833620746294079e-03
-1.356720028952093930e-04
7.552023229804988129e-03
-4.095584410175703849e-02
3.905249906267349753e-03
-4.588993360326758947e-02
-2.035416336520707442e-02
1.272104735603079607e-02
7.838547134934659155e-02
-3.872129669844973521e-03
-1.885579036085002769e-01
3.591097881659929825e-02
9.347887251760736860e-04
3.630269180810763441e-02
2.122294179299472755e-02
2.646153119943144838e-01
-1.093543172461291652e-01
-1.174454111049468355e-03
-3.747160599839523959e-02
1.330739773466257415e-02
-1.072100808599417470e-04
5.813314745935668250e-03
-2.788240455619334784e-03
5.367477759101781792e-02
-2.438475657256093665e-02
2.474552399239209888e-01
2.117329644625287610e-02
5.484349846448919978e-03
-1.218181882849788105e-03
-2.764034821444678200e-05
1.580911405248111058e-03
7.298761771341233905e-03
-1.259631470862083991e-02
5.069163920478666607e-04
3.224205496851699493e-02
8.085747017349591281e-03
7.430719936318214494e-04
-9.903355845622139123e-04
2.224623570070909107e-03
2.641660030572237083e-01
1.749653407080983478e-02
1.294344857163538505e-04
8.576825351398732755e-02
2.218137744032993436e-02
1.745887354746613468e-02
-1.984177565003437602e-02
-2.071980505414021054e-02
4.021862750554575918e-04
8.764075206027422196e-03
-4.446354229946345403e-03
-3.231963414685545821e-02
5.447930524829561021e-03
4.735990036445727330e-02
9.628167158892452990e-03
3.669123276420136175e-04
2.206667644393545732e-03
-1.216231066627106172e-02
-9.910056409620556644e-03
4.080936619318491741e-04
-6.002524375208653611e-03
3.792838652385943643e-02
-7.922805004997073713e-03
4.789268004280690556e-03
-7.731834268545895303e-04
1.286826665944281519e-03
-1.682315039302896900e-02
-2.871007725555433081e-03
-3.677779407324567248e-03
2.027051777712214620e-02
5.137214350918743039e-03
6.104638425566945303e-03
1.201347952712043983e-04
4.692003306129309548e-03
-4.243635536488828131e-03
-1.667596340851804272e-06
-1.364722021551970348e-03
6.798957043886523326e-03
7.151953133436332252e-04
7.355234182655427232e-04
-1.011504126693043329e-04
1.840839520937288896e-03
-1.070321219658504699e-02
-1.019840763235491457e-02
-2.002246587853177330e-04
-7.820005510213929797e-03
-4.845622438858947223e-02
2.842033384909091118e-02
-1.920391162361350865e-02
8.454516891190405614e-02
-4.261100637266102692e-02
1.965159233819043644e-02
-3.597046217810378251e-03
1.079947335803727558e-02
6.985509209725753246e-03
2.933256317037293698e-02
1.534583653188615563e-03
-1.047748691395128211e-02
1.078559171683917892e-02
-4.481647999019426273e-03
-4.896860787929263777e-03
-4.888760528395551946e-02
-1.089141238155389574e-02
-9.461005201723127547e-03
-5.700209770050607139e-02
3.013026543778060326e-02
-5.569225473883961715e-04
1.094406413032925247e-02
3.177223643480824034e-04
1.248960040184763417e-03
3.449580809847770709e-03
-2.220299620435480133e-03
3.616091050018931802e-04
-1.746796329413997234e-02
-5.295372739139090875e-04
-2.012639878374924106e-03
2.015961764875370474e-02
1.585913753319228778e-02
-5.951000699448740633e-02
1.215918435795410035e-02
-1.611975380467483340e-03
4.574912617809983283e-03
-3.359936274792695021e-02
-1.485278735099164298e-03
-8.576812132650891854e-04
1.982210219676141681e-04
1.195654099470483053e-03
-8.444571986251507193e-06
4.689976150752777338e-04
1.739850639084442084e-03
1.429468688775100468e-03
-5.600584384502249949e-03
-7.705863068097124589e-03
6.628705544410251616e-03
-1.026143348953635626e-02
-1.687794238919635434e-03
-2.880230671688721253e-03
1.298803990823466439e-02
1.284310511349331073e-02
-1.981445430243368791e-02
-4.296055733589488647e-03
7.758678815103718651e-02
-1.409424221264695964e-01
-4.932215078107986435e-03
-2.182601142653491175e-03
7.786688332575196492e-02
-1.855659339216392950e-02
-4.198613577849019673e-02
1.720588877517814988e-02
-2.441068705135452932e-01
2.673986187231328429e-02
-1.107487009390974685e-02
8.270711430607979864e-04
-7.346451909096160526e-02
3.698196060142869279e-02
-6.871076031891142077e-02
1.363136754866037248e-02
-2.078962914716224186e-01
-2.517919036367491370e-02
-2.108823237699022080e-01
-7.351111921674978325e-04
-1.899311186751821299e-04
-1.019227517565018427e-02
-2.156705066863360068e-02
-5.353484297382969312e-03
1.085148246409983210e-04
2.724569321451696113e-02
6.715035769312381435e-03
-3.756616657706497719e-03
-2.596149146477950281e-03
-4.002711527791771168e-02
-6.236830068915433928e-02
-8.666964144232450944e-04
1.958374736686618314e-04
-1.284373328535907410e-01
-4.977614586053134144e-02
-9.959602883191089398e-03
1.074809664413628203e-03
-6.811779472672022107e-02
-1.851617399334601344e-02
-3.946118897622673434e-03
-3.700697148781063178e-03
-3.880266836787235052e-01
-1.264922018265525194e-01
-8.408032231999945649e-02
4.304020989517485379e-02
1.043394242214960160e-01
-7.174615590633601214e-02
-1.533863011321335013e-01
1.101332170337469551e-01
-1.757723055949718047e-02
1.871447566759678466e-02
3.200816787153497323e-02
6.279683696364914613e-04
-3.104918792436891020e-02
5.494359678955622328e-02
-2.511411751879845129e-03
1.196874452315560902e-02
2.796029916859844519e-02
-4.345305014061495025e-02
6.439603497113151331e-03
3.434766032298993549e-02
1.182928561599507489e-01
1.702950864591100399e-01
-5.115164256629728921e-03
-1.862888183268361034e-03
-1.706171284960598597e-02
-1.506530770605808527e-02
8.626047085162846795e-03
-3.155937837132620754e-03
1.071406866212329806e-01
4.967950881849012568e-01
-5.543376444403709828e-04
-1.668070500478221812e-03
4.731685003658955748e-05
-8.920615473121175712e-03
5.464302665898213181e-03
-8.065998237030270850e-04
-7.087387689388167933e-02
1.470464988580388044e-01
-1.120744174562094894e-02
3.165305269535120120e-02
1.271505329972707488e-01
1.108271512122568393e-02
1.197158966141550866e-02
1.859551656145056464e-01
-9.450282189877300121e-02
1.400129268889845893e-03
-1.762035438169341425e-03
2.221587419567274194e-02
-3.459476549573665266e-02
