5.169999999999063149e-04
1.498080000000001910e-01
1.405000000000159919e-04
9.519295919261970551e-02
-1.404020425154300575e-02
1.000000000000032113e-03
-2.349999999998379657e-05
2.999999999999998224e-01
6.400000000006433095e-05
1.412137444920452127e-16
9.324999999992279460e-05
7.726894082925302252e-04
2.095551759943558353e-03
4.969999999999960344e-04
-1.999999999999320166e-05
1.502860000000000584e-01
-5.370000000000166307e-04
-2.500000000000267867e-06
3.005000000000170078e-04
1.000000000000003057e-03
1.023717975284622246e-17
-1.449999999998239366e-05
3.049999999999380924e-05
2.999999999999998779e-01
3.026838311006786593e-17
-3.779999999999277644e-04
9.979999999999240781e-04
7.423347030183988011e-17
-7.536516303320433698e-17
-5.025000000005852151e-05
-4.168983614813731586e-02
2.692578721029756242e-04
-2.241943250704529766e-03
3.703723107224384230e-03
5.401389680360176764e-04
1.612259868082871750e-01
5.861515601026777260e-03
1.630897139522391806e-02
8.095842722555073728e-03
2.687956595629451689e-02
8.912942994254081279e-04
-4.599214652101446532e-03
3.303622001779873648e-04
3.369292226309161253e-01
1.774830562646602036e-02
-1.374889202717946611e-03
-1.239932878109215346e-03
6.151303018305285392e-02
3.586962279866159203e-02
-3.029206352314936773e-03
-2.058292868148018945e-03
1.061256834745010315e-03
1.873574097830049755e-04
-5.021817843157156541e-04
4.223821324288034196e-05
1.366283767965169871e-01
-6.162662605587615819e-03
-3.710986232311384533e-04
-1.311670359058384556e-04
1.648008279410798820e-03
7.471002826592450762e-04
-7.144582992978899209e-04
-6.669466385659677567e-04
1.295152109041620807e-02
7.449941087349661430e-04
-1.918536236271050016e-03
1.488559056321893685e-04
-2.478755328411685888e-03
1.189811091184966732e-04
-5.376274981116797998e-05
-5.707207185420561796e-02
3.010043557068299291e-01
1.181970306679792524e-03
-4.152247252554432062e-05
-1.156994269948678268e-04
-3.008109713598852014e-03
-8.253917047434021709e-04
1.423837648618784349e-05
8.205606090745953124e-03
3.933506891180481302e-02
2.204726925215493710e-02
-2.880216134358500892e-04
-2.118850131009258377e-03
-4.719948248693432019e-03
-1.311142444089838420e-03
-9.276049860581996693e-04
1.559865262435336172e-02
6.844181024689562076e-02
1.223822537660674723e-03
