9.316133679985895812e-04
2.772162461765685371e-01
2.639393053667695582e-03
2.255033498654402963e-03
3.468735950355952280e-01
6.240171783109132748e-04
2.826559241733602734e-01
2.030854471832931572e-03
3.634560666978617904e-01
-7.147130749722866924e-03
1.113754438042123540e-01
-4.934761900846529499e-03
2.619472894945278352e-01
-4.813116014094155626e-03
1.241548671318512265e-01
-1.294954486304076245e-02
2.671721541955013324e-01
-4.567759776400999276e-03
-1.985080314621886447e-03
3.937298248255916358e-03
-1.387290216331659755e-02
-1.542378354326007506e-01
-1.697217912754061739e-02
-9.945202894973453195e-03
-1.133792456073566129e-01
-5.197862805445875069e-03
2.622219735925022163e-03
5.403432703681219744e-03
-3.329207307046070687e-03
1.266789622371216565e-03
1.067231222407084845e-02
8.706159313855005993e-03
-9.379964622040661134e-04
-1.059655317645854557e-03
1.947845753045969030e-03
-5.452731061307841340e-03
-5.692270854300763086e-03
1.118508459693322733e-04
2.835159916206107366e-03
3.410968889842748430e-03
3.595246499157732394e-05
-7.156916635734926480e-02
-2.981610085327858484e-02
-5.130060474747866195e-02
-9.074100367904777698e-03
-2.346567414733306128e-02
-4.918213850357194133e-02
-2.890578385340313375e-02
-1.062653566305766656e-01
1.005646883475783127e-02
1.405202507421973203e-02
1.679801023974938912e-02
1.536027081957523806e-02
1.057872300718881286e-03
-6.928580139843789482e-04
1.256792198395361403e-03
-1.730552180239864268e-03
-1.783333333332232215e-04
3.395555555555776050e-03
3.946999999999972232e-03
1.361111111110934282e-04
1.059104987146335976e-03
3.548844307484317956e-04
-1.345260348679894668e-03
-3.694489749058337512e-03
1.083333333329469729e-04
1.924444444443775817e-03
2.687000000000102067e-03
5.388888888894538315e-05
1.431855618527283752e-03
4.178775332922387599e-03
2.956307022929181155e-03
5.558420983038867003e-04
8.139561724277705537e-03
-1.233649761575746984e-03
-5.100082047577750473e-03
5.898924550700439945e-03
3.655331678157314884e-02
1.957099425920756641e-02
1.017955284812769451e-02
3.681581758704714075e-02
1.465287006052384416e-16
8.891111111112976178e-04
1.129666666666938324e-03
-7.913067645598146037e-17
1.580957795929444770e-02
8.936097656405852033e-03
1.271005049777806841e-03
1.220119421488150002e-02
6.451125957743857719e-16
1.546888888889360507e-03
1.416333333333790996e-03
5.404825014593131003e-16
-2.813119999678994091e-04
7.575147836789713866e-03
1.871462053609997307e-05
-1.769711848670991322e-03
6.289713039090588653e-02
1.306931795659902959e-02
7.371402710279266815e-03
4.155792657663716361e-02
-2.891996989578968225e-03
1.082069297776206427e-03
3.033488379019481148e-03
1.151600572847741701e-03
-8.004710283710250729e-02
-2.200055831090140090e-03
-1.826355613331352712e-03
-2.149932991831703388e-01
-2.263230958444899243e-01
-1.617584186073855795e-03
-1.771979675277066167e-03
-1.084471111631050977e-01
1.955019121775784796e-02
2.375786311559981872e-04
-2.013131729484979836e-03
3.454945314403629173e-04
-6.418674759660193338e-03
-5.620319694284978173e-04
-7.013771797007170789e-04
1.271252622968225589e-02
-2.234242618231619109e-03
1.145097191444844112e-04
3.843825122431905605e-02
1.772946730762098577e-01
1.217719171315497367e-01
1.614874845194309502e-02
-1.470833333333909903e-03
-2.287525825177350826e-17
-1.892881987542995199e-03
4.594189908786190657e-03
-5.613561543189444364e-03
-8.361700706823974472e-04
-8.805028835238145474e-03
-8.136022331719647976e-03
-1.704277777778112667e-03
7.277777777773173588e-04
1.603123207270406702e-03
7.768383019364925911e-04
-8.673311197827118790e-03
-1.104923126143792303e-02
-4.561099050242085548e-03
-7.778493780620445060e-03
-1.225833333328957384e-04
-7.211649943979891314e-04
5.951979601932312625e-03
-5.229039655033872191e-03
2.557894848798348674e-03
-1.838841443583485178e-03
-2.506108815590528220e-03
-4.034166666667523757e-03
-1.898188117967590379e-16
-1.357864122156223852e-04
1.468166872582149897e-03
-1.202347808624433566e-03
5.488833891208536042e-04
-2.058722222223308574e-03
5.522222222216113374e-04
-1.052818246913001833e-03
-7.147691633948807799e-03
-1.681641516771785732e-04
-2.244558061311612701e-03
1.219083333333757227e-03
9.950005173086689993e-04
-1.715304965601935176e-03
-3.912677739946733048e-03
5.335570995511463395e-04
-9.878944933211742871e-04
-7.049492646431375527e-04
-6.334130397156512854e-03
-1.455566864925744676e-03
3.094444444443718496e-04
-6.457055555555896165e-03
1.088659361956741340e-03
2.976319784669858009e-03
8.663469161734439023e-04
-4.764243746384109286e-04
-3.223388888889231960e-03
-7.882222222224806408e-04
-2.419188849116383678e-05
-1.643296341420472225e-03
-8.623635106463167863e-04
3.906690729416948706e-03
5.175416666666972018e-03
-2.863230014927947362e-03
-4.198197968914971125e-04
-8.315393443323744168e-04
-2.496581466392235483e-03
-2.956381136791707415e-03
-1.643336117518512732e-03
8.055555555575240648e-05
-5.415944444443709059e-03
-2.919121189020902878e-03
3.820308388273564899e-03
-7.208167214571017337e-04
4.189285672962989211e-03
-1.935611111110795753e-03
-1.183777777778097142e-03
-3.975027908850408027e-03
-3.425330681421488331e-04
5.588279035367184474e-04
6.124631946614962803e-03
2.937083333332966752e-03
-7.906556536833315562e-04
-1.803515337558588829e-04
1.939999999999803481e-04
-1.915666666666439831e-03
1.855383118308206208e-16
-3.032981489625616799e-18
9.340774084121270969e-04
-5.291456534647123847e-05
3.643831919458823468e-03
-5.105498637554747041e-04
6.621704950012004135e-04
-4.652945697350681017e-03
-1.040478761551534489e-04
-2.172831244936321456e-04
1.032222222222057201e-04
-1.839944444445231744e-03
-2.448024435396518026e-04
2.046338089715481982e-03
-1.891246705286003501e-03
5.308919661535593283e-03
2.983333333302016276e-05
1.522279379278343852e-16
-1.167036433321007641e-04
-1.514685796270388808e-03
-2.570822084834431965e-03
1.135199521923925883e-03
-1.973611111108616509e-04
-7.091357565722015630e-03
6.744403750093344585e-03
3.539999999998748683e-04
-4.023333333333209048e-04
6.710609281202425108e-16
1.379238965061367209e-16
-9.698573243398856455e-04
-1.511844724187068773e-05
6.901022339945191283e-04
-7.105318844391034748e-04
2.237813376725337783e-04
-1.941049471505431299e-03
-1.679278606445493410e-04
3.773884259206040557e-04
9.877777777774285209e-05
-1.841055555556013815e-03
-1.411898662951059690e-03
3.079424537443045239e-03
-2.874566990927277573e-03
7.234794465055193694e-04
-8.268333333336191871e-04
-6.155396319627972670e-16
9.084997641372588974e-04
1.909999476952851894e-03
-5.552437120690821397e-03
9.180702598499236936e-04
1.598611111113300363e-04
-5.657592881781736520e-03
6.540409393885289469e-03
1.004637478940593413e-03
6.173789028546977989e-03
-2.690037052940901928e-04
-1.404763305418652562e-04
-5.544271483962874688e-04
-1.306518704011606566e-02
-1.251159885642367901e-02
7.709385481182585553e-04
-7.059868305067853317e-04
-8.325678371549277007e-03
3.200568743479081935e-02
2.589986701654450330e-01
1.901491871233732256e-01
1.825806038051188546e-02
-6.354024367560813166e-03
1.243641445212926354e-05
-2.906757262180495113e-02
-2.536564581040362532e-02
8.765623417070241355e-03
1.826799130840906079e-03
5.790225493546984938e-03
-2.028408226049014079e-04
4.907069682816906546e-04
-1.302576021814742888e-03
6.565714567644548175e-04
-4.629401421163734749e-04
2.169524602692722483e-03
-4.417125976710471768e-04
-7.558213737750288201e-03
-3.145258557882168229e-05
2.235189111260735967e-02
1.403944953724803497e-02
1.883017983457876835e-03
-7.697802662125757117e-03
6.694154606908776176e-04
-1.445623201110215160e-02
-9.532503309716659767e-03
9.459398155340865977e-03
