1.053144212413425389e-03
2.255947438959586548e-01
-4.370077121391944554e-04
2.177227178607425186e-03
3.494519257761391495e-01
-2.863416574118293626e-04
2.420125685753753142e-01
1.975859140256087942e-03
3.690891231128793915e-01
-2.106775444288683588e-02
4.908142249860796003e-02
-9.751814150265356029e-02
1.958925709654238956e-01
-1.052890884838071812e-02
4.110327976015800550e-02
-8.091894413094634364e-02
1.911144842295162960e-01
6.578587303170871370e-02
1.000271483966487518e-02
1.537379119575359339e-02
8.300947344354413227e-02
-1.014469591752556604e-01
-3.162345052650036847e-02
-1.231941283392501071e-02
-6.826761673762553329e-02
5.037653413674327875e-03
-2.190082679359272450e-02
-2.108755471149281399e-02
-2.460421959166967168e-03
-2.520007442309276768e-03
3.442555356689814324e-03
1.362258259062235771e-02
4.613303160423332843e-04
3.711813918758926582e-03
-1.793760394904918374e-03
-2.552259513670670533e-03
-3.262487625757151070e-03
1.054424054374783308e-03
-3.961196182247807285e-04
-3.619410673143739956e-03
3.758125659481927690e-04
-5.216679150237107238e-02
-5.051471414459240972e-02
-5.482208469811267887e-02
-5.525398997694819063e-03
-2.237732204207334985e-02
-4.690466659354083911e-02
-3.338066022641047320e-02
-7.691163606962479748e-02
4.156393612351941963e-02
2.060426496106187721e-01
1.594345759751019109e-01
1.680115934688870133e-02
2.729333333333507517e-03
2.209129151513293490e-16
2.197807886421293106e-16
-1.176555555555523812e-03
-8.525163852044910853e-03
-1.218947663009444134e-02
-1.684710298347151178e-02
-6.593024885705566461e-03
3.382666666666618929e-03
3.761282045592411643e-16
8.713940941963172837e-16
-1.605444444444288155e-03
6.344971073997368160e-04
-1.135724758011808985e-02
-1.623420303370936213e-04
4.108439318477602985e-03
3.164787886607856211e-03
1.272625926174452988e-03
4.692442358216560619e-05
2.158006065783759590e-03
1.631942147113450703e-02
6.626448951634326956e-02
4.764637346649585464e-02
1.214226724811496520e-03
-1.589217968903693578e-03
-1.677361799408194198e-03
2.444874638706752510e-03
-3.027988228246242014e-04
-8.219561114587982343e-04
1.014620499685181185e-03
3.143246654621120045e-02
1.283446123629964908e-01
8.954159348809677399e-02
9.097971153499057051e-03
-3.240611111111203150e-03
-4.144333520874864388e-16
-3.650209827784722458e-03
5.964121248399484321e-04
5.604293225220720320e-03
-3.589119083437144336e-04
9.132866335038276537e-03
-3.922211091145775923e-03
-1.145637864797550629e-02
4.457623529559652173e-03
-3.108700290166049873e-03
-1.572491565621964710e-03
1.653277777777490938e-03
-1.568777777778013150e-03
-1.752793854447751501e-02
-9.871938363995115540e-03
-1.139137405200429769e-02
-4.406405864202859839e-03
-1.306104633920397934e-03
-3.529569327268505352e-04
1.715711702307299528e-03
2.588788998019465101e-03
7.313284791786780212e-04
1.315331149711214224e-03
2.994861111111129983e-03
-3.982653919523736728e-03
-2.896261107697937175e-03
2.756760424896326049e-03
-1.943798660688253813e-02
-1.221323429106717894e-02
-4.232215366027168753e-03
-1.788388888888938497e-03
-4.805680628619982025e-16
-1.916411938467741478e-03
1.298863206027820382e-03
4.576010338153713511e-03
1.375485118766941670e-03
1.607722222221269828e-03
-1.573222222222219347e-03
2.586921354176029055e-03
-7.984504101136633263e-04
-2.476547444322517964e-03
5.434191453143907488e-03
3.617638888888948835e-03
-2.158085717043724868e-03
-1.203480035301069838e-03
1.238895289860859113e-03
8.419492060699805091e-05
6.000000000020263891e-05
-4.454777777777626201e-03
1.564444444444125937e-03
-6.777777777777354044e-05
4.855737237497686175e-03
1.337277596476833200e-03
7.826994417960165054e-03
-2.378958747306469338e-03
4.290274423871798075e-03
-9.754690968359324690e-04
2.170992279740689441e-03
-2.009725862300156592e-03
-8.500000000011475535e-05
3.561611111111145141e-03
1.224263228178459808e-03
2.595766705685042305e-03
-2.148749932566572721e-03
-2.844982952190230983e-03
1.873055555555133570e-03
-3.107666666666506101e-03
2.102904929602379507e-03
-3.220347806507901402e-03
-2.194279064669762969e-03
4.610802703526373225e-03
1.777500000000017185e-04
-2.235264047459059947e-03
3.045601061276997576e-03
1.400000000001776614e-04
-2.959222222221806128e-03
2.475555555555926292e-03
-1.122222222221393146e-04
6.802249895064756699e-04
-9.166062905106407352e-03
-4.408846569249442841e-03
-1.302918418986842315e-03
2.018414953815903488e-03
3.025891562216641035e-03
4.306251929763741347e-03
-1.314901091930288732e-03
-4.500000000018351083e-05
2.869388888888764304e-03
5.133093504816042298e-03
-1.535244109392250311e-03
3.927008076364180882e-04
-5.115774993843921238e-03
1.931944444443925999e-03
-3.914333333333387677e-03
9.020569163316678740e-03
-2.494497224795932987e-04
-3.285531784011220049e-03
3.146193170774202325e-04
9.427500000001526673e-04
-2.159690301713598683e-03
-1.893311436090775639e-03
1.833333333333566457e-04
9.988888888900160584e-05
6.249484538603608624e-16
-8.522143261833185565e-17
1.140302835086957640e-03
1.671547165256348976e-03
-3.311884286044498925e-04
-1.431235686752118112e-04
1.912800715743584500e-03
-1.549366644329750083e-03
-1.799498256267507501e-03
-6.909462200439046549e-04
-8.233333333323290912e-05
4.977611111110570238e-03
1.507056193956041656e-03
2.986663952418140960e-03
-2.157273752291874545e-03
-1.950118364896429729e-03
-1.125500000000082164e-03
-7.663806303457897832e-17
-1.323364153629643996e-03
-8.299723064449878764e-04
5.978275289891045972e-03
4.432871613580249229e-04
-4.686944444447155907e-04
-4.324851105627405476e-03
-9.798742214088480059e-04
-4.333333333331303237e-05
2.211111111072597225e-05
2.356761298503550804e-16
2.866945435312728333e-17
4.781219168623740802e-04
1.440820380816955001e-03
-2.104916052955186105e-04
-2.110811804980402412e-03
1.926808000933173800e-03
-2.405065681075682464e-03
-2.263762144015975687e-03
-4.237574936032540568e-04
8.433333333328047290e-05
2.985388888888937994e-03
-2.997816169148141176e-03
4.199713869819762975e-03
-3.433183661696425325e-03
9.159849734510468796e-05
-5.549999999985454129e-05
-3.708042630288375618e-16
-4.507498111978770088e-04
-1.855057567074241097e-03
5.419018898042703841e-03
2.860310323613398037e-04
7.251944444444879088e-04
1.768605009850350920e-03
9.425803111449835214e-05
-1.201813180036862061e-05
-1.198059064932648077e-01
-7.946065407134467184e-02
-2.102045297679407902e-03
-1.514209678204921127e-03
-1.176240940770225119e-01
-1.578768365145140073e-01
-1.294319459869219683e-03
1.609904353819959768e-03
-1.538522858514343450e-03
3.162962233018114418e-03
-5.813542765796819722e-04
2.655734626071144886e-03
-1.310442559448119285e-02
-2.380980431770405789e-02
6.838939177075182467e-04
-8.485200545771224038e-04
-1.024127334344303655e-03
5.160869532194566761e-02
1.671463208476489104e-01
1.176936945627099773e-01
2.398418805654117456e-02
-3.873176776306174601e-03
-1.020957372637301512e-03
-5.465621086351579901e-03
-1.169457727215976722e-03
-8.195891319645297064e-04
2.104673198249967298e-05
2.233699808414304003e-02
2.529026070602906351e-02
-1.086587083023989264e-04
-9.555316024814623126e-04
2.387568962989499582e-02
1.912138289633885310e-02
-6.803161848736746743e-04
1.759071189993876173e-03
1.215870276742877067e-03
3.230570355503032277e-04
-9.633373986774610353e-04
2.383123433445341263e-03
7.854214080586756005e-03
4.654700736320504899e-03
-7.007037801574018997e-04
1.447154708342230190e-05
-7.745801120687613624e-04
7.131776304555621435e-03
-1.608452678747045866e-02
-1.967060249410231346e-02
-2.379253975465604135e-03
-3.813681806878392415e-03
-7.946381681901116493e-04
-1.748600609854475841e-03
8.489369813761063824e-03
-3.210422251710280325e-03
