-1.472187127982861740e-04
2.771394897307066785e-01
5.329106488723069947e-03
8.668847627467127443e-04
-8.753925729447732326e-04
3.789157824932953248e-04
-2.706831712348741880e-03
1.180312334217552056e-03
3.390848806366344483e-03
4.587753723326385737e-03
3.804808452148620290e-01
-6.765112908241636969e-02
-1.313184006286645042e-03
-2.480222811671113376e-03
-1.067749336869897427e-03
5.630902839178908784e-03
-4.503628647214592655e-03
7.535358090189244991e-04
2.407492967893198974e-03
2.657808784342920866e-02
8.765086206894875367e-05
-1.429597701244333455e-05
6.607830459769792851e-03
2.082915807063117267e-05
1.350362511052407340e-03
-6.685320881226348641e-03
-1.258832891245220405e-04
1.821623342176018718e-03
1.733421750667359508e-05
4.517501326260141455e-03
-8.570979467494156234e-05
5.313351016798104585e-03
-5.065110153256595187e-03
1.292480106100830093e-04
7.228346153845860607e-03
7.001326259964735818e-05
4.314347480104538217e-03
-1.245068753029127985e-03
2.839016433279663576e-01
-1.600732730648254032e-03
-1.708596129287218407e-04
2.534846153846729948e-03
-8.664820954905513547e-04
-5.362456036939060137e-03
-2.254051061007722283e-03
-5.130291777187427626e-03
1.483762891589584295e-03
4.564979050164824637e-01
-6.305931200360868905e-02
-2.074899302485245893e-03
-1.934583554376515316e-03
-1.112740053050444546e-03
-6.117249238627653178e-03
2.313432360742483009e-03
2.362334217483429139e-05
1.326068356368505360e-03
3.234639106511112000e-02
-2.457435344827548569e-04
5.452262931034632457e-03
-5.240301724138247356e-04
2.834109441005437809e-04
-4.566026132233010938e-03
3.954465996168768892e-03
4.491591511938330342e-04
-1.720154376657832829e-02
-6.848076923074704705e-05
-5.698651193633909144e-03
-1.778406523233407889e-04
2.683957167644271260e-06
6.046180555555332597e-03
-1.386007957555681637e-05
-3.818737400530282551e-03
1.056419098146181757e-04
-7.275066312910285094e-05
9.863003177328329499e-04
-6.196286066362469841e-03
1.213793103447984619e-04
-6.890804597706291302e-04
1.963218390804512530e-03
9.280686643219067486e-05
-6.074979012406906548e-03
-9.704418103450131519e-04
-1.085967432991169875e-05
6.309782088122032132e-03
-1.099030172414163105e-04
-5.469612068966780635e-04
-3.855334051726032286e-04
-5.399545019154402409e-04
4.925838122604642676e-03
2.637691570908489637e-05
3.659075670497258757e-03
-1.097927104823093598e-04
-3.981373415856173138e-03
-4.705699233716791399e-03
-2.866863149616005551e-04
1.407843206601829163e-02
-4.402382662835538883e-03
-6.394875478948033908e-05
-1.204264846743343352e-02
5.878567639256919008e-04
-7.262389920424131180e-03
-1.484493368700139570e-03
1.113547745358080612e-02
2.220490716180418070e-04
1.108425729442825492e-03
-2.242035809018293191e-04
1.720255968169889490e-03
-1.672895176342187090e-04
6.247208959622309321e-03
-6.216714559387084317e-03
5.794184104533024781e-04
7.216899498969131348e-03
-7.251281130268936309e-03
-2.720426245213738601e-04
-1.731898946360237168e-02
1.543076923076766929e-04
6.113740053045490412e-04
-8.141047745364225036e-05
-1.560623342175393620e-03
4.934084880635840982e-04
2.937989389919420328e-03
8.245411140580980684e-04
-1.066559151193730709e-02
-2.771303731294191570e-03
-2.151643106378503881e-02
-4.187566862856002999e-03
8.758021114182075201e-04
9.370547616376338112e-04
7.394185783104974046e-04
-4.387563756606327643e-03
2.717586822099964301e-04
-2.405752801607533541e-03
-1.577961286790015294e-01
2.129034410815597578e-01
7.880615785685052277e-02
2.038832896203839062e-01
8.151194687888277390e-02
-2.521316647372208800e-03
-3.595606245355548874e-02
3.942583954094870322e-04
-7.738084852920350774e-03
1.731376324509205020e-02
-6.569661096982537529e-02
-1.070239829890759324e-02
-3.454274618463156615e-02
2.392492560548616087e-02
1.886758007676124591e-03
2.254154960614133778e-03
9.301984686054483309e-03
1.273253283461476095e-03
6.149226128252467498e-03
9.182944479447983878e-04
2.349472429139913728e-03
-3.396019357763166002e-03
2.477083475183106120e-02
7.557243070695346225e-03
2.686928866742492768e-03
2.686806271992078950e-03
1.902714286989604445e-02
-1.406294392774547902e-03
-2.007081760052981459e-03
-2.424995919701751143e-02
9.181145586680025672e-03
1.189918536412861707e-03
4.305922645502706738e-04
2.460796433235583379e-04
-1.695224053954493383e-03
7.775190865965101892e-04
-4.288436752461931485e-04
-1.337119261719110497e-01
2.130266525980695769e-01
6.185604786846543579e-02
1.758944749525018225e-01
6.743454706787313513e-02
-1.160291345336321098e-03
-2.589598777446500133e-02
5.079469954314740163e-04
-1.648509324892283474e-03
1.455997099841450232e-02
-3.985375803780693421e-02
-1.597857981355321061e-02
-4.088508673251489006e-02
-4.587065153365170803e-03
4.317297042222870487e-03
-8.259294746962800998e-04
-1.087103810145110053e-02
-1.096653409585325242e-03
-3.668033700446833145e-03
-1.098912179677963546e-03
-4.862132608915064984e-03
-9.957266512144988951e-03
1.604122208736203509e-02
6.406611862744221973e-03
1.097490253273845483e-03
-1.958804022019096369e-03
-1.383824073124191893e-03
-8.108748738683502211e-03
2.451779920124585207e-04
1.031150114381589739e-02
9.006958460192609356e-05
-5.688565575547172015e-04
2.815968656912495177e-03
2.228542731971930660e-02
5.903798899916704555e-03
1.780954741492568258e-03
-4.024909088606656860e-03
7.092154983840002341e-03
-9.902205552193097532e-04
-3.059522645107842862e-03
3.585115299393688924e-03
3.088706796272328980e-05
-1.429348870091015633e-02
-1.029373417439815794e-02
-8.782377426762215042e-03
-4.112999265618510011e-05
1.809130818425987294e-03
-1.083385566948048698e-03
-1.523257823852291852e-02
-6.785925599749242833e-04
9.801050274844926719e-03
5.468157504977846396e-03
-3.373565768497959090e-03
1.435115626136056080e-04
-1.240295152293120371e-03
2.090541558509348159e-03
9.238391293353059169e-03
-3.556944471853108978e-06
8.498745915160938391e-04
-4.590089817251479486e-03
-2.571888899927773291e-04
-2.064165380504537567e-04
4.934402167506073307e-03
-1.052675197572018303e-03
-1.310775058053663053e-02
-8.275456537002585239e-03
1.784786216394642494e-02
8.880570755516827008e-03
-3.051112787811272736e-03
-1.017824323189827458e-04
3.812861980995808312e-03
-1.845169479995072788e-03
-1.154191203922073829e-03
-2.646961522015398114e-04
5.104373828935080022e-03
1.638281748577880698e-02
1.945249906009941139e-03
2.579473499721332552e-03
-5.868255190462656062e-02
2.813925493944275196e-05
-4.766523748443831157e-03
-2.705955211420306081e-03
-7.821352372997823765e-02
-4.353077776490420908e-02
4.671613323891680297e-02
9.682777468481675032e-02
-9.566352405332916725e-03
-6.935997552633380199e-04
-2.036125844684793032e-02
-9.337370251370897406e-03
-5.762794228627406623e-04
-2.933321229466217400e-02
3.995049266768454198e-03
-1.508539268068295053e-02
-1.697510140393300882e-03
-8.540877150991720013e-02
1.184885765999987937e-03
3.860085032229628767e-03
7.102703767155658585e-03
-7.080551737934785705e-02
-7.802247039464997591e-02
4.133553881032481225e-02
8.847493320153239360e-02
-5.675958808122464824e-03
-3.719135416713948870e-04
-2.063379822191803437e-02
-5.468981240083727567e-03
-2.733206872676397035e-03
4.557576364974590078e-04
3.046900131124118030e-03
9.516756069263145046e-03
1.107510225577188330e-04
6.972898708372472819e-05
-1.357438603205261222e-03
2.635469447231896575e-03
5.064991004603750619e-05
7.513989272711355449e-04
6.454438943268634267e-04
-2.626852898026953197e-04
5.894520207327993413e-04
-8.170954261905248595e-03
3.165074097817990179e-02
1.966575014808858921e-03
9.956404435509152908e-04
-6.887307292429490843e-03
2.814016509631798654e-02
-3.550674813700522084e-03
-2.537835603670148812e-04
-2.286063318992739568e-01
1.299841307477987880e-03
6.364688210296270271e-03
-1.441064574010165744e-01
1.251657362469984491e-01
-4.040052566587406038e-03
-3.934869709831757822e-02
-7.192421419997632216e-04
-2.214745829879253558e-01
3.740032557269969225e-03
5.609348057107336333e-03
-1.968203216796648447e-01
1.046409300413828486e-01
-6.991450502582476252e-03
-4.052871525145856912e-02
-5.245408717482946808e-06
-1.887518728181057258e-03
-3.113469878198545570e-04
2.005603283278551124e-03
6.616563924317458946e-04
-7.562335211607931762e-02
-7.082937800567036361e-03
-3.828140335330656313e-02
-1.061526175521792441e-04
-8.059324302890992497e-02
-3.875977903663045503e-03
-6.128616867271285962e-02
4.383154525079884845e-04
7.935372422756287875e-03
6.760298691742791825e-04
-2.465231426261531734e-03
1.411468998306282020e-04
7.958309532815710172e-03
8.590420943589840248e-05
3.387112562229334443e-05
1.093175849519118024e-04
3.004071384385289742e-02
-3.298980360646015190e-03
1.137346809224547110e-02
1.173520380406631661e-02
-1.660597040020901291e-02
-6.929255842906832490e-03
2.340747150194828763e-02
-5.287790686181593862e-04
4.383843946261555685e-02
-3.031358572556244659e-03
1.075449954311564517e-02
2.277210056034931901e-02
-1.155016729789746024e-02
-4.225549945818730946e-03
1.079228625952446084e-02
-4.872502600424300114e-05
-4.850389072106016559e-03
-1.192121095994189833e-02
-2.213013429836185528e-03
1.769126996798845494e-04
2.427859951169308340e-03
4.606725929605688316e-03
-3.433608731877243591e-03
8.937968867440247039e-05
-1.240968597057497255e-03
1.069634430842342785e-03
-7.883538899532447491e-03
-3.785129822946942720e-04
1.039689290166551962e-02
4.306845754614352893e-03
8.061046833621616711e-03
-4.525805426624119211e-04
-3.084831939262668628e-03
3.927183911923644993e-03
-8.413280273969201903e-03
