2.313969410369004009e+01
5.146176679216019068e+01
3.504356971153271272e-01
2.508184627412825307e+01
1.261157214289711987e+02
2.501286744229696524e+01
5.898060369483031451e+01
4.320192624601180142e+01
1.334424367574593191e+02
-6.592754982501480399e+00
4.644216973096927603e+00
-1.444805196430207328e+00
1.599996276129496380e+02
-3.865806167167274321e+00
3.349960746881186058e+00
-9.402792191811919054e+00
1.662237212989821558e+02
1.270754854818321178e+01
1.854783763488635051e+00
2.426370598414647972e+00
8.350763939193482699e+00
1.741600328718073243e+01
6.382488938156989811e+00
3.736920656794727069e+00
2.264098895013679424e+01
2.092795621983646104e+00
-9.152703360386606590e+00
-1.159567516944553311e+01
6.373499217298279618e-01
-3.553391453731533201e+00
-3.416140476059063502e+01
-3.657393879392159874e+01
-1.754083454489941296e+00
-3.370478390218643927e+00
9.600980818583154663e-01
1.647969098431774748e+00
-2.082814148932508935e+00
-5.615003320690934441e-01
1.000472840706351008e+00
1.202350110511419157e+00
-1.621709804163354196e+00
-1.346020854136011558e+01
8.379200703883034507e+00
-1.104456012930489095e+01
-7.928546576893082509e+00
-5.956174294484770648e+00
-1.342478327225945911e+01
4.923266547526982784e+00
-7.639858628552110176e+00
1.886292253465536461e+01
9.928590802737998544e+00
1.028242442985263772e+01
5.916003923687681798e+00
2.308018361667274032e+00
5.710834832508556502e+00
1.000732997743568298e+01
2.901793871054280771e+00
-7.057177863895909731e+00
-3.037113898131795775e+00
-4.826973805394891848e+00
-4.848935772383393683e+00
6.947728150111688983e+00
-4.497799427514426185e+00
-3.164450478239086095e+00
2.033137151607908422e+00
-3.515884964330145301e+00
-1.568121381306826656e+00
9.260967913823711095e-01
-1.960935113313389683e-02
-2.271024607114301430e-01
5.400758633167550560e-01
-1.773088310001298185e+00
-5.344524972694172371e-01
1.699445317075396755e-01
2.714843756167876432e+00
1.785026125234870031e+00
-9.537993087347986787e-01
-1.262616061053162042e+00
-1.545130189773960883e+00
4.454045526985870307e-01
-2.471023035241981969e+00
9.211222406828043496e-01
1.387165382414047299e-01
-2.194255009866274142e-01
-2.093317680760050870e+00
-1.166645220852891640e+01
-8.814217426499997288e+00
1.307570825103199041e+01
-3.383819048700237531e+00
6.163773511635759483e+00
-1.090060045484900098e+00
-4.695222343061862702e+00
-1.237693616383750239e+01
-4.092870428842983799e+00
6.569052672325068620e+00
6.643375125295385430e+00
7.059847263820399732e+00
6.000301084278488517e+00
4.321517266582569405e+00
4.164565053171999764e+00
-6.984205496460407225e+00
2.059133154357508744e+01
-5.002830740016696309e-02
-3.390888669734754557e-01
2.001738256994690346e+01
6.957045426406557986e+00
6.767668514583898620e+00
8.014495591462676705e-02
3.474515361702592120e+00
-1.045462049821029993e+01
2.666374461212008690e-03
-3.396586675434485891e-01
-4.959813536415397017e+00
4.323772113648084670e+00
-7.233483508450575528e+00
1.783940539996826113e-01
-7.448356092003137974e+00
-1.713040865385469236e-01
8.248697916669148200e-02
4.086264373102749814e-01
-6.209520010616464969e-01
4.882756855412776487e-01
-2.613570601851651798e+00
-3.669877425332239262e+00
-1.644155070370283189e+00
-7.995204635108122959e-01
-1.795759368835116720e-01
2.053661242601604597e-01
-2.697767504930828064e+00
4.921863114923610283e+00
-1.302506672674524635e-01
4.468144468297263749e+00
2.964981267773386886e+00
7.606564349112548973e-01
-8.211569280082933742e-02
9.654924802769272729e-02
-6.357226947732154132e-01
-4.627205360367281362e-01
-3.518739152067781178e-02
-1.183467335739592091e-01
1.367206734526016376e+00
-2.148226050569902679e+00
6.301582532050509222e-01
2.269338381430446638e+00
1.398328393481634846e+00
-2.343706380928876509e+00
-1.288510862785141597e+00
-4.295914602317747050e-02
-3.983553762983603197e-01
-4.424215960655554447e+00
2.046632009663094109e+00
-1.852475318755917977e+00
-7.397574564762548377e+00
9.122813254624288604e+00
-9.692783869759447057e-01
-2.257819910329843527e+00
6.194373480844159729e+00
-8.686783979817047197e+00
4.858248003908254731e+00
6.847611502105395154e-01
3.275826725582417609e+00
-1.486104772723058964e+01
1.255933619523692890e+01
1.043652207174811863e+01
1.547581096533511058e+01
3.155633661877420337e+01
1.536578952043106305e+01
8.130714933086609975e+00
-1.164599760840389564e+01
8.154366766872866990e+00
1.624465316138758997e+00
-2.313548128401957893e+00
4.661705367302736214e+00
6.910459555298747780e+00
-2.379600612115328140e+00
-1.248989916457935445e+00
3.785843772706661170e+00
-5.585123156976619541e+00
-4.929389624889334520e+00
-7.291717476156387434e+00
-2.496751671183975230e+00
7.147148855577132309e+00
-9.681923894214367055e-02
-1.178163237210883674e+00
7.727121222771741849e+00
-6.922949958986774455e+00
1.457777540372166225e+00
-8.357974322981851500e-01
6.566180543030301742e+00
3.704697095929292772e+01
3.040606949454540597e+01
2.879305715300340296e+01
-2.695114988455927563e+00
1.948473110530862940e+01
7.386377642234108976e+01
7.492239907265451393e+01
5.802521120713711156e+01
5.308477018872246767e+00
-7.315198756274540193e-01
-8.100611826666175297e-01
1.529723529168868668e+00
1.023326062469657849e+00
1.152188662070615655e+00
9.499320954753313062e-01
1.690800127175136724e+00
7.915760249850757324e-01
2.712892139958146487e+00
5.980655136705355090e+00
9.866570173134211474e-01
2.629646698827970308e+00
1.083770580113150722e-01
4.050231534557861557e-01
4.793070120697154657e+00
-1.063867776739773729e+00
-2.761911238443439665e-01
4.619794784257820197e-01
-1.934821984183299759e-01
1.716083573656276506e+00
1.143052166159464617e-01
9.421382258371281682e-02
7.769608400338381959e-02
1.012169169484461589e-01
4.663894600581248717e-01
5.018970111172149640e-01
1.111705610276759293e+00
-9.147085014406976244e-02
-1.966488269827273982e-01
-2.693662966684922111e-01
1.055535727986508965e+00
4.246168256796551965e+00
-3.625442555620356222e-01
-1.028608086590589582e-01
-1.221922915960337086e+00
1.459595745439234760e+00
6.013656688669698491e-01
-1.126741694072190825e+00
4.166824391535746130e-01
-5.859972730445944578e+00
2.813795876997454704e-01
-1.050374239140987953e+01
-4.617786855165229021e+00
3.586375105029896648e+00
-4.808274109726051737e-02
2.884350548632987010e+00
-1.598244622465530451e+00
6.557866675949120427e+00
-5.637390295989155864e-02
4.325186580841717365e+00
1.295168923499028235e+00
2.335201414724561164e-01
-1.031161982505540975e-01
8.975998081122421590e-01
-4.815585194910566580e-01
-8.834640854224614648e-01
-4.381855178245820659e-02
1.489141264180748880e-01
-8.386628798617624669e-01
-8.026453436609550351e+00
-7.690699563746538736e+00
-3.965633108211253255e+00
-1.066806891024969950e+00
1.021058308677777471e-01
3.047645463547747798e-03
-8.405479536493885850e-02
-6.034541420117714994e-01
-3.147332523246020752e+00
9.183330251480478212e-01
-2.752073647531660255e-02
-2.736587727176805984e+00
1.603851084812657035e+00
-8.756656804769100133e-02
9.891765285995887669e-02
-1.985113412228381335e+00
4.390019019441306902e+00
-7.867645815707595691e-01
2.545636094675137739e-01
1.526553254437344798e+00
-1.910067218661295474e+00
3.246694711537645994e-01
1.806449843558956880e+00
-5.920997405375189038e-01
2.956828690496540180e+00
-2.538700734188433783e-01
-2.889847241384349563e-01
1.600065140659187923e+00
-6.219089513951873371e+00
-1.812937562047770612e+01
-1.147077462364664768e+01
-4.315369373538127107e+00
-2.092797973487113161e+00
2.292772466270121878e+00
3.623229406510361628e+00
6.370896775736173412e-01
-7.381226194016571540e+00
4.609396925954397650e-01
-2.289609897934698601e+00
-6.151663453319424768e+00
-6.606454336745837264e-01
3.768160971880281651e-01
2.632294205590738123e+00
6.635586746089374710e-01
1.268002992401916940e+00
-2.025204455063711606e-01
-7.463303220137359473e-01
1.211954434217713317e+00
-3.101984740281756373e-02
-6.195089406578944136e-01
1.327843283869062918e-01
2.534440805417878639e+00
7.738846678873159135e+00
1.076530934082433992e-02
2.071913577173046250e-01
7.312358989693717781e+00
7.115559720639912378e-01
6.031863351701491904e-01
1.042632178465334070e+00
2.105489505264741990e+00
9.524783237625108256e+01
2.565237198380764312e+02
2.560891935840257929e+02
-4.102833766230244095e+01
-1.250581235291474940e+02
1.140427318082108030e+02
1.138603872386240425e+02
1.137587153544130913e+01
-2.887496672423040867e+00
2.419393535005119666e+00
2.452727769569553740e+00
-2.196908246312515356e+00
-7.676926073960701480e+00
-7.184747928927579075e+00
-7.246622084892361926e+00
-1.025661772988384435e+01
2.126515381068478483e+00
1.656410770028600432e-01
2.034775659388150970e+00
-9.184239291359252988e-01
-2.188949591798651451e+00
-2.406578999219195047e+00
2.337676808101305514e+00
-8.481224198937671321e-01
-4.713654575438261385e-01
-4.598749905100513735e-01
2.313321410306492243e-01
-9.553207015021717430e-01
3.472585613298131424e-01
-3.242267819964759767e-01
5.711669292829515271e-02
6.088402641973922336e-01
2.197263578715267673e+00
5.757604712342930142e+00
-9.801019880673011997e-01
-2.131411733429771527e+00
1.321165334068718167e+00
1.662904374587719294e-02
8.871798564325005243e-01
3.184041809440791848e+00
4.489995234117357542e-02
-7.524989718575166853e-01
-1.279214496503761822e+01
4.027464337431177377e+00
-3.109521931856831234e-01
-3.609496466178210738e+00
-8.744354516138972855e+00
7.951494102765961358e+00
-2.478337923830810641e-01
6.023376148171298183e+00
1.412436277619497083e-01
-2.051851296270345015e-01
4.600167382536256011e-01
1.015387625289072143e-01
-5.180448474218891410e-03
9.138188790797532324e-01
-7.620744498478576601e-01
-5.769413295463655666e-01
-2.055877080220501085e+00
-4.089395410635878192e-01
3.188621193964537581e-01
1.785820093473795278e-01
3.960838647075861085e-01
-9.761215016044506865e-02
4.269529013517483484e-01
3.054126014088127672e-01
-5.589996217716026727e-01
3.052532385644628546e-02
1.270124083079767763e+00
9.615688825773811566e-01
3.426461800367701205e+00
6.815659017729573943e-01
-9.111056369445930114e-01
-1.049987717550417443e+01
-1.200860677659695064e+01
3.863633520176652514e+00
4.517106667900940842e-01
-1.829306413465456860e-01
2.403551241047365283e-01
2.721313842827495222e-01
-1.079411516310535335e+00
3.651912774532056538e+00
1.197735482506490534e+00
1.497120174878403320e+00
2.350471863648838422e+00
1.803969546052281814e+01
2.113333221428985809e+01
-3.171761887127811708e+00
-2.561128255207073323e+00
-2.734690976816279928e+00
-3.562769678798121564e+00
-2.361701589927327483e+00
-7.198906503076754060e-01
-1.323119185594612279e+00
5.051364621106918307e+00
8.377063886740092613e+00
-1.344390842237198624e-01
1.681210084821689987e+00
6.773277387186685816e-01
4.790724657657567387e-01
-2.924018826929083215e+00
-9.298336633105384885e-02
6.531935974879835349e+00
-3.820198864959241103e+00
-6.162460080609100110e+00
1.111743209544858146e+01
-6.843613979246555568e-01
5.178364200559654407e+00
-6.393698151204425528e+00
-2.016480927223159303e-01
-2.578142362842011259e+00
3.959587871981419482e+00
-1.348880631804958341e+01
-4.195902973700357919e+00
-4.957042399852391590e+00
-2.179856744539092261e+01
-5.071225434042731628e+00
-1.230030339848284422e-02
-4.790890986453491540e-01
-9.111590072407764751e+00
-2.515312283431626383e+00
2.238863180883151394e+00
2.677599859857614728e+00
4.484814176250895845e-01
3.158219091153167923e+01
-1.927433903103171247e+02
-1.931045983911237442e+02
-8.359964973503628016e+01
-3.268680810167228401e+01
-1.052427757030672240e+02
-1.057036137226961046e+02
8.444580891429706071e+01
1.187879862134990283e+01
-7.173567492513177513e+01
-7.188946438119488391e+01
-3.394004622935700155e+01
-1.815945074390594627e+01
-4.397717720031882038e+01
-4.374348790181197444e+01
2.901962842710986124e+01
1.488493494352777446e+00
1.524561520655115743e+00
6.609388513685162003e+00
1.778011485041595119e+00
6.698453789790868862e-02
-1.767156681459182699e-01
7.694993308039437506e-03
-6.759836837840521584e-01
5.245554205410027038e+00
-1.530555041913368886e+00
4.586789412532392418e-02
4.560979545294518545e+00
1.480640321216698974e+00
-2.215254296990839533e-01
8.329635108504088170e-02
-9.222386587770055044e-01
-7.316698365735570420e+00
1.311274302618900434e+00
-4.242726824463977087e-01
-2.544255424062509707e+00
2.991422784391315037e+00
7.382208358798476866e-02
9.868329008961888027e-01
-3.010749739265717206e+00
-3.244250415820769895e+00
2.199106475227718960e-01
-1.384113470056705375e-01
-7.315047305041881387e+00
6.034880856639295743e+00
1.643482910899204841e+00
1.663698934595699397e+00
3.857887349692742163e+00
4.668380400378328160e-02
6.680287933220886432e-01
-4.199595354510395895e-01
3.594501631508401101e-05
-7.093345104880315333e-01
3.292468147738166206e-01
-2.029619582021657542e-01
-7.747079495089240764e-01
-3.026044055850937298e+01
2.291898728030199450e+01
-1.056825582720389356e+01
-3.043457146405686586e+01
-5.370737035379241320e+01
-2.401386542300940263e+01
8.849841502105808999e+00
-5.360068343062809504e+01
1.149426014725146716e+00
-1.940346363152646525e+00
-3.485683150201610014e-01
1.160731404901177655e+00
3.535737223469340051e+00
1.113448127890920292e+00
-5.740459129496700008e-01
3.531571950602292453e+00
4.161012171042694163e+00
1.074469991286550830e+01
1.709502904170734894e+01
4.263946237401777140e+00
6.864167408516782531e-01
2.999507590327019253e-03
2.096162014982747290e-01
3.820522556876198905e+00
-5.032363222304366834e-01
-2.167893809892143420e+00
-1.930523366543042574e+00
1.291456579403301275e+00
1.254103362381433406e+01
2.793225649630484142e+01
2.787645350215567674e+01
-4.603596915384794208e+00
-1.187190318418081425e+01
1.583138594806050925e+01
1.592196591163624575e+01
5.612185885753207870e+00
-1.518260431455322923e+01
-3.385681069467593574e+01
-3.378928437591500256e+01
5.579702052157524683e+00
1.440700548038179818e+01
-1.915605414753127178e+01
-1.926584027793028042e+01
-6.761365813808320802e+00
-1.471968222640042123e+00
-6.135658573279008099e-01
-6.188190956159114187e-01
-2.312963550247609579e+00
-2.730852375576736787e-04
-6.351612680807566975e-03
-4.294196594264691469e-01
-2.487581041930412087e-02
2.657333044209507222e-01
-1.587189624985809455e-01
7.163723361641796683e-02
2.955428610162882941e-01
9.605673764056670283e-01
-1.586135960063998762e-01
4.312455436817193011e-01
9.624847770631848043e-01
5.470294180185698574e-01
1.913928168200273450e-01
-4.099025928758318615e-01
5.439085312405516071e-01
-5.035549847323369521e-01
8.314945965641980241e-02
-2.260699274427407646e-01
-5.045601343514587445e-01
-2.867665437581324861e-01
-1.003321734387098152e-01
2.148822752544042591e-01
-2.851304920109002938e-01
1.184856125058854071e+00
2.860789055176278683e+00
4.498996894051953355e+00
1.199721411735497067e+00
7.215577654163878030e-02
6.238693728380057891e-04
5.088261923858183183e-02
8.972477915359843292e-01
-1.371445621070976895e-01
-5.743750953742144949e-01
-5.146925779913327226e-01
3.203550134136523564e-01
-1.733268155561264834e+01
-3.868886179058681307e+01
-3.861180074582677690e+01
6.375730572873289148e+00
1.647867240393102861e+01
-2.185974713896812816e+01
-2.198519628646198498e+01
-7.688846919860764295e+00
2.120517867878361162e+00
4.759618641702294539e+00
4.750210513963132541e+00
-7.841450001508457612e-01
-2.038147719901980182e+00
2.667978475286985951e+00
2.683407607605541312e+00
9.195435532597574513e-01
1.948565895031798556e+00
8.107500779172579497e-01
8.186074164773059492e-01
3.062583072709596177e+00
3.795720044923252983e-04
2.001176330988868254e-02
5.806155333502847071e-01
3.342218921918749253e-02
-3.514309956093452092e-01
2.124146798814550707e-01
-9.442795129110727326e-02
-3.912313425958965363e-01
1.804778270164895115e+00
-2.980138837471745239e-01
8.102553093522849581e-01
1.808380825022420035e+00
1.027799662292254501e+00
3.596068084990148850e-01
-7.701502916684233035e-01
1.021935930526873149e+00
-1.444220488740113240e+01
2.384766393130428597e+00
-6.483742465364159990e+00
-1.447103274124930827e+01
-8.224507729880782492e+00
-2.877454961353182128e+00
6.162979351145240869e+00
-8.177584979687049227e+00
-1.454289872902979397e+00
1.039630467406361003e+00
1.363400255302360309e+00
7.926003196790422090e-01
5.489630286841911122e-01
9.305501035713363567e-02
3.382275304325511045e-01
5.474896755504604640e-01
-2.190387187440308581e-01
-9.558395677334802221e-01
-6.068693074172802904e-01
-5.859022623573575395e-01
1.889368586513379800e+00
3.761920674109202056e-01
-4.715682915292170735e-03
-1.812818065083390273e-01
-7.531474606362301705e-01
5.237901892574615692e-01
4.280525006374135799e+00
1.494645391355419628e+00
-1.737943908459015641e-01
5.748908004583231923e-01
-9.734312303951392353e-01
-9.897716423650147061e-03
5.752286174201418634e-01
-3.173937939026302502e+00
-2.335144519729850821e+00
1.054823597379482170e+00
-2.381738190112909215e-01
5.263498716485303319e+00
-1.280027369194550735e+00
-4.851314785945604946e+00
-1.735055988589781828e+00
1.573230323601773506e+00
-2.431350806451620716e+00
-1.670715725806605434e+00
4.068941328658192691e-01
2.824726107947497233e+00
8.203354827036488661e-01
-4.919318786706358360e+00
-5.390629456519927309e+00
-5.319745438417764483e-01
-6.353016439207873622e-01
6.094680521091263570e-01
1.179382068444287279e+00
-1.976441069430720621e+00
8.851262333219727108e-01
5.224907292985037977e+00
-1.095988351530214544e+01
-5.168961965480308507e+00
-4.096518009207344990e-01
-8.856541294730586600e+00
-3.673941662150976395e+00
-5.777889043386007728e+00
2.406828413639925834e+00
-5.885610846053965339e+00
8.099628288181271785e+00
5.616340183893465010e+00
8.970756554617148382e+00
5.087271480058234374e+00
-8.640711323701422586e+00
-6.118207366459076368e+00
-9.796185932256916473e+00
-7.470983314638773187e+00
1.383723714288081608e+00
3.227951367303762975e+00
3.892251669836672257e+00
3.906178169471150152e+00
-4.225401469018371103e-01
4.349397937208248521e+00
-4.295957345501066449e+00
1.322853455923756805e+00
-9.452451357646081131e-01
2.491059236035849445e+00
4.771283519092430758e+00
-1.248914988077709731e+00
-1.308347563408962522e+00
-7.968267918663973770e-02
1.568407743283474876e+00
7.394207565361761159e-01
-2.637417016120189306e+00
2.609664663520897321e+00
1.606783341243524399e+00
-2.435226308469217449e-01
-1.221182285686480018e+00
-1.133674714006696893e-01
8.976833061904648803e-01
3.731060243212733218e-01
3.769689531910789815e-01
1.411093430743161292e+00
1.797282008435344689e-04
1.234287041418851219e-02
2.707560287858423731e-01
1.552969433577197460e-02
-1.618083728077917560e-01
9.847773055114635021e-02
-4.339313749367955386e-02
-1.802352150883592963e-01
8.591087370479503216e-01
-1.418599188631993191e-01
3.856787524018563951e-01
8.608235106018133909e-01
4.892194350400024261e-01
1.711391798219073224e-01
-3.666228420689577883e-01
4.864281938340467293e-01
-7.035962577954763653e+00
1.161809904071946287e+00
-3.158644561899832670e+00
-7.050006282819927250e+00
-4.006624137187218437e+00
-1.401596873557864553e+00
3.002584468997959721e+00
-3.983764320887975607e+00
3.569053186262326705e+00
9.537366265607380988e-01
9.442901119955658951e-01
2.270659346341086238e+00
6.804984966967093651e-01
3.910498568429478239e-02
4.481227577483653732e-04
2.705021468913604288e-02
2.482674835410869363e-01
-4.094117364246819823e-01
-4.558999693405665909e-01
-1.099067333318338030e-01
2.588243616927648461e+01
-3.434001115076303989e+01
-3.453706336956890510e+01
-1.208162141901383002e+01
-2.722752158087919838e+01
-6.077124842739645771e+01
-6.065019180329883852e+01
1.001483189239552729e+01
-3.767580859149988748e-01
4.989514383416709387e-01
5.018175948282102006e-01
1.750569642643781676e-01
3.957392137884452876e-01
8.839593709687996181e-01
8.822003765868483560e-01
-1.456670119986519796e-01
-1.172282118469622381e+00
-2.332407163805394923e+00
-2.169164070604884920e+00
5.497178074199985387e-01
2.427674537506653962e+00
-6.021443288326834953e+00
-6.311810432826404416e+00
1.536088717787565727e+00
-8.051837442120115540e-01
-3.928366894675583421e+00
2.362904483009643730e+00
2.130608055373636400e+00
1.047272972835622484e+00
-6.488095715492629090e+00
8.330663514046086959e+00
-4.462233997626718462e+00
8.301215407628426135e+00
-4.460810240704588536e-01
1.807973871937349708e+00
9.808924854769408341e+00
-5.327272789125869767e-01
1.967141080322843294e+00
2.610314283411106384e+00
9.374779254893274016e-01
-1.638531193654008788e+00
-3.661655311013602421e-01
1.767281185994569181e+00
1.386224525285526976e+00
-3.422239998196191291e+00
-7.517027167693886014e-01
3.275368512678352717e-01
5.399979062321408341e-01
5.796333280632901541e-01
-1.234149222135836554e+00
-1.058313820746863865e+00
-1.040403599251585209e+00
2.961614789094433320e-01
-1.205432925009606082e+00
-1.527217641138888693e+00
5.055557645565660341e-01
-6.999317534023451470e-01
-3.358992911016972505e-01
4.605176301316529774e-01
1.042879048457572011e-01
3.948037402688193698e+00
1.054756181837096074e+00
1.044008170504664657e+00
2.511619918206492663e+00
7.567376333864374027e-01
4.341768127075932432e-02
5.016588725671688965e-04
3.376262514013572691e-02
2.753766928681067871e-01
-4.527449110456675530e-01
-5.042786704247160801e-01
-1.214361310864761762e-01
-4.172778612717824132e+01
5.536327854530215831e+01
5.568096743031767915e+01
1.947817927768247870e+01
4.389643684962154424e+01
9.797580180419197404e+01
9.778063322487024323e+01
-1.614597799409616385e+01
-7.100859015235117866e+00
9.421201747512668589e+00
9.475263127128297214e+00
3.314601296428101751e+00
7.469885744649478632e+00
1.667262379045314091e+01
1.663941183645685840e+01
-2.747574385175780343e+00
2.034198570143088969e-01
4.893468755469145282e-01
7.692025736757305276e-01
2.055063266638128550e-01
9.758777695616479620e-05
6.480446282991327370e-03
1.473353019257205021e-01
8.455064654933567431e-03
-9.825023943296029572e-02
-2.366318731995059599e-02
5.363311786786491980e-02
-8.821260577353010057e-02
7.368473306915610532e-01
3.301322797361376793e-01
-1.214291754994314271e-01
7.353795247712979766e-01
4.163710605108381646e-01
-3.138224434975459554e-01
1.464897424034973805e-01
4.187603056454736739e-01
1.285231706582722788e+00
5.758266062639109117e-01
-2.118004866656195140e-01
1.282671515948722973e+00
7.262467406353340094e-01
-5.473789479012082237e-01
2.555113680707170043e-01
7.304141351745653266e-01
-1.113613139849866540e+00
1.993823284407583385e+00
7.007276714739688828e+00
1.461659094639099488e+00
-4.388933071668387420e+00
4.787797660370386232e+00
9.101176716741939954e-01
-1.624744774480927578e+00
-1.818803430956849043e-01
2.141011925043458053e+00
-7.443037213208154590e+00
-1.853250957116849618e+00
3.624846213190666688e-01
-9.015169212329679382e+00
2.572870388830629018e+00
-5.753475246904252494e+00
-1.495544666128665601e-01
8.352658499560854377e-01
1.973734801631530089e-01
1.512658887581266043e-01
-6.794350510419498723e-02
1.002357262722783915e+00
-3.283223425986476318e+00
-9.843490398794034479e-02
9.949705585071193237e-02
-1.216775376628598249e+00
1.033246836113013822e+00
3.041274445143160032e-01
-4.201858626801890928e-02
2.044775592023692301e+00
2.565601416829117021e+00
-1.193392667871862045e+00
-4.089809193206891180e+00
-9.966832062757075006e-01
1.809526495616400554e+00
-2.865134498852826894e+00
5.615504999366264904e+00
-4.825332474125175075e+00
-1.158581643035089676e-01
3.680584940289497453e+00
-9.452663126159213114e-01
-2.775647842740975313e-01
-2.676369927917615077e-01
1.018794603344314875e-01
-2.860759991422674009e+00
1.811585676878589179e+00
-2.181357379113970374e-01
1.426377797234769540e+00
-1.386308852308807626e+00
-3.334997907010251339e+00
-5.242289947312027465e+00
-1.400552161486684266e+00
-4.446870499241532132e-02
-6.655524367875060394e-04
-5.763582983179876135e-02
-1.004437493018151439e+00
1.612588472138881401e-01
6.695951665067326752e-01
6.011778074350133672e-01
-3.655807706010213431e-01
-1.327519184539806751e+01
-2.962991279810455225e+01
-2.957088977720432865e+01
4.882878329445965448e+00
1.261934753184648095e+01
-1.674300214647139384e+01
-1.683907784859548684e+01
-5.890604352602220928e+00
-2.419105423045114733e+01
-5.399385812457730083e+01
-5.388630193120791034e+01
8.897948556165603762e+00
2.299592519258329304e+01
-3.051035933585509952e+01
-3.068543571443936457e+01
-1.073430296304878340e+01
-2.167697519378741777e-01
-5.214438271676257175e-01
-8.196520875870095812e-01
-2.189886144669028201e-01
-1.038994518526972018e-04
-6.848188215282179948e-03
-1.569391774956712948e-01
-9.007213758009205776e-03
1.046946267414181897e-01
2.521728567397827844e-02
-5.713960203481120714e-02
9.400028501032697825e-02
6.292852090857975256e+00
2.819408453596680353e+00
-1.037034143783601481e+00
6.280316678043909917e+00
3.555908211906346317e+00
-2.680118594520441988e+00
1.251057326144179527e+00
3.576312935665542092e+00
-1.084089298234344190e+00
-4.857109089721797224e-01
1.786531609440349944e-01
-1.081929767576389700e+00
-6.125921134393980116e-01
4.617100047444208655e-01
-2.155293697657051366e-01
-6.161072998581820226e-01
4.260896263756347446e-01
1.594859570296355056e+00
1.014605103588781310e+00
4.217566923058890804e-01
1.753436120118823105e-02
3.055755551613740240e-01
1.352481306523989693e-02
2.024747095683698676e-04
-2.037106756089099302e-01
-4.905985103240826511e-02
1.112197227249126091e-01
-1.828962027770926757e-01
5.444747644820987498e-01
1.904668094564136993e-01
-4.080339978573538917e-01
5.413682526133836159e-01
9.561451858056075892e-01
-1.578829938177974956e-01
4.292400697154870048e-01
9.580536362379687976e-01
-1.144378132619963218e+01
-4.003235146291151736e+00
8.576066615452353048e+00
-1.137848859849755634e+01
-2.009627836568500570e+01
3.318387876643034140e+00
-9.021776243306147691e+00
-2.013639021447195887e+01
2.909350071978046293e-01
6.850903638337279000e-01
4.251389827213453709e-01
-2.551653554819829917e-01
-3.896128013501928944e+00
1.413537366490338343e+00
3.648249319665027190e+00
4.010964998698541173e+00
-4.999788687634091483e-02
2.408801933645743354e-01
7.953650837331124324e-01
1.029909556001231685e-01
-9.519448821374591752e-02
-1.014733773662171545e+00
-5.787642688831694526e-01
5.403779699941838599e-01
1.913960934525807733e+00
-7.748163985056817360e-01
3.552352889048505435e+00
1.633503313444990557e+00
1.482654766828203075e+00
-4.480014310650651255e-01
-1.478633094054544461e+00
-5.306736349069485215e+00
2.983302960756916367e+00
3.447906002138358517e+00
-2.208609998758867210e+00
4.341990977755343373e+00
4.501597297101476158e+00
1.202666054889260927e+00
1.190435733953494335e+00
2.863790274616663911e+00
4.949207680854939700e-02
8.625116937153723962e-01
3.817888165197684536e-02
5.715048501969323012e-04
-5.162365528421714034e-01
3.139258865346437610e-01
-1.384745408630423669e-01
-5.749869071471382931e-01
-3.204989700561570487e+01
2.415628836652256339e+01
-1.127595049218098566e+01
-3.223380765245202184e+01
-5.671836174750070825e+01
-2.541172291089512214e+01
9.346934679006238866e+00
-5.660537832169715244e+01
1.054959706868163316e+00
-7.951323912726258047e-01
3.711610423292511229e-01
1.061013340163213359e+00
1.866950984734228491e+00
8.364564733116370832e-01
-3.076652491462640859e-01
1.863232003615614474e+00
