1.053144212413531641e-03
2.255947438959590712e-01
-3.162345052650149257e-02
-1.176555555555448135e-03
-1.605444444444424114e-03
3.796918722636788424e-02
-4.237032943059307680e-03
-1.570851476818664908e-03
-6.486815708264104426e-03
2.177227178607054388e-03
-2.520007442308960614e-03
5.999999999994845448e-05
1.400000000000131608e-04
3.494519257761397046e-01
3.442555356689093980e-03
-4.454777777777611456e-03
-2.959222222222129654e-03
-1.014469591752552302e-01
1.231884571262968501e-03
1.873055555555755034e-03
1.931944444444646559e-03
-1.783860999579448686e-03
-1.583004097987809975e-03
-4.330929714465066717e-04
-5.832526589262746874e-04
-2.184368703447066290e-17
1.653277777777722524e-03
-5.039977851839734513e-02
-7.135958437205686122e-03
3.364344528685939396e-16
1.607722222222032890e-03
-5.349005437316922684e-02
-1.095124657889481878e-02
-2.863416574115347848e-04
1.054424054374410559e-03
1.833333333336791145e-04
-4.333333333325668096e-05
2.420125685753750089e-01
-3.961196182249723612e-04
9.988888888876492451e-05
2.211111111172467831e-05
-1.231941283392465510e-02
-5.038446817224533948e-03
-1.125499999999553290e-03
-5.550000000017414376e-05
2.729333333333091617e-03
-3.240611111110932533e-03
3.382666666666230351e-03
-1.788388888888568133e-03
1.975859140256100519e-03
3.758125659475499997e-04
3.637739525408803704e-16
8.519893805762678995e-16
4.613303160423561609e-04
4.311709431653441144e-02
-8.233333333358066697e-05
8.433333333281731528e-05
-6.777777777792953003e-05
-8.499999999972324995e-05
-1.122222222221322131e-04
-4.499999999956057569e-05
3.690891231128792804e-01
-3.619410673144874899e-03
7.442047048190400262e-16
1.384830849042334208e-15
1.362258259062317824e-02
-2.565743864481119865e-02
4.977611111110628352e-03
2.985388888888286171e-03
1.564444444444120083e-03
3.561611111111333793e-03
2.475555555555781443e-03
2.869388888889552736e-03
-6.826761673762608840e-02
4.006675775807292013e-03
-8.912891688565085335e-16
-8.966676117663495664e-16
-1.391415804118209532e-02
-6.922844760967945170e-04
4.325563467579843051e-03
2.364488779585276895e-02
-1.186965946329397769e-03
-2.970391071434571109e-04
-1.282226761480226556e-03
-7.047394167044630526e-04
-3.107666666666410258e-03
1.217183813834698224e-02
-1.404412791921822064e-02
-3.479523531901565492e-02
-3.914333333333175173e-03
-5.656835587040399613e-03
1.401623493240020286e-02
-4.059282812848077036e-03
-2.234405712360219111e-16
8.803958810371876081e-17
-1.568777777777731041e-03
-7.104380380631375447e-02
-1.656841441954677975e-03
-2.621802672741134488e-02
3.889876409056344734e-16
9.583465004029430965e-17
-1.573222222222166004e-03
4.579177507569647670e-02
-1.156844898012948132e-02
-4.075685719276064128e-02
-2.106775444288714813e-02
-2.237732204207318332e-02
-1.201813180055255551e-05
2.104673198231314955e-05
4.908142249860796003e-02
-4.690466659354119300e-02
-1.198059064932651130e-01
2.233699808414290472e-02
1.537379119575332104e-02
1.126353542021663219e-02
5.160869532194624354e-02
7.131776304556088075e-03
4.156393612351973882e-02
3.143246654621104086e-02
-8.525163852044843199e-03
2.756760424896513833e-03
-9.751814150265400438e-02
-7.691163606962538035e-02
-2.102045297678841081e-03
-1.086587083017383627e-04
-2.460421959167099874e-03
8.536403415934873048e-03
2.655734626070818324e-03
2.383123433445047228e-03
-2.378958747306226043e-03
4.290274423871866596e-03
-1.302918418986631979e-03
2.018414953816072624e-03
1.958925709654242286e-01
-3.338066022641131975e-02
-7.946065407134504655e-02
2.529026070602903575e-02
-2.108755471149304297e-02
-8.086852723991150294e-03
-1.310442559448099856e-02
7.854214080586662330e-03
7.826994417960435671e-03
-9.754690968358495275e-04
-4.408846569249193909e-03
3.025891562216857875e-03
8.300947344354382695e-02
7.131033409200780715e-02
1.671463208476486051e-01
-1.608452678747040315e-02
5.306442166032993533e-03
-1.380628577956506719e-03
-6.713631743272902496e-04
-9.535175707575768711e-03
-3.220347806508077910e-03
6.232197686860665650e-03
-2.494497224795158867e-04
-1.169527274345164361e-02
2.060426496106189942e-01
1.283446123629973512e-01
-9.871938363994746043e-03
-1.039726918683248069e-02
-1.218947663009516472e-02
-1.943798660688081728e-02
-7.984504101131300073e-04
4.464521943753521453e-03
-1.052890884838090374e-02
-5.525398997694941361e-03
-1.294319459869369736e-03
-6.803161848736257768e-04
-3.262487625756941602e-03
-1.973313823552653654e-02
1.609904353819961937e-03
1.759071189993910650e-03
-1.431235686751078091e-04
1.912800715743320605e-03
-2.110811804980300931e-03
1.926808000933112001e-03
4.110327976015761692e-02
-5.482208469811244295e-02
-1.578768365145135633e-01
1.912138289633892249e-02
-2.552259513670372161e-03
-2.093378137374832249e-02
-1.538522858514462495e-03
1.215870276742737855e-03
-3.311884286044558556e-04
-1.549366644329569671e-03
-2.104916052952673195e-04
-2.405065681076088389e-03
1.000271483966501049e-02
-1.131205799003451480e-02
2.398418805654091782e-02
-2.379253975465506123e-03
-7.895447020920955822e-03
1.219944087778057455e-02
8.120911362041363657e-03
1.462004303900270828e-02
-8.299723064449344252e-04
1.440475204142158822e-02
-1.855057567074426495e-03
2.629616008945232300e-02
1.680115934688892337e-02
9.097971153499339811e-03
5.964121248397733334e-04
3.584416033625890258e-02
-6.593024885705370437e-03
-4.232215366026774971e-03
1.298863206027809974e-03
3.667004296205452624e-02
-8.091894413094628813e-02
-5.216679150237066298e-02
-1.514209678205560156e-03
-9.555316024815936095e-04
3.711813918758964746e-03
-2.871743860217611938e-03
-5.813542765796979100e-04
-9.633373986778737911e-04
1.140302835086542824e-03
-6.909462200437844169e-04
4.781219168623564077e-04
-4.237574936038790451e-04
5.037653413674686095e-03
-4.980866092308878015e-03
6.838939177076783834e-04
-7.007037801574400636e-04
-1.403257502371898884e-02
-3.983659196244941636e-02
-7.488718497200137769e-02
2.771674491664795695e-02
2.986663952418183027e-03
-1.163168887118572626e-03
4.199713869819494093e-03
1.229763237475107671e-02
4.855737237497713063e-03
-2.009725862300212103e-03
2.595766705684773856e-03
2.809111717847174658e-02
6.802249895065531904e-04
-1.314901091930631340e-03
-1.535244109392753815e-03
4.674275869959791142e-03
1.911144842295149360e-01
-5.051471414459164644e-02
-1.176240940770224425e-01
2.387568962989535318e-02
-1.793760394905801782e-03
-1.497574129693415509e-03
3.162962233018722005e-03
3.230570355508916784e-04
1.671547165257292016e-03
-1.799498256268173635e-03
1.440820380818518421e-03
-2.263762144017310556e-03
-2.190082679359196469e-02
-2.612884723736961026e-02
-2.380980431770461647e-02
4.654700736320183975e-03
-1.993524134633140130e-03
2.335971340235210025e-02
4.115000885246365703e-02
5.407479616165904515e-03
1.507056193956003275e-03
4.990951023180882976e-03
-2.997816169148912260e-03
2.454571281300185412e-02
1.337277596476853583e-03
2.170992279740582755e-03
1.224263228178138667e-03
2.924904967171054748e-02
-9.166062905106225206e-03
4.306251929763567875e-03
5.133093504816212301e-03
1.454972953491761581e-03
6.578587303170950473e-02
4.618503165386998038e-02
1.176936945627108932e-01
-1.967060249410259795e-02
5.185403824539466106e-03
6.599951125900274966e-04
-7.620542959678154767e-03
-7.315934665465268459e-03
-1.323364153629170417e-03
-7.966453798082348547e-03
-4.507498111984454560e-04
2.721600720070643104e-03
-1.848788703492992846e-02
8.064869432094388599e-03
2.175023562419197906e-02
2.037376890511352970e-02
8.324104435549461653e-03
7.823837644565269367e-03
1.238357887631360166e-03
-1.287899928298626498e-02
3.237338460305633540e-04
-1.812265124091518931e-03
-8.662804768546641335e-04
-2.070217829267608639e-03
-1.211142620334908389e-02
-2.705999071716126692e-03
-7.990429853373778174e-03
1.297762516286853941e-02
1.365300410120294863e-02
-1.528284697661657157e-02
-3.819948891901320254e-02
-1.980733181892015832e-02
2.102904929602222080e-03
2.548794389493615545e-02
1.619846079842241979e-02
-1.692241794897534485e-02
-1.999014689724556634e-02
-3.072287474313531094e-02
9.020569163316274550e-03
2.750189004787024615e-03
-8.680986798987912201e-03
-7.352179280880459002e-04
1.099930931173278767e-02
1.086882749545769501e-02
1.594345759751019387e-01
8.954159348809698216e-02
-3.650209827783941399e-03
3.922663153977909260e-03
-1.752793854447787236e-02
1.132441017224395004e-02
2.371961945004026975e-02
2.864839673162837552e-02
1.233977748623741599e-01
-4.617045561594079056e-02
-1.684710298347158811e-02
-1.221323429106684240e-02
-1.916411938466761793e-03
7.946233066101567391e-03
2.586921354175946656e-03
2.988830576880008652e-02
4.023974011190615749e-03
-3.368938445517574015e-02
-7.029022697801368125e-02
-1.030343288039164105e-02
