8.761135373955677985e-02
5.006557515599907582e-02
1.371595516987734282e-03
8.372140362070004671e-02
-4.358058601280023064e-02
9.223464709514819782e-02
2.766699964929109634e-01
9.304489785124268539e-03
1.526986740242723961e-01
-9.401730258606162682e-02
1.740231097319864528e-01
-5.341458544854644774e-01
4.024968524559174865e-01
-1.955952132930701901e-02
1.188074342001775446e-01
-3.388308460290548330e-01
3.265039097778141830e-01
2.283938097486061247e-01
4.270344907344542085e-02
1.175365635350243167e-02
1.472736678476816996e-01
-8.659476128976184572e-02
-7.701298409671425427e-02
-6.003666908037965516e-02
-1.218076155460326992e-01
1.984963892178240319e-02
-7.768395265134196703e-03
-1.468395104336468228e-02
2.388213232172377298e-02
3.865921530846147449e-03
2.283581859703756253e-02
4.711697821238626516e-03
-1.599568801295392362e-02
3.603013304607712713e-03
-2.837740175104846909e-04
-6.522618176112891623e-03
-1.202370063698258822e-03
6.923950405130370120e-03
3.385071603129344991e-03
-1.188800631964852033e-03
-1.140090412470678560e-03
-1.898598588658338415e-01
1.438029051252799062e-01
3.943945164819163268e-02
-5.807439296134717793e-02
-4.394642191014420246e-02
-4.487014298409190693e-02
5.879748134583892560e-02
-9.194582450159707876e-02
-2.383253351116410360e-03
-9.324917054554102613e-04
1.024660606723552412e-03
3.616135656498834384e-03
3.273344708560160105e-02
1.061061217914153754e-01
6.614601565619736279e-02
2.704802999037707323e-02
-5.325718312403417490e-03
-1.116895806492121260e-03
-9.742436966806902049e-04
1.288033505878030064e-03
2.496220910298213927e-04
-3.394734922586751732e-03
-1.287853472777827357e-01
-1.725073286254430183e-01
-8.473342263190339341e-02
-1.262883798812403924e-01
3.192600736475175588e-02
3.737981358152869249e-01
5.908431278423842414e-01
9.049769610208956150e-02
8.276199957354476999e-02
2.288224988791920933e-01
1.233247990855713128e-01
6.346944049759076223e-02
-1.372374440102999520e-02
1.591332285416451530e-03
-8.354452059713956061e-03
-1.411744492923875912e-03
3.341775874270327962e-03
-3.195977443202143841e-03
2.134870627728291045e-02
-1.713856010833165241e-03
4.931807018865267279e-04
1.425721196933747020e-02
1.015072355617423205e-02
5.765273613273115896e-03
-1.100790759015455277e-02
-1.235723133153046951e-02
-8.245730836362839822e-03
-6.651240367220951667e-03
2.481611664832438294e-02
-7.686434619066917322e-03
-2.948042546239525510e-02
-2.998182593117873149e-02
-2.545790872870297081e-02
-2.030075579751450601e-02
-6.778736013364942232e-04
2.306844327974987615e-03
1.393208120459931039e-03
-9.581080974377563725e-04
-4.368971488585748279e-05
-1.391450232203051513e-03
5.248333333335819225e-04
2.689077996370599095e-03
2.618931489395944466e-03
3.953754789535515735e-02
2.985711799629063301e-01
1.747070373382486608e-01
-1.134733846652340311e-01
-1.775858478386737943e-03
-4.966124618924183665e-02
-8.141345325414205136e-02
-1.515528889287163193e-02
-1.436339036827646853e-02
-1.345950226425663143e-01
-7.903152077965604205e-02
4.116795168828622786e-02
1.029535441099601115e-03
3.067115232338211202e-03
-2.565185328403787011e-03
1.836952095639747410e-03
-6.418703117179904013e-04
6.092867990672439123e-04
-4.173055342610595768e-04
-2.831095086660916429e-02
1.180734581780422399e-02
5.295528947222656081e-03
3.285891059417895069e-03
-1.144337966298819651e-03
1.816666666653906284e-05
2.077744736800154167e-03
-9.287850385773874923e-04
-2.214461420642965372e-03
-1.200153753823245172e-03
8.077777777716968477e-05
4.452444444444737803e-03
2.222222222224740930e-04
1.458888888883256533e-04
-3.439216728995776002e-04
2.434857964772382550e-03
2.695665047210015928e-04
3.104922719322127447e-03
-2.145198163354998435e-03
-2.364623888300801998e-03
-4.293839317048531341e-03
2.265164824479600381e-04
-3.025555555548342657e-04
-6.084222222222245187e-03
3.550555461012239178e-03
3.011683081875157503e-03
-2.018794784769378358e-03
2.838905934403394794e-05
-4.534499999999762679e-03
-3.137722222222415289e-03
3.228572747289156853e-04
3.421013359489140371e-03
-4.225267831003426226e-03
1.455529581487129609e-03
6.019944444444379032e-03
-1.707719837072990470e-03
2.783313163208536896e-03
1.052222222207248569e-04
2.483555555556611703e-03
8.977777777775550281e-04
6.811111111026841864e-05
-4.331585127183633192e-03
1.342220526292491880e-03
1.142973429817288568e-03
-1.717017786437852059e-03
-5.716345061297106343e-04
1.578187760907367922e-03
-3.253500875425283361e-03
1.436753973940929456e-03
-2.514444444431785763e-04
-3.659777777777716706e-03
2.652655314899431908e-03
4.607938736831304963e-03
-2.281717860094365901e-03
-1.405329355312979426e-03
-2.084499999998688964e-03
1.567222222225884564e-04
3.765522393141069925e-03
2.686615806022823842e-03
-2.446268585109911617e-03
-1.373355017694654267e-03
2.211055555554683385e-03
-3.235367050367518160e-03
4.596251051763390431e-03
-1.155555555604936602e-05
3.426000000000221837e-03
-3.116674687754405237e-16
-1.328781415572601798e-15
-1.257756427815205202e-03
-1.082592560322728813e-03
2.512542948646658610e-03
-2.276836294182478255e-03
-9.651687110834321261e-04
-3.377952380167547654e-03
9.915826577851995401e-04
7.337925967186576309e-06
9.277777777874902205e-05
-3.966666666666000818e-03
1.694413593865111032e-03
4.437088076412788046e-03
-2.512904190195092147e-03
-2.706699878503970435e-03
-1.983666666666840904e-03
2.116458765514211394e-15
8.178995376798914654e-04
8.028588086770361860e-04
1.594986688453479398e-03
1.069741644365853348e-03
3.709722222221006720e-03
3.569944463444925040e-03
-1.894488855032697150e-03
9.955555555541700959e-05
4.025999999999820521e-03
-1.438837422524528641e-15
-6.347150275516926700e-16
4.680916328569795096e-04
-1.501040763748296737e-03
1.663787951965674380e-03
-2.703769461676580176e-04
-8.222027360959287441e-04
-1.925724599003584767e-03
1.037454638285904103e-03
-8.929824417895903263e-05
1.722222222287278569e-05
-3.153333333331523759e-03
5.103919686882157219e-03
1.989285648439327765e-03
-1.795597891151592311e-03
-4.086098812822432438e-03
-3.090333333333708955e-03
1.453739161399863638e-15
1.133394211662757658e-03
4.091509956902841805e-03
-3.348715003929321542e-04
1.435369752743835287e-03
3.345277777776788086e-03
-3.580845186435280877e-03
-1.367286028985120186e-03
-1.353609256801355243e-01
1.014715156304693555e-01
3.262702218879723892e-01
-2.398835391179185150e-01
-9.380245402671809341e-02
1.406430120495582303e-01
-1.175653216035048992e-01
-1.138664862584878729e-01
-1.396698621924714195e-02
5.931543841502744281e-03
4.571795295822695358e-03
1.953520271600177501e-03
2.627584259424302696e-02
-2.959902072497448081e-04
-3.410471204062102968e-02
-9.425193719693261696e-03
5.817893355611827725e-04
-5.010240546624444499e-03
8.949707026558394174e-02
1.938904951827692402e-01
1.198542799789386187e-01
9.378357902583021877e-02
-9.892492606998046136e-04
-1.487393478160760601e-03
-1.729785799175526800e-02
-8.621485997129264486e-03
1.669732858142595122e-03
4.785684560735331550e-02
-9.688933878142440975e-03
-2.126330861079150578e-02
1.556134007057585478e-01
1.002784269736769762e-01
-4.442073085571811297e-03
3.693744304868989536e-03
9.656749215283500290e-03
-5.081550408572246564e-04
5.561080181586209974e-03
-1.143229655326231812e-04
-9.914808442640214194e-04
4.477623978743360575e-04
3.901324218695230179e-03
3.177983126767665051e-03
-1.179527338148619441e-03
1.159163506933457398e-03
-2.209103633979860818e-03
-2.075991056458254685e-02
-7.433208632011951977e-02
-4.726200932268586480e-02
-3.065949156347505360e-03
-9.178397547616339892e-04
5.862469825745920135e-04
1.170421026790267969e-03
3.774962393682782316e-03
1.965703801691890025e-03
-1.596490544153854677e-02
4.469851109987934418e-02
7.725467267844521313e-02
-2.951077821768443438e-02
1.826016785539641115e-03
1.586077023216779514e-01
2.483656110005352524e-01
5.888992810583253829e-02
1.067455513402690293e-02
6.756090313505386247e-02
2.783528138007207095e-02
6.506427883557707424e-03
2.536249649663561978e-02
3.061374133245272494e-02
2.823158495417701225e-02
2.413266079848017803e-02
-1.452631867632646085e-03
-1.148860711114721087e-02
-1.361767467316124351e-02
5.320592082017388397e-03
-4.793697580366520009e-03
-1.140791920933966093e-02
-1.102062436731393591e-02
-5.375602911787169362e-03
1.992731856125482814e-01
4.628952297905438718e-01
2.780994479645313988e-01
1.415718321767366616e-01
-2.999005364634311707e-02
-1.331763581582392497e-01
-8.335026823026155107e-02
-2.532351732149287424e-02
-3.456822600097802373e-02
-2.517476082497343559e-01
-1.499850113133910368e-01
8.624017427770501454e-02
-9.191869959445243821e-03
4.102606689195445466e-02
2.110192145338427860e-01
1.062146729333931089e-01
8.327917011954844018e-02
9.887579556640227474e-02
-8.200972691796409864e-02
-4.286641271908195328e-02
2.231690601593040724e-02
4.334840274370690277e-02
3.819289084190073680e-02
3.185253926296904153e-02
1.958267773962519068e-02
6.103737915886228542e-03
3.946968684955602137e-03
2.934915001598806597e-02
1.953733143105755229e-02
1.815882502909167001e-03
1.085569510558049774e-02
1.679509915435500877e-02
-6.545846867734518050e-03
-1.090882541399776709e-02
-7.733385709463593514e-03
-6.494614105409092161e-03
1.672735262879517697e-03
6.595344664925588060e-03
3.039640968989610042e-03
9.952397188731775413e-04
1.072377404039091126e-02
2.458622245096460726e-02
2.968452031536429267e-02
6.215533431367051102e-03
-6.853373533262932353e-03
7.545344003808019274e-04
2.436175465784104488e-02
1.209896509093222501e-02
2.449977109613306336e-02
-8.858020486837642551e-04
3.137839863731120560e-02
8.680010132515869961e-03
2.968465782069683583e-05
-4.781090226957572520e-03
-2.591972724616151916e-03
-1.102996873719106798e-03
-1.033443573869469168e-02
-4.842369050370980837e-02
-4.110819268717195302e-02
-1.784817008706843927e-02
-4.558981235784046945e-03
-1.081759675579662371e-02
1.347064547455442988e-03
-1.178713488382665976e-03
-1.439884182148978842e-02
-4.741025633159185598e-02
-5.120608909344383529e-05
-4.076511009418623543e-02
-1.373016463210897497e-03
5.076726936549730285e-02
-5.111858720563812984e-03
-5.265399526080994123e-04
-2.528791572489086925e-01
-3.019482150502509135e-02
1.034143854618399666e-01
-1.452107267411697489e-01
-1.386465198429420384e-02
-1.310811981144572279e-02
-1.483121156210252291e-02
-4.772620111990934742e-03
-1.408155437741566152e-01
7.148585593853871989e-02
1.398227719326725245e-02
-1.804216519491288473e-01
1.033242160186807149e-03
-3.491379127336976217e-03
-1.117430484987820506e-03
7.562877132866450448e-04
-4.368311288378029511e-03
-4.611869028279438031e-03
2.037341420151244709e-04
1.099868779093086642e-03
-6.023025353860278312e-03
1.237311029617852061e-03
1.170340388668472155e-03
4.291189894941591261e-03
-1.114981801308296975e-03
8.005193294449425637e-03
-1.573295375124286050e-02
5.627172359692739732e-04
1.476559165783800705e-04
1.333769218217540319e-02
3.977857569961074091e-02
-1.405677953758392067e-03
-1.316030324225088768e-02
1.012281222195470648e-02
-3.305265836051201299e-03
-3.179720062867734398e-02
-3.443864276394379320e-04
-5.367646301350820388e-04
1.499877940140191979e-03
1.963956564233342061e-04
4.104853322251752242e-05
-1.428881706801350421e-04
-2.117239527253304311e-03
5.068981407450532506e-05
-1.096938879724649804e-02
-9.639607584258110332e-03
-7.465308877514528416e-03
-1.246069717135741932e-02
-1.844872364657462978e-06
-1.073939699899646721e-04
1.049413618339474366e-03
-1.844872365329450426e-06
6.591721326425423189e-02
1.477385578817531778e-03
1.549804681536933945e-02
1.084111622318982421e-01
2.200785009354196825e-02
7.415120130087281963e-03
4.813869498360773790e-03
1.141321179170201724e-03
1.366038512894720132e-05
9.665457299022575546e-05
2.039277434954337722e-04
1.366038512896475184e-05
-5.903841676749664938e-03
-1.645828420876051625e-04
5.832310140163099281e-03
-5.856408286112484846e-03
-7.016683297099837041e-03
-6.096320047202260020e-03
-4.284043521360109998e-03
-5.616318711075303158e-03
2.345419354846936999e-04
-6.375483870937526565e-05
-1.650177949522457777e-02
-1.586036195393236356e-02
-7.138745492514848509e-03
-8.591773126990845388e-04
8.208302129338750061e-16
9.289548387101305990e-04
-3.593197260152217708e-04
-4.727519177291337332e-03
-3.297693058801695479e-04
3.084334386263951153e-03
-7.444673301309945312e-02
2.677437822504133771e-02
5.000490040383543527e-02
-1.287070023107067529e-01
-1.292569360205581275e-01
-5.252890641566031887e-02
9.226242601905380522e-03
-8.946355805584027543e-02
-4.167644109723285528e-02
-5.099368118900567820e-02
-4.702342055854662195e-02
-3.940082044133316058e-02
-4.249455044732640407e-02
1.620024407837334160e-02
2.388101725141878948e-02
-2.652220475693696511e-03
-3.279302704857865042e-02
-4.874827059116125516e-02
-3.344007520555986740e-02
-2.812641089284543747e-02
