1.980046274038466265e+02
1.530741319444440762e+02
9.222568609775779747e-01
1.978057692307694992e+02
8.601587206196555258e+01
1.815034254807692093e+02
1.459868456196583111e+02
1.814829660790597643e+02
7.555862045940172322e+01
-1.122003205128207526e+01
-4.568255876068418431e+00
-8.657652243589591734e+00
1.668999465811965308e+02
-9.993195779914604060e+00
-5.244644764957246963e+00
-1.338050213675202471e+01
1.711909521901710889e+02
-5.706287359601512792e-15
-5.245896240339226156e-14
1.115922123427874812e-14
4.299709512418006564e-14
1.398065905448720336e+01
4.802514022435881103e+00
4.639192708333306214e+00
2.114106570512822003e+01
-6.134872033848428406e-16
-2.953194538610880142e-14
4.479890347685042319e-14
3.623735413825712728e-14
-5.081129807690828309e-02
-3.516968149038461178e+01
-3.582224559294876798e+01
-2.039262820512775798e-01
1.104829209664392799e-13
2.015348174915078171e-15
1.700562449400164091e-14
-8.988670121023248203e-15
-3.391426282051329122e-01
-1.648637820512825203e-01
-1.429286858974378460e-01
-3.570212339743304986e-01
-5.376198918269226823e+01
2.559568309294871113e+01
-3.728735977564103621e+01
-5.398386418269231513e+01
-6.008562700320513272e+01
-3.980094150641024697e+01
1.826661658653851106e+01
-5.990901442307684732e+01
1.684392806267803522e+01
9.366419604700915613e+00
9.121383101851941788e+00
5.707276086182181629e+00
-1.001582115320222838e-13
-4.586699761328542312e-14
-6.515432998783687418e-15
9.748009464236872869e-14
-4.842325498575450027e+00
-1.912293002136723707e+00
-3.450509704415881007e+00
-5.565649483618393845e+00
-5.961379223435932573e-14
2.454876232587027582e-14
-8.570690473414495479e-14
5.343936840295253987e-14
-2.171799879807663203e+00
-1.345653044871889525e-01
-8.105916299532681619e-14
3.316553794143183076e-14
-2.218299278846391220e-01
2.929186698718097559e-01
-9.803950095590826319e-15
-3.566082034458944469e-14
4.869691506410274151e+00
2.567533052884654499e+00
2.978540665064145720e+00
3.241411258012757646e+00
-6.950646033653836930e+00
-3.595753205128458113e-02
-9.390024038529839329e-03
-6.674153645833335702e+00
-2.906149839743275565e-01
-3.465294471154654055e-01
-2.727864583333329818e-01
1.694210737179286108e-01
4.100272658475770271e+01
-1.355378494480058862e+02
-1.355719484508547055e+02
-7.637764868233632853e+01
-8.818979255697985309e+01
-1.630739516559829951e+02
-1.627425213675216185e+02
2.357397391381788054e+01
-1.318241408475781817e+01
1.719429976851823483e+01
1.720916800213684539e+01
1.689647881054132839e+01
1.579035345441597826e+01
1.524402377136754438e+01
1.508466880341866911e+01
-1.300967102920223617e+01
2.213188879985755264e+01
-1.126357727920724999e-01
-2.439458689458626484e-01
2.122750845797710895e+01
-3.700617543501960456e-14
2.734714256144240220e-14
-6.761112335749353409e-13
2.410715608325923988e-13
-1.180396412037027076e+01
7.277199074069370943e-02
-5.052528490027908825e-01
-4.672820957977315004e+00
9.698304419399128582e-14
1.738310885551189221e-14
-3.603955616606228882e-13
2.064339450481697404e-13
2.345252403846215528e-01
-1.299579326923742777e-02
-7.926642554525993136e-14
-1.527814429396991432e-15
