-3.837261412160570817e-01
1.882933415142624411e-01
1.079773085430176189e-04
-1.646361363746222384e-01
2.636746101142962706e-01
-1.237651643472366531e-01
1.472332439831860740e-01
-1.376284192786220439e-01
2.459157851999880517e-01
-6.477261553946142558e-02
9.841797259023264688e-02
-6.168233412030176277e-01
3.104115680967407531e-01
-2.340117372974953244e-02
1.228458963590051412e-01
-3.193822016686458376e-01
2.949221544150900098e-01
8.577411979930626984e-02
-5.131412445043929786e-03
1.894438127348621256e-02
1.780779138934186212e-01
3.678292483563071896e-02
6.797944442324635461e-02
3.803470571027255109e-02
8.597642392038309933e-02
1.682236778298394284e-02
-5.212929015431064239e-03
3.706983508981740501e-03
6.597351156891791656e-03
6.743848153869588802e-02
1.891738344557341092e-02
5.209154890876011024e-02
-4.542686504512985848e-03
2.106405780576952463e-02
1.096393745810622222e-03
-9.195935122733705711e-03
1.102494857357730514e-02
-2.031658365414172433e-03
4.077304245733914118e-02
-2.428284229072851658e-02
3.534973103466396149e-02
-3.916642159282460178e-02
8.187437988114398130e-03
-9.631102084908720138e-04
3.806415688706431266e-02
7.032590467487034869e-02
3.362699945450010300e-04
4.709624799028110098e-03
-1.734050960421948673e-01
5.177558825345076644e-03
1.055541277291982896e-02
1.556792652592712232e-02
4.278959640389871704e-04
4.980175152643299789e-03
-2.195604339537161605e-04
1.485039760645790081e-02
-9.725554845857463035e-03
3.272586119055159171e-01
-2.375408651349848396e-02
-2.923643252589685354e-03
1.855330091779509027e-01
-4.734274303157532185e-03
-1.660952366352270396e-03
-1.867218676122792218e-03
-5.835569777191278000e-03
-1.877893163866199144e-01
-8.976843795755948957e-03
7.195247628681899175e-03
-3.680957993871176309e-02
-7.839530670985894387e-03
6.381997221284799876e-03
-2.634646117798427299e-03
-1.445708732046177038e-02
2.610500238212734234e-03
-2.030369083780578232e-02
-2.253253581568922040e-02
4.581196557671245867e-02
5.893069854161568921e-01
8.761315882335780902e-02
3.321100057717160658e-02
3.327386032032824681e-01
1.245800122680719713e-01
1.491349484609508225e-02
4.738896827011229718e-01
9.889422789364481214e-02
-4.878092271000403907e-02
-3.517021792877578646e-03
-5.358559620453843403e-03
-2.053622284929855143e-02
2.921592775631291078e-02
-2.565449911031903243e-02
-3.016281357097523597e-02
2.944842144499719427e-02
-8.690317823446045212e-03
5.582048784820580097e-03
-3.331551562294482547e-03
-1.211893102432458347e-02
4.374572582094956447e-02
-3.690032078339595262e-02
-1.737550460287209247e-02
-9.572903547785031539e-03
6.756348659476497411e-03
-1.522768103950735211e-02
1.391317360607177873e-02
-1.271152475081097945e-02
2.925618062966031316e-02
5.122877079652644605e-01
4.307188946277436536e-01
-1.400351741460283683e-01
-9.086326305543039605e-02
4.166568448300803085e-02
1.440947468291538247e-01
5.686068064693304558e-02
1.037311546187056829e-02
2.706319352952242796e-01
-1.791236229159416660e-02
8.140298488421350911e-03
1.398659362084976815e-03
-8.654861195913915103e-03
1.533301357105485152e-01
8.293575867650605088e-03
-8.555710499114932985e-04
-1.641823274577457713e-03
-1.243359242327583651e-02
2.102732198738886393e-01
6.153576393594736155e-02
-9.341233008188986817e-03
-7.991927210437168791e-03
-3.544916055883489542e-02
-2.062589967402890523e-02
-2.104084155298140829e-02
-1.423897948353206565e-02
2.567561182477186982e-02
-1.772968648084962198e-02
-2.403829944738969902e-03
-5.808807868271983338e-02
4.517037052185479684e-02
-2.235674468082022442e-02
-1.209000037497062752e-02
-5.780361764994665363e-02
-1.073766863306784003e-02
-5.329992410315227951e-04
-5.126866521392583510e-03
2.317150259096668538e-02
8.105381224372081722e-03
-8.166736846928993043e-03
1.139831134213802402e-02
-2.131346781570913132e-02
-1.676696371325659546e-02
4.925789848830325335e-03
-2.163747493994570489e-02
3.065323917561635185e-03
7.372261691855805897e-04
2.672200140335007513e-03
4.955634626432555562e-03
8.475434350541476277e-04
4.814635735613026490e-02
1.842763064721426175e-02
-6.270003036655260546e-04
-7.823322847435551161e-03
-7.726212560194373191e-03
-2.531362844220146156e-03
1.115199999998960686e-03
6.465504042692997531e-05
-5.132868728564132918e-04
7.349423878070797389e-03
2.300927460947557388e-03
-5.976774890554435032e-02
-1.585864928900434720e-02
-1.267092046478185234e-02
-6.130948693266602412e-02
5.243060414971731364e-02
-3.619888497451723836e-02
3.013776912830396903e-03
-2.105020330522362662e-04
-2.914798919389834098e-02
8.377153680649968709e-03
-7.957379286168762833e-02
-5.974091646492599161e-02
4.421520162973821902e-03
-3.341789948692434464e-03
3.952254613636011632e-02
3.336628635326362169e-02
-1.692580919674712206e-03
-9.835544018454889410e-04
3.492401400199967362e-03
6.513300638647871732e-02
2.376620803032712236e-03
-8.303137586332489436e-04
-1.217524166146405525e-02
3.559520728693448726e-04
2.079566075918579462e-02
-3.026888492512246846e-03
5.698868937288709483e-03
8.355902121490106291e-03
-7.355776028989902127e-03
4.016627589102476220e-02
-2.538980302137435960e-02
3.955781414295762068e-05
5.338468295494867150e-03
-1.275649488428731194e-02
2.090239450487984749e-02
4.690692216861845100e-03
2.507218169443471592e-04
1.538391531380764758e-03
1.939999999984057071e-04
-1.915666666667936681e-03
-1.423064222489765243e-15
2.327273674278003120e-15
9.340774084140760587e-04
-5.291456534668660845e-05
3.643831919459626645e-03
-5.105498637554165909e-04
6.621704950024699058e-04
-4.652945697349861361e-03
-1.040478761542421905e-04
-2.172831244950638888e-04
1.032222222213306605e-04
-1.839944444442739163e-03
-2.448024435399164022e-04
2.046338089713750294e-03
-1.891246705285764542e-03
5.308919661534703370e-03
2.983333333378726968e-05
-1.201801921880366101e-15
-1.167036433339729644e-04
-1.514685796271079445e-03
-2.570822084835097665e-03
1.135199521925192231e-03
-1.973611111102729562e-04
-7.091357565720597493e-03
6.744403750094446134e-03
3.539999999991622222e-04
-4.023333333341872907e-04
1.126661740910338318e-15
1.284096974152395633e-15
-9.698573243385967459e-04
-1.511844724089813297e-05
6.901022339950620968e-04
-7.105318844393099069e-04
2.237813376732798992e-04
-1.941049471505425011e-03
-1.679278606454922445e-04
3.773884259205462135e-04
9.877777777707734169e-05
-1.841055555556265566e-03
-1.411898662951689611e-03
3.079424537442074228e-03
-2.874566990926738941e-03
7.234794465056413422e-04
-8.268333333337985142e-04
-1.712950227057711640e-15
9.084997641365200136e-04
1.909999476952572821e-03
-5.552437120690674813e-03
9.180702598501314267e-04
1.598611111131536644e-04
-5.657592881780916863e-03
6.540409393886309486e-03
-6.403829864414947726e-02
-1.026351879592788362e-02
2.117626495610796730e-02
-2.792167281107131235e-02
-1.179313532381186108e-01
1.047124642861914368e-02
-3.449460722140427343e-02
7.120280582990802520e-02
1.040308778484461648e-02
-1.046190571479713692e-02
1.332500042688861998e-02
-4.132168916616765775e-02
-2.088669245145392817e-02
-2.389384127546782203e-03
-7.742180329238411906e-04
2.652203252980021506e-02
-2.763728936001756675e-02
-2.720375783861906857e-02
4.289030586040716055e-03
-8.373786574394118457e-03
6.065615266021975177e-03
-2.486031693139106207e-04
-1.449335033628229401e-02
-1.423074684050340370e-02
1.214346353406305090e-02
1.056146286316361933e-02
-2.544770887385568170e-02
-4.829698837141652439e-04
-8.230144737508878622e-03
1.706060487569947479e-02
-6.403087266429863256e-02
-3.084291859875559760e-02
6.501823630800591773e-03
-9.607010886738773583e-03
5.592923922449627612e-03
-7.696547168648940063e-03
4.029513401994861202e-03
1.004151217646897035e-02
1.244867349991850697e-01
1.222396674866771220e-02
1.472068519021167525e-02
2.790423067970682625e-01
1.307374506598233399e-01
1.578875642444247385e-01
1.672960058446650300e-01
6.577400444237201105e-02
-7.072054887511979200e-03
2.422761185914067779e-04
-2.840526043845232468e-03
-1.795913127484692964e-02
1.366864776922280950e-02
4.451545142041483244e-02
6.448711405138170261e-02
-2.567887877353417295e-02
-7.846276548559702468e-02
9.038628789457418822e-02
5.491461580629241300e-03
-1.998441020520726891e-02
-3.682237275926499021e-02
-1.360347330813013907e-02
-9.521263015847609978e-03
-3.982560953257874986e-03
-7.146533598264240839e-01
-2.926586545632208769e-01
-5.283922715176864182e-02
7.939446885825490741e-02
-3.188799482566679472e-02
-2.674404132198335282e-01
-1.788315235117983459e-01
4.718097348237341830e-03
-8.997813724446908357e-02
1.424265734008452189e-01
1.813656015487875306e-01
-1.399209243101716682e-01
-1.271402519151746124e-01
6.407557854671359909e-02
-1.386796232495605408e-01
-1.063536983718303339e-02
-1.414007076676044097e-02
-1.561598014071388305e-02
1.122881540479773489e-02
-1.164316774232329946e-02
7.374177589785729792e-03
-8.906630223286578912e-03
-4.378094157275576326e-02
-4.923165396521678519e-03
-7.434005474092716947e-02
1.574045245988294969e-02
2.421037703960870341e-02
-8.018025438549804262e-02
4.777220366698307213e-02
-1.139966962521996030e-01
-5.378444433411392472e-02
-2.593729998767839787e-02
-2.264335874060192412e-03
-2.403017823521336541e-02
4.653429074682521177e-03
1.151783917341952720e-02
9.369975185778775181e-03
-4.239556685573721007e-01
-9.881108254157579263e-02
-1.919593882449143751e-01
2.244755350137809038e-02
-1.132593744752965863e-02
4.420051513753898986e-02
-9.066222526752933109e-02
1.099852230022329430e-01
-1.356173264627282549e-01
1.172072092250514286e-01
-4.573133903239596024e-03
1.306649272135151918e-01
-2.830423007488541698e-02
-2.299264622428426330e-01
-1.838105938876770373e-01
5.514282743864566683e-02
5.114699190729238981e-02
1.113539447746626602e-02
8.463567179009215402e-03
1.083235295417720552e-03
-2.547107902992795832e-03
-7.963458306882687313e-03
3.249105428575803280e-03
2.080910603076733568e-03
1.658630428312106832e-03
1.462936172952317149e-03
3.707009189350940134e-03
-6.225057082687375162e-03
-1.638295098515513484e-02
-2.475122623987309478e-02
-3.433774497684947621e-03
-4.019643514803814856e-03
-1.942653054989739619e-04
6.259569988332006063e-04
-6.968443950872597187e-03
6.299617160996932776e-04
-6.147884983705902487e-04
2.109742015949169023e-03
2.240348928927762481e-03
-6.022775217345315533e-03
1.270362176583241312e-02
-2.934678358312565842e-03
-4.768481613011014975e-03
-2.663307853061187835e-03
2.855117015958932424e-03
7.023377089928459563e-03
-3.019038568719465548e-03
8.160225547268668000e-03
2.740341977689379760e-02
9.520710262684467864e-03
1.100366415905219136e-02
-2.776317645625590858e-02
-6.226746684253811615e-02
-4.926032440314596743e-03
8.312708949335473330e-03
7.712224646631675451e-03
4.669486348288370836e-04
1.689941116664788259e-02
-1.115115385385906550e-02
2.063136567101079774e-03
6.145889183121507407e-03
-2.956601612906107918e-03
3.718220285177211652e-03
-7.155312919973673413e-02
-7.247526017880676075e-02
4.067786893964133940e-03
-1.033366953553836176e-01
-6.172354225848437209e-02
8.722719216590905933e-02
-3.652589283487196054e-02
8.476676555994936552e-03
6.069377282886845304e-01
-1.692782701725551592e-02
-2.253966534947701023e-02
2.918078219054002220e-01
1.553407052458715409e-01
-8.263386260480197476e-02
1.318694176910844007e-01
5.936729494516196359e-01
2.247034798979215264e-02
-3.632376620268027573e-02
1.654644986732642722e-02
1.957399246656644706e-02
5.706051012761966142e-03
1.752726671844282227e-02
4.824191707963407239e-02
2.850700740395398572e-02
-5.781071576951536672e-02
-1.549018490568302049e-02
2.853384276153696913e-02
-1.902785692583309485e-01
1.089879182008430050e-02
-3.796513527804997248e-03
8.899091597739253526e-04
8.722348664076532906e-03
1.708397608047700425e-02
1.632327165093892460e-02
1.176684712944976903e-02
3.209828878546377995e-02
5.450721623033115935e-03
3.986533119669622522e-04
-1.534086156036432516e-03
-6.747665033032379696e-03
-2.368555850889580636e-03
-2.226190843106551007e-03
6.854159272449598331e-04
1.688327237395136071e-02
4.998613300333885207e-04
2.024084634615775508e-03
1.057458813664403701e-03
-3.258106725993747087e-03
-9.182506626339357117e-03
3.575638799088695294e-03
-2.613219076594923071e-03
-1.667499546662052148e-02
-1.207069020102949190e-02
-7.958768520976654791e-04
2.341838044547959671e-03
-1.233838776696718001e-02
-9.133892135489873887e-03
2.404416890845317151e-03
-1.196132609897500917e-03
-4.277165722342211873e-02
9.450587129624478996e-04
1.488469365054201788e-03
9.456091287497562234e-04
8.398066698240960748e-03
7.239329154706493352e-03
1.702218461743456798e-02
1.001301847708571321e-02
3.392102151128880555e-02
-3.192892181286049319e-02
-3.027911059552937378e-02
-1.462203516548784762e-02
-1.697639079242704982e-03
-3.087070546399621647e-03
1.547123004003180848e-02
3.339190033984506395e-02
3.009088875432993932e-03
-1.538892017934951478e-02
-8.247604710276208034e-03
1.193293499240548642e-03
-1.639442624389415458e-03
1.093648078666844409e-02
4.998655438249825604e-03
3.439356495150963384e-03
9.068289011691977458e-03
-3.707575814297671690e-01
5.568487139075296161e-02
1.707758176568267838e-02
-1.244536084858143266e-01
8.531107316624375603e-03
3.971165946379978662e-02
-3.782646847172049243e-01
-6.621265956958261034e-02
3.104781407943794230e-03
1.823344717337686827e-02
8.069298924372489065e-03
3.593520630323812637e-02
6.198078841085405966e-01
-5.976653390838537055e-03
8.537003151864651362e-02
4.145516636591866158e-03
-3.288007771566965609e-02
2.130644022095121853e-02
-3.579250369175485808e-02
2.239489462350239754e-02
2.491726934186476172e-01
4.213573455466880502e-02
4.064632779853502402e-03
-4.955196134796521421e-03
-8.565559065475560063e-02
1.478450064097730846e-02
-7.897189568144714900e-02
-7.572769744359327676e-03
-1.759243885657663792e-02
-3.074004728807220276e-03
1.681449535594331871e-02
-1.649967304495827264e-02
6.922099699021413977e-02
1.063420690546719796e-02
5.435376147109152777e-04
1.307408902335052085e-03
1.960061588592676689e-03
-3.451063659940994521e-03
-2.979819627160513063e-03
-3.456277388981965240e-04
2.761383830173307768e-03
1.253547616734197734e-01
1.036645192047567880e-02
-4.457351710631126014e-03
7.181096524803255721e-02
4.169143205355357179e-02
3.933250460199745613e-02
2.399116634767742978e-02
6.455120837008647416e-02
-1.469163942794197292e-02
-1.220067546776059135e-03
6.310418260242235677e-03
-4.996577057124334219e-03
-5.169347378792138632e-03
2.104396778765164552e-02
1.658213725735148761e-02
-1.011452960220439803e-02
-1.069906789436866380e-02
-2.968311979869015307e-03
1.792291283871462471e-02
-1.512126768792948668e-02
-1.854258791774240911e-01
-1.016159243339514323e-02
-8.758952282455909760e-03
-1.719848855051071823e-01
8.504685363824798783e-02
-2.090414999269903009e-03
-5.618202799538521853e-04
1.297525771386326410e-01
9.257446189121582014e-03
5.416096426997447401e-03
-7.372902011688948175e-03
7.656253987067642049e-03
-1.948732588478617744e-01
-2.493481150713327057e-02
-3.418472935424081167e-03
-4.245298170971306684e-01
-4.298580939204306173e-01
2.727798186315099661e-03
-1.836449444857872829e-02
-1.321215110169264850e-01
-8.949025439190544384e-02
-1.764189695288789425e-02
-1.059639538150446147e-02
-1.538831107896164729e-01
-1.546376651868324736e-01
1.148264096849908010e-02
1.879703626214244971e-02
-7.348415816983269733e-02
2.088582635074930777e-02
-2.599843813373341889e-02
-3.676041527662332609e-02
8.700383859201590853e-03
2.475555297087551551e-03
3.188535915374599711e-02
2.542745123801270005e-02
-2.125935067821144164e-02
-3.122921339330599066e-03
-2.105353014178375226e-02
-8.252488266511648352e-03
-6.307732809029745463e-04
1.387950146260945664e-02
1.218799775326022232e-02
1.858547726826176392e-03
1.729163621006085888e-03
5.305465190701699751e-03
2.991889040621961357e-02
-2.525386126008436882e-03
-7.589848735255698073e-03
1.360502366489275798e-02
-1.544330761192918601e-02
-1.181354001039034742e-02
7.261495136736692037e-03
7.118126433947917324e-03
5.553724982935178653e-05
3.848005561391896340e-02
6.783963784470240996e-03
3.909788759925260718e-03
1.389494285401348533e-02
-1.777156826032765813e-01
-3.282101141452687526e-02
3.549987952854376239e-02
-9.530920233825590504e-02
2.475055648677538384e-02
1.582925800573436320e-02
-1.257818676399308395e-02
8.223082628028772698e-03
3.516981687293963682e-02
-1.808279770812515341e-02
1.952911270226124485e-01
-2.407690621137662523e-01
-2.582311160070457218e-02
-3.026710101690430199e-02
3.720401389440792378e-02
-5.055671998252607435e-02
-2.759155669556312071e-02
1.684881307293979377e-02
-1.930565453147202676e-03
4.498476974592445325e-03
-7.616223316904652263e-02
1.275539417517966394e-02
-6.497518775260943853e-03
7.022622158665438709e-04
7.346095245472168689e-02
-1.324287890553065006e-01
3.021407697723904259e-02
8.422733799989931547e-02
-1.804484399754372470e-01
1.173627892475946483e-01
-7.078762387246038783e-03
8.948826227351863033e-03
-9.316851363580701262e-03
-2.662707874400488482e-03
-2.208236184905524799e-02
5.060417323172310827e-02
-6.645502969639684177e-02
-1.176000164632317463e-02
2.906322649944105899e-02
5.339446904188527299e-02
1.818677174637634356e-02
3.012803670674136982e-03
-3.271965086181927856e-02
-3.526072997224156264e-02
-1.992922244217949085e-02
-1.820434707298516919e-01
1.039381025954642240e-01
3.660544320840074944e-02
-1.782865605116320806e-01
1.964573557338588072e-01
2.550471100119578449e-01
1.946910503064151060e-02
3.856434859941954701e-02
3.521432817293610601e-02
-2.092842018423959546e-02
1.076617210022889470e-03
-3.965670561825986318e-01
-6.203498580046058752e-02
6.004604171125568768e-03
1.694560227946077455e-02
-3.620586507327185760e-03
-9.488154439094629092e-03
2.475136603758206627e-02
2.957941924352616020e-02
1.111474236052131977e-02
1.377608245244777048e-02
-8.384725820520532585e-03
1.186999786018217741e-02
8.590243999151958229e-03
-7.511521106635241606e-03
4.076068860057313961e-03
-9.391513289368064979e-05
8.290371677717798052e-03
1.534498456171010973e-02
-3.257893055092264938e-03
1.924559270774963207e-02
1.614496604386711498e-02
-4.798954332563854300e-03
-2.375762979413987425e-02
-3.177868707924731782e-03
4.583613389702338378e-03
-2.220924367783359138e-02
1.506721142777184535e-03
-4.635366979598770431e-05
8.632518469883297725e-06
1.313276940647921962e-04
-9.720271466812946404e-02
-2.864463803013306709e-04
6.724887727789738987e-04
-3.379028530335631553e-02
-4.954540147601171202e-02
5.649462871968349799e-04
-2.887182096632519117e-04
-9.948099422340386799e-02
2.379465253087933302e-02
1.714804755853885940e-04
6.084540741950962735e-04
1.721173161833958881e-02
2.036800501835243568e-02
5.295826865907189707e-04
9.958002364078635544e-05
2.295623846251148778e-02
6.404841748095119192e-02
1.339091886188062928e-02
-5.482170063755563948e-03
8.177020048645174122e-02
3.848645218830343533e-04
2.995626074146599815e-04
9.498829341369122159e-02
-1.092918365986799258e-03
-1.089943535939767375e-04
1.163030908829056492e-01
-6.454029034627115080e-02
1.372117945145112303e-02
9.089263202136267997e-03
-6.570659874823232827e-02
2.131091284227433144e-04
5.881196241989657472e-05
-1.825398550733813041e-04
3.972807165485903701e-03
2.398935746281167722e-02
-9.952275880599397774e-05
1.419576251776727427e-04
4.417480002612995948e-02
4.482277294668898793e-02
1.340272268111435930e-04
-1.242601579965896133e-04
1.731343166144125659e-02
-4.332487354331659990e-02
2.884543694932277893e-04
-2.418888895810210413e-04
-8.118296527506178861e-02
-7.919139100137477516e-02
-2.756486801030479626e-04
3.501929993499198037e-04
-3.066968239975211702e-02
-9.510514801819212882e-03
-1.207739922216760631e-02
-2.019390109656912270e-03
6.277418173715977254e-03
2.471262321507730966e-02
1.342850996081176125e-03
4.036710861475965861e-03
7.323084828414364034e-02
-7.742545553263910363e-03
-3.214806482197609273e-03
-8.913104901410546718e-04
-3.286144595095501046e-03
-2.445629588944757925e-03
-1.322190372774569890e-03
-2.438436530823059108e-03
-5.020501620761871724e-03
-2.070704759110911231e-02
-1.010365150619395823e-02
4.673910658038885405e-04
-1.531739895312450106e-03
-1.041084803836757160e-02
-3.801464590931802681e-03
1.600491407316830764e-03
-5.136589113745114454e-03
-2.866106747599649410e-02
-2.981193356929671186e-03
-1.496279855827610051e-03
-5.822029556249846798e-03
1.591450533312673346e-02
2.017958279673108188e-02
2.344811149649227069e-03
-1.039871629276655982e-02
7.066079710324050297e-04
1.099644330417865476e-03
2.556130264665586204e-04
-3.961932069605773714e-05
1.292695999168722715e-02
5.572485119860167216e-03
1.290272613370601132e-03
5.499625061406091323e-03
-1.547923547571999209e-02
-6.130859719155118057e-03
5.232967216551441536e-02
1.709335260779809573e-02
3.179195671838403597e-03
-1.990056418050500497e-03
1.735141339727868173e-02
6.081881832767459944e-03
7.214151828866743887e-02
-3.058934101558525177e-03
-1.064791100606177071e-01
2.656875513012804668e-02
-1.772196565119478137e-02
3.777165518623035439e-03
-3.342840978706231644e-03
-2.200539820573619958e-03
3.260758430776528743e-02
-7.268798995136443661e-03
3.160144181814083034e-03
4.391293060434380696e-02
-4.463783354648787061e-02
2.409064044081941219e-02
8.908410505426596696e-03
-3.937380594074055967e-02
-2.222295332769091622e-02
-1.891391096844397685e-02
2.676066976980575707e-04
4.342574440140313389e-04
-1.118922252310508396e-02
-6.192456539951982043e-04
-3.057249814924370906e-05
-9.420962853604674531e-03
1.945237437846963902e-02
1.018258686820488470e-03
1.150251238705120261e-03
1.609230103899721154e-02
2.745687991126770193e-03
4.691037053837363024e-02
3.806717235376466668e-02
2.337679951853036554e-03
-1.897043306245637523e-02
-2.479876412946411656e-04
-1.795653704376736111e-04
-1.794178853720558575e-02
6.573634950888524028e-04
-1.605697880864041192e-05
2.275478595440960300e-05
5.603617266584917851e-05
-1.100477620786452643e-01
-3.626744995657576890e-04
5.193055129862810199e-04
-4.164768421891189981e-02
-5.912685765792285997e-02
4.294731456455278505e-04
-3.359169249407722080e-04
-1.121652320343180104e-01
5.846516269873006273e-03
3.635765011584062137e-05
8.994019518032159448e-05
3.737008428066835447e-03
4.515543525156217458e-03
7.901386002531277639e-05
2.225716081914815323e-05
5.726651430273126293e-03
2.099359821947458307e-02
-3.547732831071367249e-02
-5.662941917343364273e-02
6.242289531665500511e-03
-2.111614088774447021e-02
-2.437164768062563547e-02
-1.484379182020551489e-02
-8.936757364823339975e-03
-9.756236848520958085e-03
1.045957524219479420e-02
-3.098635349984550300e-02
-2.030085450789271759e-02
1.669654196111197697e-02
2.947368823702130325e-02
-1.904413877748349637e-01
-1.204553455321195898e-01
7.951275728226334105e-03
-3.109309314624733155e-03
-7.230197151068618044e-02
-4.995937672408563845e-02
-7.226096323536984091e-04
-6.922319129989761705e-03
3.283022652794680141e-02
1.259466731870425606e-02
-3.219147052582646551e-02
2.552741520179581114e-01
-1.379701840011639952e-02
-5.983268663122111395e-04
-2.585143898778566145e-03
-1.168214201957186622e-02
-1.482105156140519492e-02
-6.294564711772598908e-02
4.568264254961036490e-03
7.584549988266774297e-03
1.443080533907674379e-02
-2.679510113111805425e-01
1.323816940102056500e-02
-1.180694160472415578e-02
-4.436577734020883540e-02
1.289021073187905479e-02
-1.527161009983407994e-02
6.283506524542203930e-02
-2.018320283691681408e-04
-8.117508512144336547e-04
-1.630719327892934901e-03
-4.420704009011870370e-03
-3.615988233567794547e-03
-9.851375583907339903e-03
-1.411200671273146268e-03
2.901399965494863564e-03
6.315356496383998930e-02
-6.335099755405440569e-02
4.537831936647566781e-03
4.453925623731070879e-04
-6.587338385423642528e-02
-4.874890853926130106e-03
6.166312694230249858e-02
1.985796420290197872e-02
4.585718627080561001e-03
1.064491420851015890e-02
-2.825454910690808341e-02
2.257951833920783676e-04
-5.069025103324631409e-02
-2.169501645119849276e-02
-3.656643088268758668e-02
-2.442396754054877456e-03
-2.466262426368635505e-02
4.005213798278761325e-03
-5.078573017845267219e-03
3.887809195245652862e-03
1.087664654158228272e-02
1.267947014101957403e-03
2.182056579678148117e-02
-1.033023369132649201e-02
-3.570359138496407864e-03
3.637582923061358567e-03
2.079394607064739484e-02
2.168141311654139293e-03
1.425133581678496818e-02
-3.009671915189536182e-02
-2.045035645805064976e-03
-6.388401552143632830e-04
1.496837413248778202e-05
-1.019123020930816186e-02
-3.631516159862254508e-03
2.923383205266016308e-03
-4.225251648005288498e-03
7.460278940378193592e-03
-2.291977874096647050e-02
-9.835200181132782923e-03
-1.689908510407622799e-02
3.515873906368250507e-02
-1.500051128212946628e-03
4.737211333612372822e-03
7.526388944651906353e-03
-2.947216084551052342e-02
4.446063243169513270e-03
-9.923741118246799317e-03
1.620111034744575957e-03
-7.761130206736472975e-04
-5.974427847959834330e-03
1.082104680778120907e-03
5.651551815732376929e-03
1.376672730104144815e-02
-6.066939682390126536e-03
-6.838764397758180340e-03
-3.213634351143992984e-02
4.891789718684558252e-02
3.967110811584279202e-03
1.664831500361622918e-02
6.569986315894930755e-03
-1.181937520775198924e-02
3.289510378746392932e-02
-5.921232913537555209e-02
5.472117675424242877e-03
5.123075788344926690e-02
-7.547978375021506536e-02
1.619344518549982242e-03
2.131915641829115748e-02
-2.897946902825024318e-02
5.995941313246225257e-03
-7.354039519739120597e-04
-6.761086174508554444e-04
5.385107957778788659e-03
3.196651292841758141e-02
5.776041714665947069e-03
-6.865387888437463927e-03
-5.150982571494398116e-02
-1.963732729119463741e-02
-1.181430998017460494e-02
-1.549733028120490498e-02
1.581628144410494596e-01
1.259046814720330143e-01
1.252412162156386682e-03
1.186123740150571773e-03
-1.072777466603859475e-01
3.081653155044426426e-02
-2.788614590493712977e-02
1.882086765905294527e-03
-4.781404427576600377e-03
-1.505757076916085409e-02
1.829644596092819958e-02
2.525340577517721195e-03
9.728532613731098733e-03
-4.046044758398437136e-02
9.035115318097834344e-03
8.267056169962112844e-02
1.330321153899437225e-02
-4.947981970471353186e-03
2.648136496809903699e-03
-3.737878039028266069e-02
4.077496877697463912e-02
-3.054255289888303110e-03
-1.521366910317481502e-01
-9.205104369573802181e-02
1.237150208336178919e-01
1.983876397955629690e-03
-9.139486567529962746e-03
-6.423757985444159858e-03
-1.356061721547149358e-02
-1.294886467963214313e-02
1.205510612052644419e-02
9.137039835335651139e-04
-4.914581396926147663e-03
-1.504030361131617963e-02
-3.852227015946793533e-03
7.977383223440742688e-03
-3.876909034692338496e-02
-9.642527537182761510e-03
-3.508599631064585403e-03
-4.601279496903858124e-03
-1.398229386142137501e-02
1.555915494702473333e-02
8.296770680875116544e-02
-4.296569452880451973e-03
-3.068038620549280726e-02
3.454401151681562449e-03
3.204371243383421076e-04
1.811071965324177052e-02
-1.294527357879736223e-03
2.825752099239652471e-03
5.054767725020380131e-02
-2.944251022853714220e-02
9.661883179557044163e-03
5.767997906021810062e-02
2.551944121774953333e-01
-7.245866842266682206e-02
-3.349568609251628998e-02
2.290617358864030784e-01
2.255794321366232438e-03
4.068965058931828249e-02
1.020217946422083133e-01
-2.648137806073896233e-02
-1.581226112623771926e-02
8.337855252621870217e-02
-2.714557748776194601e-02
-1.450699278056207788e-03
5.857578768104855331e-03
-7.073742122890577799e-02
5.701992638572828120e-02
-2.063335333019775467e-02
3.915543459498145584e-02
-2.058560681131703929e-01
-1.251273665874354790e-01
-3.094301773503491549e-03
-1.877136243505161256e-02
-1.071954779059484109e-01
6.693824321619643372e-03
1.864643865114337662e-02
-1.366718352127401122e-02
4.204026761045075861e-02
4.373426998752558137e-02
5.771040501220073976e-02
2.769198147937746921e-02
6.043827339185670056e-02
-1.112776296096821133e-01
2.569496105291014243e-01
1.133715963271300226e-01
1.274828526064154463e-02
4.334257697182284340e-03
-8.828135612899742218e-04
6.673393913221454740e-03
-2.175729582074376056e-02
6.566001267330630331e-02
-2.172829731735945874e-02
1.006477460285668674e-02
-4.556986010570878570e-02
-1.896371597271609075e-02
6.140015283393809691e-03
5.014664746488640273e-03
-2.513581211508349872e-02
-2.547377125316608627e-03
1.081071749468454383e-03
4.781415212036920805e-03
7.522835644375702388e-03
1.362997829671086514e-03
1.166100544592268452e-02
-4.578034703640097933e-04
1.788780589164138887e-02
-9.279726458806049350e-02
6.929986910392559041e-02
2.771279432254300165e-02
-1.330871316996409121e-02
2.741316524468810981e-02
2.631432347093312987e-02
-1.229950745325055633e-01
3.040321803671937675e-02
1.381812767989513242e-04
1.245075939377557860e-02
3.077092376066389856e-02
-5.687557396529636933e-02
1.739516132622173361e-01
2.966633572744800142e-03
2.650658108978466362e-02
2.965017341730689926e-02
-1.222043772505561621e-01
1.607176538815291086e-02
-2.331498687497906251e-03
-1.003788313504721808e-01
1.482101450378001395e-01
5.820182321564983108e-02
1.005646352644274343e-02
4.543024460319311855e-04
-5.227560322599467818e-02
-1.072405465936759027e-02
1.315993073487669966e-02
-8.580214584913872788e-02
6.214369211945393323e-02
4.946003042530987270e-02
9.808799710316290586e-04
1.735807299375901128e-02
5.005637994197552039e-04
8.316873882088688134e-04
-1.865389692617470951e-02
-7.740025606858984275e-02
3.548570279596124704e-04
-5.237760143597381107e-04
7.879805132883664284e-03
-3.762811145802986024e-03
1.995386279424273684e-03
3.597903983484742382e-03
-1.256502002384918054e-03
5.535550804252028882e-03
-1.344047974112735477e-03
9.844841138400767851e-04
1.294757670918875690e-02
3.072306694481686043e-03
-1.876857792348849135e-05
-1.562946507280743190e-03
8.963228932723925390e-04
1.395227131039521173e-02
-2.420069960541333491e-03
4.782923134077432525e-02
1.918689771512592512e-02
-6.979575209985736106e-02
-2.085024028298810075e-02
-1.598521101263072897e-03
2.839606083508442597e-02
1.410456324053376616e-03
-6.750174276941449218e-03
5.106167341065775446e-03
5.759822787569841319e-03
1.262581173340528813e-03
-1.752654796610839333e-03
-1.412044095544308028e-03
2.925001625589349410e-03
-1.274520863240856568e-02
2.171612960663236742e-03
-1.452237592050116891e-02
4.290988529242392019e-02
2.449925527456751559e-02
6.590756511233844886e-03
-2.414738714829169769e-02
-5.394964730309837267e-03
2.994520304089921727e-03
-1.706354067502745958e-02
1.457356037964400997e-02
4.754775593131430403e-03
-7.664588827061988296e-03
1.735480355243664095e-03
-3.118624430718425211e-02
-2.972434761215956081e-03
-6.872344767428106155e-03
2.403834723458198389e-02
3.687792615093391652e-02
5.009417171233869481e-02
-1.037644907037717050e-02
-4.892800216973706463e-03
2.833787511904525477e-02
-6.739417108542540558e-03
-1.517973015010678616e-03
-4.600215978393764824e-03
9.670945883806880347e-03
-7.368392563589137682e-03
-8.134599651250770712e-04
1.108161991732221040e-02
-9.260709069594740776e-04
1.927485994304518543e-03
-3.275085681018194482e-04
3.076851654462895141e-03
-1.513723057180530731e-03
-2.926617043697593568e-03
-5.173390534277873829e-04
7.549849481979964590e-04
-1.560950379083519274e-02
-1.755384149063178231e-02
1.475869318123817749e-03
-5.310299994121786722e-03
-2.908977062324367632e-02
-1.104190631740082328e-02
-4.246075045790850475e-03
-7.542046158593978394e-03
9.328290694096144642e-03
2.171157605701944278e-03
-1.729094570728716487e-03
6.620047348263832267e-03
-1.394369954276955363e-02
1.479899190571335637e-03
6.964173766528923169e-04
4.822439856447920050e-04
4.880161861129993228e-02
1.435737201058220024e-02
-1.502582553570305096e-02
-1.195506395595149346e-02
-1.844700621864981890e-02
1.685234861051066943e-02
7.195924260258579471e-04
-8.407664104527647411e-03
8.572218870098839163e-05
3.199112051417792382e-03
3.183463354115709937e-02
1.112216831740646915e-02
-1.522835098915349961e-01
-7.582036127532892911e-02
3.076245186500363091e-02
6.624929884682185903e-03
6.345759910221372702e-02
1.946384014557068706e-02
6.853093817258405773e-02
2.273263041897445255e-02
1.765503846181746828e-01
9.548386221628894777e-02
-1.119800541762239893e-02
-4.000813755893037338e-02
1.224964107121718528e-02
3.312458812811020208e-03
1.105935792018991094e-02
3.463028606741685046e-03
-3.701815336272860912e-03
5.737345705660389789e-02
1.912323062341344734e-02
8.288560231128256663e-04
7.991976473031117689e-02
-2.138043884715004617e-02
-7.925217075104408829e-03
-3.904671966255669757e-02
8.005006012410435801e-03
9.729949664487557966e-04
1.059017685867254081e-02
8.779446501694718533e-03
4.388422716605109783e-03
-1.304386701850158634e-02
-1.826824125222178659e-03
1.913682542688838195e-02
-1.195973592934880814e-01
4.594789072984192813e-02
1.977835654068165264e-02
3.822525508082496443e-02
-6.745850190195215763e-03
-9.847192668494901199e-03
-2.865708872408401393e-03
2.808006650070918320e-02
2.129800784564053100e-04
2.890111038838910715e-03
3.157709468374169607e-03
-2.731157008632601260e-03
1.093512212711237469e-02
-1.040324949432350687e-03
-2.449346985407636207e-02
-2.606261662409528612e-03
2.360538783537266538e-02
-4.240986561268932455e-04
-1.339326809280839414e-01
6.411270720328750283e-02
-1.302478381229328630e-02
-1.382051170012717906e-02
-9.961534442928196911e-03
-3.028060581537303855e-02
2.047405334604993632e-01
-6.674642259895387231e-02
6.491909642196605490e-03
-4.193340034837585162e-02
5.516207509066867187e-03
-2.580230781808651435e-03
-3.943276792178825041e-03
-9.713977779923870653e-03
1.430041994042727423e-03
7.124001246814853743e-04
-6.445757163108319261e-04
5.601900340873725015e-03
-4.272724561508326260e-03
-8.746179040235315489e-04
4.042463761685643857e-03
3.006280686975015999e-03
-6.474227576421022826e-03
6.686620551784875494e-03
-3.137171976674077347e-03
1.461569011451789406e-02
1.277192579987058291e-03
-4.513768165684775395e-03
8.967188523126182198e-03
-1.377264181969024490e-03
-3.269094806937922464e-03
-5.327179197419435429e-03
-1.021211036868553083e-03
4.283722858310817826e-04
1.549250533539910882e-03
-1.098662759900774282e-03
-1.703562984372853674e-03
8.343221169629787271e-03
8.062523128669412190e-03
3.110345069330995734e-04
-8.847473544329870904e-03
1.619754893955607095e-02
-1.561796140257550860e-03
-9.019775744747486612e-03
6.826107678300516977e-03
-4.868537019189955219e-03
1.036818193479301445e-02
-2.479485097310454508e-02
-2.102974012589460800e-03
2.630742816437418689e-03
-1.874360801130897300e-02
-2.095573670377303202e-02
2.915108068740515906e-03
-7.871865070047730228e-03
-1.651586601322665515e-04
9.625084827136101695e-03
4.184089659602383687e-02
-2.159976219674111884e-03
-2.533216468441022717e-02
4.105812956988275086e-02
7.700089729547942912e-04
9.706912178038069796e-04
-1.194875678698054111e-03
-6.976186510518792927e-04
-2.109341240164871751e-03
2.716296084351135093e-02
1.181791826478271502e-02
-5.666294664538783664e-06
-6.487596730622668950e-02
4.398048688904832720e-02
-1.061469980154232523e-01
2.742703765986298156e-02
5.224694331228749286e-04
1.822379436143035589e-02
4.625154962899290928e-03
-4.156622847701157107e-03
1.756586125336233872e-01
-2.642709265112103828e-02
-3.059989373441752286e-02
8.133219019663830152e-03
1.113834117451093300e-02
-3.750837429775921369e-03
1.171862854497571953e-03
-1.652184119864807000e-03
5.247061094948281962e-02
7.352195323272900374e-03
-9.218003972281871988e-03
-9.969645331946105221e-03
9.840914649196788599e-02
5.541187926649808471e-02
3.733287295347188501e-04
3.740675684171787096e-03
3.425212095318948963e-02
3.342591840171926787e-02
2.485913094682475413e-02
-6.001335871293269307e-03
7.889251181230922533e-03
-3.127568396506710813e-02
5.841563703816020792e-04
-3.318749640876097161e-03
-4.013229750376480498e-02
5.036931045580325672e-02
4.907210258515436879e-03
-6.058715812788312456e-03
-3.709370016132567316e-04
-1.924097626227429117e-03
-4.540222364089884118e-03
-5.240162834054765822e-03
-3.925544162870647086e-03
-7.477250296975845346e-03
-3.282139146113525249e-03
-1.823296002617789263e-02
1.278858947811001810e-02
1.664877857389585741e-02
-2.368224877454772753e-02
-1.624503575193564364e-02
7.182950508952868143e-03
3.120652948344463176e-02
1.394280285528457473e-02
-5.275172350512183361e-03
-6.971793263276620557e-03
-2.220731051862486968e-02
-5.429675719805585055e-03
-4.529699624441086390e-03
1.008443466929268874e-02
7.239104821395149492e-03
-7.862979802259325787e-03
5.109051674087562549e-03
-2.301794826824780926e-02
3.713173704343371989e-02
-2.571292164301035993e-02
4.278619128596886393e-04
-8.094370244573469153e-03
-4.497094710362434244e-02
-1.423731528397059395e-02
-1.025249560428398952e-02
9.074021279574566445e-03
-6.183233112907105325e-03
-1.723981212439320079e-02
-1.562837077682137366e-02
-2.021951382228364194e-02
1.144217686583721971e-02
2.077653464669495728e-02
8.848911555124091763e-03
-7.070422639359925931e-03
9.573537964322333810e-03
1.948637825753155722e-02
-7.103255539290154186e-02
-1.289786466705698104e-02
2.769124359298393012e-02
-4.419764236041096028e-02
8.210081730231999150e-03
-3.811483456491520858e-03
-3.849889282380515240e-03
2.354754306269275945e-05
5.380252147730512149e-03
-2.334807793568614495e-02
-3.296370114425985036e-03
2.531935517233028024e-03
6.710110407341839979e-03
5.164798528291995872e-02
-4.007815991625036239e-02
-8.044107224968392433e-04
-2.092146545229120122e-02
-6.486950188147350138e-02
-5.692601323352745879e-02
-1.278479961616160558e-02
-8.488104098161017297e-03
6.007569420959174566e-02
3.272580453276130452e-02
-3.929127592511752476e-02
8.225447644351011056e-02
1.561549488258773266e-01
7.197644791498800099e-03
-8.267931521482947601e-04
-4.695637482192724019e-03
-1.894663411341420117e-03
-4.495465641217535370e-04
1.899412449014184566e-04
5.454656253827435200e-03
2.405953292955183721e-03
-4.437393576109773148e-03
-1.944663851913926026e-03
1.230777305400942469e-02
-3.402781482312940142e-02
-2.815855841456227360e-02
-1.094253151032179884e-02
-1.176570397436158509e-02
1.395849362637458305e-02
3.200785950213314024e-02
2.113918275914740061e-02
-1.035948612410384981e-02
4.163108181762018717e-02
5.958033512555876987e-02
8.917046484787881366e-03
-3.799969116246103978e-02
-6.600624571588752272e-03
7.575343204596249672e-03
-6.844779199084261717e-03
2.024195814241287056e-02
-1.423433628291294328e-02
-5.312731111065842945e-04
3.239080313152180486e-03
5.883867881011974055e-02
6.787729960897468306e-04
5.384156933564174068e-03
-4.833643574127409991e-03
5.708389315804009807e-04
-5.641933123868482112e-04
-2.243269497277583860e-02
1.015578172558382133e-02
1.933097817281702324e-02
1.044032559305182323e-02
3.122080373441353529e-02
-2.306823787928667137e-03
6.149880213818180105e-03
-1.068175366797781065e-02
2.594592347343737532e-02
4.792448624169866334e-02
-1.498052030720068914e-02
-1.203963054529875454e-01
2.393171012470169529e-02
6.157142791811030108e-02
-1.144651902472718780e-01
1.128557029149827515e-02
6.083565153407344099e-03
-5.091076157934610463e-02
4.463784094064633841e-03
1.101239796227808897e-02
3.845797405010060836e-03
-5.321113923220925634e-03
2.805628877066031895e-03
1.834544282770058472e-03
-1.737132551871208410e-03
-1.855654361961504503e-02
3.093488998768812153e-03
-3.265126497495497628e-03
-1.774572697942561339e-02
1.232297779515852294e-03
9.166130570915666936e-03
5.860953861117888276e-03
-3.402980749853444856e-03
3.291772279739357322e-04
-5.999097618018046137e-04
1.638088988232789655e-03
4.684063099293051674e-03
6.939656660658934670e-04
-3.883167553323022252e-04
7.652846421748947872e-03
3.612703359538121592e-03
3.368306661058841772e-02
2.686489780407231437e-02
-5.768008777813256327e-03
6.824349108320350472e-03
-3.423706329939919888e-03
5.723703029573322214e-03
-4.025456847042716224e-05
1.061066814191006721e-02
3.866896654111677024e-03
-3.515021696715689165e-03
3.796342776672765457e-03
-4.204148584321060894e-02
4.510673877276365901e-02
2.438631822193454424e-02
5.196740101164578490e-03
5.301396623330324048e-02
1.067070711464919268e-02
2.980824136802962595e-03
-1.385707749986739019e-04
-9.366140422727953566e-03
2.347893854753556331e-02
5.578102567920546241e-03
2.233520885080834267e-03
-1.992435237712819954e-02
2.520366564861765447e-03
7.174210377560466534e-02
-8.486063498926407767e-02
-9.296826353019528588e-02
1.722010508148038438e-02
-4.805369704317855213e-03
-4.430124537947404545e-02
-2.189641289776443275e-02
7.656980433406221365e-02
1.388120383519895161e-03
2.055050916468190072e-03
-2.043543194520905555e-04
-4.117959170558102393e-03
-2.875809691436094148e-02
7.405061341381680151e-02
-1.294883392861606308e-01
-5.370104333645359107e-02
-4.226641350965558430e-03
3.666306864275617038e-03
5.291479246261662946e-03
3.355594848068836015e-03
-1.646780315906400680e-03
8.989380393944636227e-02
-9.124328106598713489e-03
2.549117073042152237e-03
-1.507681272921941942e-02
9.445301086859304168e-03
-1.854398121205644290e-02
4.220577617718769547e-02
-8.845732360000935560e-03
-7.926897495911361391e-02
-8.117983394546977177e-03
-1.714843736000163515e-02
-5.450555736017092916e-03
8.484324388338469747e-02
4.394500669628130518e-02
