-7.932752924107171200e-02
1.348515779156698458e-01
2.114444584241024529e-03
-4.290602249013808489e-01
2.263560511475608272e-01
2.189261168787608181e-01
1.227364988596998940e-01
-3.223913869822182116e-02
2.489799463598391382e-01
-6.884427292798885045e-02
3.667625294000319280e-02
-6.063316537357030800e-01
2.581659087273565079e-01
-9.225426811226528079e-02
1.069471184536524844e-01
-4.419128982007827222e-01
2.595372262257614193e-01
1.634572715674024734e-01
2.137607950811383148e-02
2.417587064538151073e-02
2.425391240573651908e-01
-1.023409598709984015e-03
-7.491406266052191495e-03
-3.146003713811484220e-02
-6.287170446948801839e-02
5.487053015827805802e-02
-3.924644930368680062e-02
-1.722281210218947964e-02
4.368757913350402450e-02
3.500170707153925365e-02
3.845055360389185942e-03
5.540314936237137987e-05
-8.896021648275329041e-02
9.201180931696769857e-03
8.185626724493958633e-04
4.502762527472906930e-03
-2.334466542414087575e-02
1.465690090260069467e-01
1.047229657381202640e-02
-1.111683273483501065e-02
-2.289067936219862584e-03
-5.936675530451770988e-02
6.347642435379246455e-04
-2.576168007824848269e-02
1.781733131406114693e-03
3.023246971057936758e-02
-1.451333168665665252e-02
2.067849327138587129e-02
-3.678321325513925905e-02
9.891995728627361872e-02
6.437649263183015114e-01
4.980322557892152280e-01
8.378575138399411981e-02
-2.655367051719517146e-01
1.017605637232774085e-01
5.536953879237511700e-01
1.453184521333117651e-01
3.022439830825158266e-03
-9.707879782434226945e-02
-9.038905471538187519e-02
-8.114584987166476027e-02
2.383292016975260830e-02
5.131863012244198413e-02
8.236781947952968863e-02
-7.275167183789491357e-03
-1.477395263528973567e-02
-2.683658362874885572e-02
2.371620950199271674e-02
6.665149037819375656e-03
7.788835886222420998e-03
3.103861432354218259e-03
6.459391232689111126e-03
2.941514535475468761e-03
-1.346513877901598343e-02
6.436967275407458333e-02
4.721526228847951895e-02
-1.000110295402144474e-02
9.126554600137158765e-04
-7.612547224827413521e-03
1.142750069768058187e-03
1.382367076180286009e-02
-1.021820902485578129e-02
-9.088591436744501706e-03
-3.012616388095135794e-02
2.679475165621407126e-02
5.177614539242297170e-02
5.894535021837956149e-03
-2.208704679206380250e-01
4.198486436876120581e-02
-2.206907531066441483e-02
1.210991940717535791e-02
2.026771612279246529e-02
-1.207516799538450522e-02
9.135547428402125344e-03
-8.357074563220148397e-03
-1.349260029741197742e-02
2.324493187636867200e-02
-1.455725543198410242e-03
-5.381666352174568381e-03
-3.641246732567137573e-02
1.010283654188894736e-01
-5.221265420809940994e-02
-4.586621631620876882e-02
-1.509522160138675878e-02
-2.820313086908494971e-02
-3.116994481655606733e-02
-7.211031689567513241e-04
-3.223209070232779545e-04
-3.267801513879622314e-03
-1.254102000193869004e-03
2.437350238058825710e-03
5.308694465760780551e-02
6.612671378935539718e-03
-5.879873121441430567e-03
9.562964955589810592e-03
-6.259642861548882220e-02
-3.985362395160054610e-02
1.108269623754895052e-02
-1.307977835944811040e-02
4.917297483054893122e-03
-1.010702189975431559e-04
-6.004347888676308913e-03
8.251668273883282570e-03
3.502036178164793937e-04
-3.182915767200023699e-03
1.291605260768507145e-02
2.751637190839915925e-02
-8.670195348405856581e-03
2.468494634878556741e-03
3.462037663242528880e-03
3.858821505376636065e-03
-2.554106736610326552e-03
-1.228532189475813139e-03
-7.545098484784541586e-04
2.680032278471888071e-03
1.063693684838061676e-01
-6.627777178118300118e-03
-4.700384145214797920e-04
-2.639435651168675623e-01
4.967272559770877921e-02
-2.334839400764757763e-03
9.971923939991461996e-03
-2.533570544718401207e-02
-6.168531954544995144e-02
-7.187452470184520215e-03
1.263622969489697776e-03
6.737340204283012030e-03
-1.234841450502367904e-01
4.582579141268686672e-03
4.120248029205581089e-05
1.612553433511717746e-02
-1.397275889234661332e-02
-2.748810470967447735e-03
-2.982617484241837161e-02
3.017205984469646662e-02
-9.849730190347518247e-03
3.217072928318796474e-03
3.415295310592013356e-02
5.808754228944250017e-03
-2.463895673488310711e-04
-4.820127342169595180e-03
1.855222548709463404e-02
-5.315214050694910819e-02
-2.912662075960563424e-02
-9.393769215180881524e-03
-2.375340760077603308e-01
2.352527898786023475e-02
-1.068543560144532417e-02
-3.760182897785531615e-03
1.455790956853553718e-02
-3.548990040032394631e-03
6.335232057921557844e-03
4.614447656409377194e-03
4.006378872246432049e-02
-4.862578797167098343e-02
1.077552531825214099e-02
2.713132072001089596e-03
6.059045406971704049e-04
-1.237322214180593301e-02
-5.714554883171817090e-03
6.284717843478178356e-02
9.614214614407175230e-02
8.069536942013105091e-03
-6.448143801273100752e-03
-5.475733168172400474e-03
-1.547096913670673035e-02
1.876468098134375165e-02
-5.959851637634948698e-03
5.085408357061798126e-03
1.833333333323281715e-04
9.988888889016213585e-05
-6.253856796341381258e-17
-2.267800672584065917e-15
1.140302835088146142e-03
1.671547165257323024e-03
-3.311884286051516423e-04
-1.431235686746482971e-04
1.912800715743863790e-03
-1.549366644329620629e-03
-1.799498256267558459e-03
-6.909462200441617193e-04
-8.233333333120221201e-05
4.977611111111141830e-03
1.507056193955747837e-03
2.986663952419193069e-03
-2.157273752292780938e-03
-1.950118364896937569e-03
-1.125500000000041181e-03
6.409112985079298057e-16
-1.323364153630918151e-03
-8.299723064447969484e-04
5.978275289890800509e-03
4.432871613581239648e-04
-4.686944444449940139e-04
-4.324851105628023037e-03
-9.798742214081851247e-04
-4.333333333212881932e-05
2.211111111204241053e-05
2.967676801831749438e-16
-1.149501287603307654e-15
4.781219168630111032e-04
1.440820380816542137e-03
-2.104916052964401823e-04
-2.110811804980340829e-03
1.926808000933628948e-03
-2.405065681075165083e-03
-2.263762144015444861e-03
-4.237574936041267853e-04
8.433333333370893604e-05
2.985388888889421548e-03
-2.997816169147176236e-03
4.199713869819478480e-03
-3.433183661696231903e-03
9.159849734431147210e-05
-5.550000000072651088e-05
5.139915994461112785e-16
-4.507498111980148109e-04
-1.855057567074187320e-03
5.419018898042837415e-03
2.860310323604913613e-04
7.251944444437054401e-04
1.768605009849844381e-03
9.425803111552524067e-05
-2.976998266926643433e-02
-1.197510814059669915e-02
5.413315524405979545e-02
2.059332610494815641e-01
-9.877379614855369416e-02
-3.849006675438469693e-02
-4.754060176172576063e-02
-3.188426759393812038e-01
-2.010292376715682727e-01
-2.484833117707703487e-02
1.852320655995963114e-02
-1.680037377658344724e-02
1.867512848181490659e-02
-1.963102818892402748e-02
2.045880186285795304e-03
1.292051036509365702e-01
4.666462972082088823e-02
-1.462053503773742607e-03
8.746908749024970287e-02
1.215165148232955072e-01
1.633834983704121058e-01
5.945871451538350255e-02
4.228124941973627343e-03
2.528480744368925056e-03
-3.303562541507952532e-02
-4.252286758521416771e-02
-7.733032500109568485e-04
1.239550303431674605e-02
4.945559927158688085e-02
6.400596601003133261e-03
5.754775832419935233e-02
8.220986403650418217e-02
-3.799477944450408567e-02
-4.832434926789837271e-02
3.162038908576129265e-02
4.073148022296675663e-02
-7.078789876709721575e-03
2.151699287444123164e-03
-3.945101002716504442e-03
-1.131608651956434765e-02
-3.246960970464191337e-03
2.570511553693425461e-02
-8.975711266771482441e-03
-3.749192813050073570e-05
-1.085280004972394557e-03
9.085035080104716249e-03
-3.730000069286635439e-02
-3.196127703223099886e-02
3.420771106999674280e-03
-1.501875706872581040e-02
-6.682120400492486990e-04
5.302780807325675055e-03
1.443698068333695850e-02
-3.191387222854211603e-03
2.866825961065340433e-02
3.493999918376873293e-01
1.336165113632273582e-01
-4.939944184724810033e-02
6.242934478161615884e-04
-5.505883035054576907e-02
8.618934420996796075e-02
6.126028245669317557e-02
-2.689451360001396743e-02
9.285869990220404352e-03
5.408266025227172202e-02
-6.786133161469412242e-03
-8.066401989982064161e-03
-3.493294066281312123e-03
-7.006470474723598858e-03
1.840701711873911003e-02
-1.820653242682283499e-02
-5.865526404449635661e-02
1.033190553054532806e-01
2.680902339843223570e-01
2.382266057783560820e-01
1.680366191624920943e-02
5.788457260290418016e-02
1.637208690356142249e-01
3.741002878578865432e-02
-2.159043666859706764e-02
-2.224407901665692230e-02
1.310443529878837533e-02
2.568421837666189089e-02
2.512116207434000881e-02
5.162714632031524531e-02
-9.143493846380901929e-03
-1.040479384526199133e-02
2.931957218440661359e-02
-5.650189360542946099e-03
-1.402626232416520277e-02
2.713180268237557966e-03
-3.059052662111104263e-03
-1.046620370348319562e-02
-8.158945963046174837e-03
8.663401787436866841e-02
4.383413634742271414e-01
-6.209615835679740264e-02
-2.685366430211696409e-01
-8.584639102716977443e-02
-2.387057239129966243e-02
-2.827940034862030938e-02
-6.120417884313280460e-02
-4.547588641011129917e-02
-2.948974916047111816e-02
-4.367829913345977477e-02
-1.104014977015149168e-01
-3.321651055032464380e-03
7.784835487577496972e-03
-4.320377531164618090e-02
-3.808150067895223895e-02
-1.738306625040639047e-03
7.208510280182391615e-03
-1.712925140523337622e-02
-4.599939337503495575e-03
7.543284433086368344e-04
9.128929172974841952e-03
1.133109196062240265e-04
9.512096160779090178e-04
3.190026068458728589e-03
6.206250031213663126e-04
1.718149273575551514e-02
4.997963929901637695e-03
5.700411361841806581e-04
-4.577727789680279685e-03
1.273748854546183492e-03
6.746492041043141092e-04
-1.231568000624280084e-03
-1.388713846028852457e-02
-1.369462147634625880e-04
-1.559703288571763664e-03
7.366053464138428222e-03
-5.861683553160152577e-03
-2.375737915316404256e-02
-1.273588979078660137e-02
-2.148397540338143133e-02
-2.046429496228271278e-02
8.046579715805761771e-03
-8.886195381710738916e-03
-2.903007077098117370e-03
-4.799356789668027430e-03
6.799815074156892285e-03
-6.164335259539357569e-05
-1.221058074594438131e-02
1.264047765302148824e-02
3.423933125014768514e-02
2.129265801226518443e-02
8.315127780721963055e-03
-2.419839101775035639e-02
-8.195495805093639882e-03
1.840214206408026520e-02
-2.764598507076898928e-02
5.508126547729007283e-02
-7.838366364855095178e-03
-4.119943207263210283e-02
2.172456973019474408e-02
6.092825574212446318e-03
4.701984631264351754e-03
-8.907738589200362225e-03
-3.998779205411875370e-01
-1.148057433502314845e-01
3.099326096919189505e-02
-1.395359333115487876e-01
-7.327481221876812334e-02
8.558606659131126268e-03
-8.224750717227847716e-03
2.791745621188782001e-02
1.761022439144241045e-02
-1.931772579965410335e-03
1.503780272596263144e-02
-8.696553858605862069e-04
1.120792346304459730e-02
-2.831884317280344149e-02
-5.519121940833371376e-03
-5.898327383600794442e-03
1.371824915012448132e-01
1.367866202119230948e-02
-1.370577592292035463e-02
2.524559973352590025e-02
2.548213809576765562e-02
-4.341436363278956823e-02
-3.141616179060658515e-02
7.517297289649066405e-02
-3.522312902552898056e-02
-2.095523275649224110e-02
-1.140155995996161749e-02
-4.555332178744468663e-02
-1.233614825583153295e-02
-1.625104363337950483e-03
6.760731172110005793e-03
-3.227313567106019493e-02
3.630579015708404467e-02
-3.010988881726892920e-03
-3.334119701752864123e-03
-2.002718670009383597e-03
-4.276813851206381391e-03
-4.038416736770603262e-03
4.180817934469634027e-04
-5.676440354806434711e-03
-3.767971445417415272e-02
-1.485788101707290546e-02
-1.175029302077019305e-02
-4.175895216459159232e-02
9.546851809608299100e-03
2.494745689180081528e-04
-3.695508729514099949e-02
-1.375077447111074233e-03
-1.679067717136805901e-02
1.393854341109501682e-02
9.997174444106063720e-03
-3.276239881644401469e-02
3.801039681797723727e-03
6.421832064283096789e-03
-5.311986083814873756e-03
1.654521210753947223e-03
-7.144307598170485281e-03
4.936849510103605287e-03
-1.092081560053365444e-02
2.082702761423283009e-03
-1.941512103272678442e-03
2.574752236244430299e-03
3.492401914535205824e-03
6.473943281472326148e-04
-8.608927351068117878e-03
-3.788330841460325372e-03
5.268221304002102152e-03
1.477638357976683971e-03
-2.514603395634758699e-03
5.418257100340508579e-03
-4.231383780761716756e-02
9.555826574591046521e-03
-1.489569201400837116e-02
-1.389076293604045095e-03
-6.658248428062525821e-03
-2.241652047120019919e-02
2.561604529332713823e-03
3.288244641864836084e-03
8.726821135272054900e-03
7.936062828915072670e-03
-2.638656710645302227e-03
-2.917529692248032203e-03
2.137750222223590985e-03
2.352477800269191580e-02
1.232175907896127659e-01
-6.107247342179540454e-03
1.696477212854615238e-02
7.346331399191424749e-02
-2.625930569747318699e-02
-3.556713104129038266e-02
-1.292036981076501723e-01
-8.605175402184840616e-02
-1.892831261520431380e-02
-1.408186860801885314e-02
2.744776108308930387e-03
-1.201389590280341202e-02
-1.168840009066842312e-03
1.547250683936180100e-02
-5.874521657285720205e-02
-6.242038914641364483e-02
-2.777759524935962537e-02
-4.064975311216158932e-02
4.647319413467899951e-02
-4.174909258130438117e-02
7.561211724562036211e-03
2.375525282813280639e-02
-3.052290788900545795e-02
-3.186611399365894132e-02
2.495598143966118454e-02
2.813760779879137183e-02
-5.166987327669155666e-02
-2.631221620718389720e-01
-4.738959670636190558e-02
-4.034108175353818410e-02
-7.836335469017037536e-02
9.232082488378690532e-04
-1.396545927008735755e-01
-6.633257002858628307e-03
-4.203948087871738071e-02
3.113417241450622819e-01
-4.660319866252922265e-03
-2.510175643211455532e-02
-4.436580362565960972e-02
-7.968461098201740393e-04
3.412433808246512906e-02
1.272552104940731380e-03
2.403956295301588799e-03
6.022390375526415207e-02
3.818839805410648229e-05
-1.601235629648469383e-04
-8.805866213859627465e-05
3.818839805813269416e-05
-3.029266960254762067e-03
-5.126711501338298725e-04
2.851769228812351862e-04
-3.971317955032801356e-03
1.363044174715359492e-05
-4.668879333246518887e-05
-3.954720407381534080e-05
1.363044174878953234e-05
-1.159178489072494600e-02
-1.174245829957189409e-02
1.659008818196318694e-02
4.272521773517395580e-04
-3.296566570749231203e-04
-3.448396385206390280e-04
-7.706860608074020012e-04
1.091420259243322298e-15
1.253339483938946917e-02
9.831208972586911315e-03
5.764246795075155666e-03
1.614629957698364773e-02
-9.034139353578893653e-03
-5.079404833067221146e-03
-8.498372702043569676e-03
-3.842777173812998194e-03
-3.841913327835005422e-03
-7.821734870294574579e-03
5.705585250960467031e-04
-7.418007602625186631e-03
2.224167514455037964e-01
9.631762737072458933e-03
2.942101050719586955e-02
7.343511644403924454e-02
2.085997150332577210e-01
5.344458305872463490e-03
-4.401505130349299064e-03
2.895744820684751364e-01
9.406391931824735486e-03
4.881970215152923163e-04
-1.011812677627676148e-02
2.876525387233297513e-03
1.132178338253937017e-02
-4.978739467068112740e-03
-1.473182119006512508e-03
1.075551922193182693e-02
1.254043552552454657e-02
-4.434191158538405148e-02
6.147017042807838977e-02
6.016789387376055703e-02
9.048906910214359403e-03
7.041687083051421936e-02
-1.427223596992751309e-01
-1.614588701095640011e-01
4.206169853021607397e-03
5.667409497801426804e-03
-1.084243215076589363e-02
9.666635761891450782e-03
-4.264685086351021476e-02
6.700725987449943077e-02
-1.988254495148514961e-02
2.610510404060182449e-02
-1.170700406037279290e-01
-4.826544604920159770e-02
-6.575280040181481767e-02
-2.089656819938826848e-01
3.267412489646585351e-03
-6.828669570555304102e-02
5.891787844224357501e-02
1.542683375240092546e-02
2.774452721828013328e-04
6.400636865693976919e-03
-7.721958742733915637e-02
3.261959297788288425e-03
4.323102750850684253e-03
-1.628724242622649546e-02
-7.062778989377667058e-03
3.032685204345150851e-03
1.543188357356582718e-03
3.513544856622977369e-03
-1.034002903427838280e-02
2.029563899380846734e-02
4.234284918827831423e-01
-8.486262371279080022e-03
8.392116433855598828e-03
5.147615245969304476e-02
-3.587406915349151959e-02
-5.326452265748334719e-02
3.464060294627719916e-01
-1.330351766192046925e-01
1.421421048084111488e-02
-4.234582770669736984e-02
1.468688787449798361e-02
4.749979061723685891e-02
-6.648024363653568525e-01
3.305090829440647526e-02
3.220705760504028459e-01
2.260727113461059173e-02
2.080741036501856933e-02
1.956285194079565026e-01
-1.249025991590630158e-01
-1.175236006926367038e-01
2.397826662250219509e-01
-3.818582223461020053e-02
-1.571604708260681063e-02
-4.290908884362007458e-02
-2.004672116941818780e-02
-5.724577947326644004e-03
-3.941130118007581395e-01
-4.121981688110970543e-02
-7.668924024419221386e-02
7.612094199587011653e-03
2.644366579618653845e-03
1.039067800424519142e-02
-2.453391697893292714e-02
4.184266490045563877e-03
4.911385550034638378e-03
-1.319968863083976693e-02
2.955237942707646809e-02
7.627332613798862120e-03
2.005950613424267032e-02
-1.700776840797247821e-02
-1.509622637639066942e-02
1.944364430357720021e-03
-3.277054238421167522e-03
1.057400847398649348e-02
4.579924118468312391e-03
8.493674594622850627e-03
1.921066900968924213e-02
-9.776167768077605527e-03
5.025917852168504570e-03
9.171490522295308589e-03
3.154052596500147437e-02
-1.075278453824658233e-02
-2.062919121760396074e-02
-5.244030176246321576e-03
-3.290761913450174214e-02
-5.084009853860553887e-03
7.067017974383713562e-03
1.096747106101523530e-03
1.884510316641009250e-03
1.499803905480328985e-02
2.390490702573907361e-02
-1.441105597942977067e-02
7.524476380160320318e-03
1.815670799077237219e-01
1.823742726080763987e-01
5.964925144358933229e-02
5.157723421502417166e-02
-4.258641613780807245e-02
3.648584427285540832e-02
-9.531615398249225490e-03
-1.305645299863903049e-02
9.516954531048386901e-02
9.434575149983900899e-02
-3.412045338505918790e-02
-8.425959240658966939e-03
4.777251848042251593e-03
2.175080514303561786e-03
2.089177228080496117e-03
5.501359494995019736e-03
6.100412911698248342e-02
-3.178654182452182644e-03
5.953588942099544840e-02
3.373130987578020629e-02
-4.968168615931439769e-03
2.414848967672785299e-02
-2.364432129688178938e-02
2.599384681054122195e-02
3.585392993217060859e-03
-1.111496209498843285e-02
5.338631150313617388e-03
-3.751690956252715699e-03
7.678828422686061021e-03
-2.133269207778306742e-04
-2.590738536359843761e-02
-8.756678951537155871e-04
-1.046650743723270783e-03
-1.987925376763495598e-04
-8.812531028269709674e-03
1.398475562212297052e-03
2.502821780511912259e-02
4.344879527970069155e-02
2.103076037210948462e-02
-3.392466801227838474e-02
1.312687883186733004e-02
-2.375972044412550960e-03
-1.631387319014366015e-04
1.791726385478945374e-02
-1.120325703537899606e-02
5.982972335611633566e-03
1.418069258156172754e-02
8.699444658337874420e-03
-1.713090621092936902e-02
6.568798413382379020e-02
-5.237231393556195325e-05
-3.431599050368711826e-03
3.580377544172508308e-03
4.164681263373516511e-03
4.486144295171045661e-03
3.015062979410113985e-03
1.419105091966122410e-02
7.986391643575122684e-03
-7.060200034588307895e-03
-2.303143472507251325e-03
-1.101762695241567279e-03
1.302578634631782785e-02
-4.469969216635717724e-02
-9.167650821428998884e-03
-2.130018847061227946e-02
-1.079595579492052121e-01
-9.309867782582952750e-03
8.751472262323206283e-03
-1.573303490057570073e-02
-5.228410260677239518e-02
-7.868536519294463093e-04
-1.742530835342269479e-03
-1.886007942986354675e-03
-6.108295182921997558e-03
8.554867362985168686e-03
2.463666714123317978e-03
-2.800091684485989910e-04
1.717312945586189216e-02
-1.179868617571572659e-01
4.489384083040472845e-02
-8.087389799286744813e-03
6.321943075602846039e-03
2.859971715411799634e-02
-3.697353474308431170e-02
1.149020588816994509e-01
4.200273139470288297e-02
1.510787186831576666e-03
-6.901975744599964102e-02
-3.236361310096197083e-03
3.964977896181987732e-03
9.788580746014954523e-03
-3.798659265069503042e-03
6.844472576798833188e-04
1.213115822219923007e-01
3.908110792789189214e-02
3.135388252392747564e-03
-3.798777760322113138e-03
-3.370661209936334085e-02
2.736919350337365872e-03
-5.967615232970750663e-04
1.814545608395838681e-04
6.895699173138598870e-03
-5.865906651685892474e-03
1.922495661992125807e-03
1.313113289509853241e-03
-3.654309102585324466e-03
-6.349834594530652521e-02
-7.927953160504879956e-03
6.544593985747422515e-03
4.992783752762958160e-02
-1.378287450201454677e-02
1.073683772602608902e-02
-3.555072471360878764e-04
-7.541751388194262726e-04
-1.182522241469948941e-03
1.573035659099889221e-03
2.304288062939781681e-02
-1.707781460738443460e-02
-4.934413204508082684e-03
2.953188290177494527e-02
-1.136830179298433004e-03
-1.165798962074676010e-02
8.615077503336291548e-03
2.170564267375535168e-03
7.754669636567511001e-03
-4.522632501563243063e-02
5.124659122201773165e-02
-5.937138855607026859e-03
-3.292721880534806717e-03
-1.830789927661780059e-01
-1.374529740628737361e-02
-2.927489255797142823e-04
5.003750775248433759e-04
1.207142661325789207e-02
-5.376937519260883459e-03
1.648842092335012872e-03
-2.660704374869585307e-03
2.127949149390001571e-02
-7.852325887113806302e-02
2.025210299712728104e-03
2.327566487873413553e-02
2.338170104613798983e-01
-1.542731608658385288e-02
5.244371713598355855e-02
3.717223205235046807e-03
2.785967251402404407e-03
-7.301417414197159360e-03
-3.567920573081797761e-03
3.451091010279704052e-02
-8.130873098662545762e-02
-7.652042606686464479e-03
1.659866983683157826e-01
1.182572908965615413e-02
-1.796837044686944163e-02
2.540756046650347044e-02
-2.702795848485970570e-02
-7.236489329395909449e-03
-1.602221162073575733e-01
8.669666373735283871e-02
-1.191308486429666115e-02
-3.156100047980298084e-02
7.386256905594054505e-03
8.075175662790361197e-03
8.174472993406189242e-03
-1.934498633259978950e-02
-1.028405069959097695e-01
2.872832999301578802e-02
-4.430840733824609710e-03
6.172187524114913781e-02
1.485161512581108928e-02
-3.548297044018845769e-02
8.691593216765791663e-02
5.968258816520519757e-04
-2.509361381623814724e-02
1.298030965514617927e-02
-1.284644455759895165e-02
-9.439655074779085622e-03
6.446251516665441397e-03
-1.431298598574305345e-02
1.499600496578810602e-02
4.494326203519247165e-02
2.279596672661917539e-02
-2.015656370246872164e-01
1.917084061092159605e-02
-2.580288786865009634e-02
-7.027094806341767884e-03
4.712153002935637325e-02
6.377399355587719254e-02
1.484107648564027271e-01
-5.604772039040019360e-02
-6.077786786831569643e-02
-1.474759504552129806e-04
2.479607691249277428e-03
-5.640688719128142924e-03
1.758579834960246474e-02
1.049981254025606214e-01
6.949391118433931314e-02
-6.278168053718581609e-02
4.613051659499084640e-03
4.816493701968866531e-03
2.702516000963262749e-02
1.594849524542208546e-02
-3.967917948705765481e-03
1.021627516006676917e-04
2.243973227317701616e-02
-8.673195337680081676e-03
-5.765784470259356989e-03
1.425107031740998828e-03
-3.700169829058174570e-02
3.034216596941193000e-02
1.041269976160100500e-04
-1.965441854382791315e-02
3.636712490108361118e-02
8.085135012677933594e-03
-8.637740438661549447e-03
3.433782976604122465e-04
-7.319615618742465052e-03
1.449912283636711242e-02
1.731386559390827098e-02
-3.485525430075781667e-02
-1.530176262417956047e-02
2.272867402698564715e-02
-6.218705418688503378e-02
-1.070776249162385882e-02
-1.581130311813073661e-02
-2.230532025569307783e-02
4.048466440513222991e-02
8.751648128710573515e-02
-1.440897432823503091e-02
2.051325277007186310e-02
-1.666655845392336173e-03
5.140519914309103766e-03
6.247025710827407846e-02
6.452599394828843066e-03
-2.589298368463804900e-03
-1.088095528683729035e-03
1.294598213409205688e-02
-6.729372661717179273e-03
-5.445293470422794390e-05
1.852258570121006467e-03
-3.011499219382607687e-02
-4.638157719326287814e-02
7.361366820132408430e-03
-8.937937418816294111e-03
-7.391634036968995625e-02
-3.458176720830473307e-03
-2.074622932996364119e-02
-2.901530363459994236e-04
-2.199138190074186212e-03
5.808450913643199015e-03
6.298310716436533903e-03
-3.090204553204580276e-03
2.667018077901103443e-02
-3.694207111586534503e-02
-6.003310229719123481e-02
-7.686231763080342803e-03
-1.147491340055905099e-02
2.413539896288295020e-03
3.498039796181581090e-02
7.759177944009724992e-02
5.563793821394274336e-02
1.848297372763954560e-01
9.761330177449789591e-03
-2.163181947708972888e-02
1.664224375237416120e-01
-1.277937026601857692e-02
-1.306250598050669176e-02
-2.304809861815219907e-01
4.275846732670907091e-02
1.100281884723008745e-02
1.522662019059541766e-02
-1.782780851775472297e-01
-3.448193088260302630e-02
6.989972821090235933e-02
2.836710379094731574e-02
9.970219677425161409e-02
-2.274938152258130369e-02
2.437032319913561788e-03
9.744738279576460258e-03
-6.460607866587235459e-02
-1.400479953972337543e-02
2.783052495972223803e-02
7.608012180333764696e-02
3.844863556122716380e-02
2.003241793028667089e-02
2.860095255388252862e-04
2.441187821298057006e-04
1.916001863466632732e-02
6.588961485163706902e-03
1.110672137954403212e-04
1.139761184097304065e-04
2.467077280764450996e-03
-1.283465555728668106e-01
7.999947197511385159e-04
-4.601869678157379938e-04
-1.772136728942990402e-01
-1.374230170073256485e-01
-1.962639608036493568e-05
2.176067666639300898e-03
-5.369192779322715797e-02
-6.276073395828632440e-02
6.087805444866598156e-04
-2.102362239824437146e-04
-8.669375346088034617e-02
-6.738072345000171992e-02
6.753484555218449749e-05
1.400845980683234878e-03
-2.892860689416824199e-02
8.252714754823639587e-02
1.200004340467218829e-02
-1.185051831417034858e-02
-2.439191491041067805e-02
2.998196586860114171e-02
-2.943534676326545196e-02
-1.347489037130574115e-02
3.285124469967776444e-03
-6.316268645099071266e-02
-4.937685167240622210e-03
-1.187507865572602281e-03
-1.450508249160816811e-02
5.900473674794152676e-03
7.436497555621413708e-04
-3.784432874054617212e-03
2.006150558114468650e-03
-5.656583460893700559e-03
5.693870935163836307e-03
-3.990616083757763527e-03
3.031018162830760934e-03
1.035375353357602807e-01
2.939401576048155523e-02
-4.809958352400740128e-03
-5.045272931348309189e-03
1.580459724059098819e-02
-6.288023480992128295e-03
8.438104992057221185e-03
-1.665950244247892120e-02
-7.607865134734908890e-04
-1.400469972687587916e-03
4.157716978647573564e-04
3.739145116102346195e-03
-1.616650275478613303e-03
-1.004197031929220411e-03
-2.544173045386886195e-05
-4.141407821337819776e-05
-2.654386427297444548e-02
2.662596018463138717e-02
3.234712839285241396e-03
-7.421445978636274921e-03
-1.013662774639258468e-01
-7.558132549993440072e-03
-2.935095810839900409e-03
-1.431288751482804114e-02
1.355353805804306207e-03
4.501383553546821521e-03
1.760534575510247224e-01
2.321775949356957858e-02
-1.964675871025847384e-02
-4.637179875392609396e-02
2.926480702428737452e-02
2.090509180529130304e-02
6.049407414852854895e-03
3.062529590058367043e-02
5.941252913382151501e-02
1.204199045518683855e-02
-1.111197454834452793e-02
-1.715607747019159978e-04
-1.441269391500413807e-04
-1.010023044966830430e-02
-8.769039180710667090e-04
-5.363737155495396737e-05
-5.579865621874282092e-05
-2.532139718515537957e-03
2.305873840252770438e-02
5.819289206974141444e-05
-1.287111706878738232e-04
1.669717624959016905e-02
7.287735420935420247e-03
-3.212240308739149151e-04
-6.179961972885467733e-06
1.789854106372767983e-02
-2.075286456227408080e-02
-5.237360286090030125e-05
1.158400536196900840e-04
-1.502745862463106610e-02
-6.558961878841244875e-03
2.891016277850788001e-04
5.561965774965667539e-06
-1.610868695735425543e-02
-1.035920110029310420e-01
1.959524338706811475e-01
-8.742039417959615762e-04
5.642251356585159007e-03
-1.020637031452987543e-02
3.534620300745391214e-02
8.321468880806984214e-02
-1.005824966623529090e-02
1.526221970651473435e-02
-8.004870954730682053e-02
2.382466019223972858e-02
2.376780723825864042e-02
-1.341877088348343294e-01
1.306076585687090119e-01
8.511888629737292267e-03
-4.685594434605050256e-03
3.900103633664314955e-04
-2.840908318126468893e-02
1.017118645891034942e-02
6.503863411148692701e-03
-1.433564977080919838e-02
4.422117803195332181e-02
3.566092907062041670e-03
3.271752880694386346e-05
1.901386050766728369e-02
-1.426221098740129527e-02
1.797128615531689254e-03
2.123294565314949589e-02
-6.093877114613346739e-03
-3.726036363042371791e-02
-4.822483559233391864e-02
4.510459839288666860e-03
-1.924751566890719329e-02
-5.794674375290490009e-02
1.735312852104288484e-02
3.872160414968803949e-02
8.314594172160558183e-02
9.460595053044817959e-02
-5.967746714561274202e-03
3.626996592378499504e-03
1.070833736594914605e-03
1.165772283355402759e-03
-7.000256526042511473e-02
3.259267404296477093e-03
-1.364646544885750844e-03
4.516503725859977170e-02
3.602759943191529085e-04
2.874292320613768253e-03
4.589286535401387000e-03
7.288473966408043174e-03
9.752283518107226004e-03
-2.197153668266938614e-03
1.174499082507707015e-01
-7.625894563231096213e-02
-4.274307254087164262e-03
-6.914867880625604445e-03
-2.794960214380029853e-02
9.007860955030853574e-04
1.807250507805344408e-01
6.608508747234544123e-02
-9.794756118947164567e-03
1.154547853372781333e-02
9.739183003226627514e-03
-2.089735940446357104e-02
-3.031016444441907431e-01
-9.592912059328553842e-02
1.445899187667445615e-02
-8.150370692995689142e-03
2.117619334252695239e-03
2.470320428004074806e-04
2.038585672924837257e-03
-2.754567959468318897e-03
-2.364161013798496067e-02
1.440636540300789872e-02
8.195866296324590128e-02
-2.514813328699051082e-02
2.418680461190368756e-03
2.313393332094361952e-03
7.883768162804730834e-03
-1.589540136620034780e-02
-1.337889788875650798e-01
5.237324391483466623e-02
1.522585133654656350e-02
3.919980082150868739e-02
-3.541475351488636292e-02
-1.436127066449158218e-01
-4.750980363073838142e-02
2.815379268002066084e-03
-9.659427480784806008e-03
-9.523214529275202556e-04
1.218646190373503559e-02
8.514360151335427160e-03
7.635265559302810423e-02
-1.846320207693928281e-04
-2.266717333042144280e-04
-2.638528751942934144e-04
6.520830980551723180e-03
-2.440524130686814574e-03
4.418975419217301137e-02
-1.099324228972943171e-02
3.413715291979519534e-02
-8.029830672623063104e-02
1.435031043401083922e-02
6.160745543481143793e-04
6.713227399757797087e-02
-3.986466945648754062e-02
8.210955018314137349e-03
-4.552490537081327403e-04
-5.515135723983032034e-02
4.497819931285623046e-02
8.310363303821046799e-05
-2.212687731706211754e-03
8.481509003357413879e-04
-5.061366180314695769e-03
9.911412014917489466e-02
1.264679623268506747e-02
2.677118920206864299e-03
1.937682234661722291e-02
2.721995055966142368e-03
2.382597663151863904e-03
5.196404779888519170e-03
-8.591872731189095780e-03
3.377915167160648385e-04
4.369152392700539900e-03
-1.626695809477584909e-01
-4.111438419374565528e-02
-3.394642860532968141e-04
-4.264607695827537853e-04
2.120700862075590703e-03
-5.104821396757282248e-03
-2.663338814444081784e-02
1.200845027643326728e-02
-1.269365354992202551e-02
2.579774960101962125e-02
-4.303463949974968583e-04
3.560222564575274700e-04
1.436813729515191854e-03
1.036969346633974561e-03
8.770178832572273495e-04
5.766574276167527220e-03
4.467895078045906743e-02
-4.099039245979113621e-02
6.941738460100108435e-03
6.271281063321842639e-03
1.619610556561767167e-01
9.477473663908640017e-03
-2.017068508180473729e-03
-2.496045411081932938e-03
-1.040259545207154052e-02
-2.813803166024406166e-01
2.154661639474041851e-02
6.964105134747771049e-03
6.479634938214085156e-03
-3.263795324158197397e-02
9.462467131974678161e-03
1.046569145891097639e-04
-3.159549153317973286e-02
5.869772945239264128e-02
-9.093413910265078781e-02
1.401710054731264143e-01
9.887016280245531849e-03
-1.335425818566922255e-03
-1.297361793494977884e-02
-7.994549959329745950e-03
1.413640747017229082e-01
-2.298792187071491411e-01
-4.457257519642613720e-03
1.777293580457561459e-02
9.957727289638339772e-04
-6.933459834961016449e-03
-1.011076966944652895e-03
-3.051961654650067399e-03
5.668871380502408033e-03
-3.510216898968356730e-02
-4.942024894917969313e-03
-1.049349330551656344e-03
-2.005260280538277966e-03
3.442175122367632095e-02
-3.511508265482249022e-03
-7.811657774491632131e-04
3.571616040766698074e-04
5.573130182272481971e-04
-1.471267915543035976e-03
-7.881891715908911390e-04
1.170612485363505808e-03
2.536812218917286477e-03
9.534055041212949333e-03
1.726091688023787809e-03
2.441812955230603186e-03
-5.682542108681547938e-02
8.977160176143002615e-03
6.171794716823983612e-04
1.190886529351729926e-03
8.583032375348161828e-04
-3.858205547712161509e-04
-1.359135961770198018e-03
-1.482759932230870437e-02
-1.046717135144336654e-03
5.475599051761881504e-03
-5.747911774748861585e-02
4.053094521957476513e-03
-2.158191302430847568e-03
2.889964171980637705e-03
-3.504794960550183976e-03
-1.134966531894981458e-02
9.493638007593173389e-02
4.985560390915216855e-02
-6.561916068449862418e-04
-1.007954243249069813e-02
4.922207813315279679e-02
1.097138821443213903e-02
-1.964104337966475489e-03
5.686853294565382029e-04
-1.106769400750567955e-02
8.395636645053671659e-03
-2.634678873981592499e-03
3.861178321792563484e-05
2.980947601030095552e-04
-7.949067765511606820e-02
5.156790303514406822e-03
1.640622351230083820e-02
-8.182459847617676307e-02
7.754907157330054486e-03
9.448599066576307201e-03
6.866274722095909661e-04
1.337958267869535187e-04
4.365815179500692408e-05
-1.150339740638301779e-03
-1.417283575938789800e-02
-1.574630117820196434e-02
-8.548733503705160941e-02
-7.914381001414999561e-02
-2.006345835822209017e-02
1.756009412375440781e-02
-1.292411474524667730e-02
-5.792219843875048759e-04
1.365512200292838263e-01
1.313992145509562670e-01
2.551958688251895410e-02
8.788996359547315840e-03
-4.270948550563099556e-03
-4.800099790181098884e-03
-1.280470203393178951e-03
1.040477022707315784e-03
-3.911307722890828426e-02
-1.380748477507117919e-02
-1.341589099320752597e-03
-6.045134727574532924e-04
1.218883043083975005e-03
7.062953282282390891e-04
-4.662601297681846779e-02
1.017630424982670853e-02
7.222453261006208389e-04
7.203033940548204950e-02
-5.539123378628186926e-03
5.681314768472941340e-03
-2.031367867130300098e-02
7.239844653501599503e-02
-1.177667733181402172e-02
-2.451460755649480412e-03
2.804077291617469020e-02
-1.214757952538174229e-01
1.462689885811561952e-02
7.881131789919917224e-03
-9.495957279780916499e-03
3.102574645757167141e-02
-8.929960500678728319e-03
3.161677664668926992e-03
-1.776551994670984985e-02
-5.423297790721495065e-02
1.216436202409467010e-01
2.568183599785783255e-01
-1.922187875109638774e-02
1.310533608728468510e-02
-1.417605982090034550e-02
-1.197092224238636808e-02
-1.945905321770239893e-01
-4.225918963510256754e-01
-6.438665753440285522e-03
9.348379137699790176e-02
7.045126993301393907e-03
4.080022490298905631e-03
-5.080060276998785845e-03
-2.861021002920211432e-03
1.914604707584979110e-02
-1.487340411025190046e-01
2.429528191833625270e-02
-6.233817214455461553e-02
1.751845237802717543e-03
-3.724962394517646047e-03
3.580069711466853273e-03
4.139155186511909480e-04
-3.374450442836345737e-02
1.016517699030544120e-01
6.805342122862823029e-02
-1.024105607667824373e-02
1.269732886696778654e-02
-1.160815945467235377e-01
-1.110733033022740929e-01
8.801991895975226632e-02
-3.521493223992796379e-02
2.880509282684860783e-02
