5.230000000000056652e-04
1.499580000000000357e-01
6.049999999996302205e-05
9.465815730349992629e-02
-1.849942006846678425e-03
1.000000000000004358e-03
-1.950000000001635416e-05
3.000000000000000444e-01
-3.799999999999442523e-05
3.309837669721411250e-18
1.312500000000432516e-04
-9.587212174792935238e-04
1.162567550113016756e-03
4.809999999999971633e-04
-3.700000000001100277e-05
1.499170000000000780e-01
4.764999999999932050e-04
-2.030000000000050427e-04
-5.824999999995858989e-05
9.999999999999657600e-04
2.319735147222160531e-18
1.500000000001517498e-06
-4.999999999788980573e-07
3.000000000000000999e-01
-2.215882409899088876e-17
-2.374999999999218285e-04
2.477500000000544588e-04
5.444550630975645171e-17
2.804693614553174603e-17
3.059999999999507342e-04
-8.867355310850647682e-03
2.915454666030896282e-03
3.693755704776001294e-04
2.042925541713587305e-03
-2.142090774519724700e-04
1.198847735876321791e-01
-3.406951880861563975e-02
-8.270717772672155120e-04
4.491061957460924965e-03
1.548352794240317847e-02
-3.215985461529351935e-04
-1.874342892213909720e-03
-7.216649038097633123e-05
2.823242460523434083e-01
-2.288173338771806731e-02
1.370725946275287233e-03
-4.546141102239656374e-04
-5.973598996723454742e-03
1.779323392587620067e-02
1.959139602282684595e-03
-1.240777825848546432e-03
1.165800762893162311e-03
9.403900245939127763e-05
6.822261509687214346e-05
-1.865792414356431017e-04
1.210646118379280489e-01
-3.449520089761516639e-02
-8.778934398016027211e-04
-3.926646724336488358e-04
-8.688407612606912668e-04
3.005583075482679174e-03
5.927611843524059794e-04
9.881977928235456503e-04
8.772667979050890324e-03
9.817509921197060344e-04
3.948026953542596649e-04
9.684362857576258774e-05
-1.298317125788687847e-03
-1.988732439781605555e-04
-4.581100167243378602e-04
-5.655958606791976900e-02
2.823242460523432418e-01
-2.322053262454799524e-02
-1.005423521784485867e-17
2.528647414104809386e-05
8.994228630604671508e-04
8.020812278939119192e-05
5.895636940128248359e-04
1.228202494591446427e-03
-2.885708121072797037e-03
1.337137666565719508e-02
-2.303688878680343300e-04
-9.360252287122229316e-04
1.287302603557128255e-03
-6.173404609911842126e-04
-3.278028693878657761e-03
1.066054080081218526e-02
1.441413385141762475e-02
4.646789776305373411e-03
