3.120689655172960322e-04
9.146357758620671241e-02
-1.015409482758645879e-03
3.303879310344875358e-04
-1.117456896551847616e-04
1.425646551724425021e-04
-1.095366379310363679e-03
2.983836206896912598e-04
1.982758620700217535e-05
9.915948275862238818e-04
2.961517241379313381e-01
9.110991379309460285e-04
4.477370689655139359e-04
-2.173491379310699763e-04
-5.862068965515909610e-05
1.911637931034309104e-04
-1.859159482758628631e-03
1.202262931034484049e-03
-1.627155172418765167e-05
-7.904094827586330375e-04
6.033405172414602275e-04
-1.820581896551878734e-04
1.307920258620720718e-03
1.346982758620402662e-05
-1.214439655172304123e-04
-7.658405172413640513e-04
-1.950431034483872018e-05
-3.037715517241287746e-04
8.620689655187996801e-07
1.224568965517251317e-03
-1.400862068967823029e-05
1.154525862068829078e-03
-4.012931034481946125e-04
5.032327586206367370e-05
2.700538793103412528e-03
-1.799568965521628625e-05
3.340517241419021907e-06
2.571120689654986095e-04
9.048232758620690375e-02
7.618534482757459219e-05
-3.588362068965373556e-04
4.179956896551785040e-04
-2.087284482758374415e-04
-3.925646551724027442e-04
-7.869612068965353615e-04
-8.047413793103349710e-04
9.984913793104070907e-04
2.970665948275861834e-01
5.788793103448756916e-04
-1.698275862069337694e-04
-2.633620689655419398e-04
-5.124999999999871412e-04
-3.452586206895015661e-04
1.148060344827549770e-03
-7.879310344827088588e-04
5.323275862065679346e-05
1.231788793103488419e-03
-1.738631465517241322e-03
5.456896551724338016e-04
-7.989762931034717934e-04
6.142241379321496968e-06
1.122952586206925210e-03
-4.493534482759508296e-05
1.025862068965626637e-04
-1.947629310344863073e-03
-2.898706896551491113e-05
-1.744288793103462767e-03
-7.866379310360467039e-06
-7.909482758619387375e-04
4.257004310344641908e-04
1.939655172411833615e-06
-1.311206896551701676e-03
1.390086206893554642e-05
3.439655172415624650e-04
2.079741379310228567e-05
-1.874030172413784475e-03
1.086206896551755079e-03
5.280172413791154494e-05
6.495689655172055734e-04
2.758620689646635587e-05
-1.130280172413655401e-03
-4.349676724137843458e-04
-4.261314655172219958e-04
9.960129310343233174e-04
-2.494612068960541922e-05
1.530711206896547341e-03
-3.855334051724181553e-04
-1.020474137931089701e-04
1.061745689655043149e-03
2.537715517243577422e-05
7.767241379309186523e-04
-2.230603448276566179e-05
-1.254310344827593525e-04
-2.411099137930815793e-04
1.523706896551649866e-04
8.814655172399673601e-05
-5.165948275861743889e-04
-3.825431034475760158e-06
-8.588362068965396971e-04
5.441810344826766556e-05
-1.603232758620702723e-03
-1.897629310345306435e-04
2.234482758620674400e-03
8.448275862068876452e-05
3.842672413793121397e-04
-5.571120689655024186e-05
3.209051724137476310e-04
-3.814655172413191329e-05
-1.147629310345442432e-04
-5.810883620689340830e-04
-8.620689655173456676e-05
1.992564655172574667e-03
-1.157596982758734953e-03
-5.064655172412205951e-05
-2.046012931034550935e-03
5.010775862069113414e-05
-2.230603448273866854e-05
-5.021551724135927403e-05
-7.408405172414702375e-04
4.622844827586818604e-05
5.969827586207187859e-04
1.540948275861777478e-04
-6.594827586207573306e-04
7.940709370036987168e-05
3.838471916997120148e-03
-2.877196381829431513e-04
1.184770422322005900e-04
5.428586600418495442e-05
3.233726816415334127e-04
-5.252486677640741484e-04
6.130838801743723494e-05
-7.492040875034818416e-04
2.256037901024765535e-02
2.175833888877262146e-01
4.059294277446697657e-02
3.544874640519212611e-02
3.108608972431571235e-02
1.380071783392776506e-03
1.050507146942053797e-03
-6.738885668820954742e-05
-6.710564537458466212e-04
-9.457695659050364967e-03
-4.256778644370039222e-02
-1.132653901666801424e-02
-1.007286161675182042e-02
3.082364536024630262e-03
-7.940189417575795397e-04
-1.226763859601135744e-02
-1.581649587642261967e-03
-5.031958028343828183e-05
-2.045777751767233893e-03
-2.859892607207487986e-05
-2.557538485786579625e-03
-5.091826039889393689e-03
-5.514874253489449388e-03
-1.974216451098098971e-03
4.108787127220501253e-05
-1.426721013404204765e-03
1.502102975462132894e-03
-1.132539689868137340e-03
4.918314985285315540e-05
2.289274630352941282e-03
4.287227985928979525e-04
2.646751322748416564e-04
1.412070973734148784e-04
9.073648211807425678e-05
-2.828631534253080472e-05
3.332647093616774160e-04
-2.760862315725343000e-04
1.481553749878044939e-02
2.063470280147536307e-01
3.518246478791747095e-02
3.131476257730184121e-02
2.635162980258325474e-02
1.686837239539185854e-03
8.602913258163845129e-04
-2.064297403756215404e-04
4.816476683037763376e-04
-5.890835996893782449e-03
-3.718475020180737195e-02
-1.098492200109454052e-02
-9.671767420795446615e-03
-1.504712565486776609e-03
-5.378436997699384808e-04
-1.110543013559021561e-02
-4.968992761164789385e-03
-3.120028672506296261e-05
-2.435649619537536524e-03
-7.180128754431566295e-04
-4.736149226364488179e-03
-2.957659133614875310e-03
-5.417395872195755052e-03
-1.081521519220805241e-03
8.219845341995094662e-05
-2.504094477519658909e-03
-1.546063223686220669e-03
-1.930489159630541284e-03
-6.429512177661686001e-05
-5.094978097080688547e-04
7.896445111814545507e-05
-2.206072176381584145e-04
5.409784556169440310e-04
2.914941397065388268e-03
9.601369204927788937e-04
-1.290661091909908308e-03
-1.381632112675592640e-03
1.119707303624840932e-03
-1.398808670625209093e-03
-1.094681767096896899e-04
3.585115299393672877e-03
1.703897779570790036e-04
-2.089608695498624148e-03
-2.152650001574133495e-03
-8.496086588153013187e-04
-3.970354685018312658e-05
1.831033515964779776e-04
-1.172176015577789580e-04
-1.095714568086485858e-03
-4.834447746088436763e-04
5.001254169230800713e-04
1.631968579390028005e-04
-4.651854142740163085e-04
1.055654914659413754e-05
-1.396741972799739914e-04
2.243653898953186108e-04
1.436251571970974424e-03
-2.183023631144018201e-18
1.685848938092571008e-05
-1.259632781979032421e-03
4.873468964333636620e-05
-2.459157492642951182e-05
5.521458305435502549e-04
-1.103077684481961612e-04
-2.680212384135209278e-03
-9.723354850534080907e-04
2.310658091970882021e-03
9.309898393102275602e-04
-3.926334936194799058e-04
-4.084550188910041497e-05
1.445347041157496936e-03
-3.085516517205012495e-04
-3.469224719495828720e-04
-4.213728149202910822e-05
5.467307717672575691e-04
1.847067172289611594e-03
-4.251210267400125795e-06
-2.381360623400933314e-04
-4.220047382668545843e-02
9.753010562426565064e-04
-4.550186313459585446e-04
8.609289484223703375e-06
1.186952410825990864e-03
-3.607362382271486756e-02
2.713401442628943921e-02
2.420668179668205092e-02
2.680032013981304339e-04
6.145410129560249215e-05
-1.432527538967663487e-02
-9.337370251370862712e-03
-2.852378370155048463e-04
-7.960361364950943597e-03
7.433111181515650008e-04
-4.754601951805562977e-03
-9.781192098894442625e-05
-4.171680266897529604e-02
1.773948759006778575e-05
3.248145641799121360e-04
1.054403779538162301e-03
-4.670483943484869888e-04
-4.142284683379049426e-02
2.374656509663532894e-02
2.170355252483317440e-02
5.196018226608052149e-04
7.184171773239809685e-04
-1.865740669330073417e-02
-5.468981240083674658e-03
-4.510519149435872040e-04
-5.060431890401216951e-03
8.494721609115439510e-04
-3.021707243028970424e-03
-4.236118039845083294e-05
2.249345922545884120e-03
-1.357438603205305891e-03
-2.120365365441637812e-03
2.298009045909360948e-04
7.513989272711545184e-04
6.454438943268354543e-04
-2.626852898025958442e-04
4.278178635107757828e-05
-5.232151505754795455e-04
3.601780075005255651e-03
5.791345944242327383e-04
1.341741814851511868e-04
-2.343945824433613556e-04
2.811900501586317176e-03
-6.622466169903795923e-04
-1.574095941851222304e-04
-3.970977309726001631e-02
6.362465109016658422e-04
1.680072613207418122e-03
-2.913646027766795404e-02
2.951780596980754096e-02
-3.451828816835300347e-04
-1.163771441472214938e-02
-1.242740895614809086e-04
-3.887733977136577368e-02
8.105084980475759857e-04
1.022570408726813885e-03
-3.725967386234057405e-02
2.482631239629572509e-02
-8.326220463299554815e-04
-1.229649115530664395e-02
-9.071990324970544511e-06
4.745401568101452385e-04
1.148348376830536959e-05
5.190814722130741030e-04
-9.174576309923994930e-06
-3.304748621242488416e-02
-5.197321545677980855e-04
-1.896639081959673387e-02
-1.063982327127179991e-04
-3.340340310447100641e-02
-1.133774881937526038e-04
-2.750554235140659567e-02
1.384747095841411225e-04
5.652628988054637276e-04
-1.938973409048482116e-05
-3.150125297958479217e-03
5.003902257756310992e-05
5.631883284148974387e-04
-1.287545553655623700e-04
-2.279913933912124015e-03
5.385586563693693950e-05
-1.270909674282310079e-03
-3.984883644262831063e-04
1.744408532793687017e-03
-4.049556064006443537e-03
-2.380828025813867734e-03
-9.952536188554178456e-04
2.482423520337832812e-03
-2.650315070471638627e-05
1.604078593038363526e-03
-7.130545061633352787e-04
8.824808553002886496e-04
-1.505700616460668544e-03
-1.316684505042372980e-03
-2.102944210581711069e-04
-7.492658153354200996e-04
-1.885490421449156025e-05
-1.921056705730668599e-04
-2.600735909959227612e-03
-4.301072882373351979e-04
5.043416212794957329e-05
1.272298262481898678e-03
1.776034918023754574e-03
-1.222551708229319264e-03
4.178972068638603924e-05
-1.873423642469000943e-04
2.236749577907628931e-04
-2.595511171984822216e-03
-7.588374491092784112e-05
2.168279583180071461e-04
8.352695848154379670e-04
9.660278115010169635e-05
-1.271605001403790041e-04
-1.791556827666260481e-04
1.173173617710757555e-03
-1.378644421917956785e-03
