-8.389751508534470936e-02
-1.608253872570050425e-01
-5.422587726509737983e-04
-8.253077574407770012e-01
2.971046157719260949e-01
1.231466148946576272e-01
-1.499171552401101261e-02
-5.428931423265490608e-01
3.588794877629927771e-01
9.545785184604166362e-02
5.110999772340518027e-02
-6.465296691204369672e-01
2.770542799450014249e-01
-4.113307901005453654e-02
-5.258977748075958566e-03
-5.177584420248727559e-01
2.540115485154124109e-01
2.027368267255609813e-01
1.006906946621236379e-02
-2.241496058757710616e-02
2.544188921139914350e-01
1.626563646078988956e-01
6.469253284657056069e-02
2.798438992739795544e-02
1.445691619940283335e-01
1.357694355007603437e-01
-3.397192984341127625e-02
-4.722708842707923349e-02
1.173943733773825521e-01
5.660860873922447106e-02
4.835131394031239732e-02
3.572445400745943161e-02
1.772394288854940436e-01
-8.502877322458256976e-03
2.149252428835607908e-04
2.217103455808073706e-02
2.752393651562266841e-02
-1.420296657735903127e-02
-8.082883892134382076e-02
-1.359461458956726446e-02
-1.533140597727524479e-01
-9.196966202581306760e-03
-8.589881929418660689e-03
-1.498711265237858727e-02
-5.628997913343404547e-02
-8.112813105030428074e-02
3.390152342772406735e-02
-8.685215733117226250e-03
2.003744804702376966e-02
-3.138509294177257297e-02
1.200679083877335095e-02
5.475987397461750880e-03
2.269300992035392858e-02
2.214658126238843935e-02
3.337747220142300852e-02
1.436092178257606690e-02
2.936993540001381353e-02
1.016194088920548654e-02
5.819090863258406798e-02
3.455486547801315395e-03
-5.379865560768353795e-03
8.438935549153123855e-03
-6.954980565040480914e-03
7.328130493907833443e-02
8.102881532654855334e-01
4.391997787328849601e-01
-2.649796003801693778e-01
5.368439972555171663e-02
5.218156355091283505e-01
6.410722691219790104e-01
-1.069304879598614172e-01
6.136976934389494487e-02
-3.371473535553964288e-03
5.702397330241099765e-02
3.664217769163494176e-02
3.181851803859635924e-02
1.530687125521296710e-01
7.048974809927958420e-04
-3.726812321043822263e-02
1.780050480656044515e-02
-2.985440234525287354e-02
3.091703484409169880e-02
-1.289282366218580909e-02
-3.744397237588702188e-03
5.201605765733668084e-03
-2.522033502446665437e-02
-7.587932773616080928e-02
-3.864136879057315788e-02
-3.849224837821847711e-02
-1.661215343895702107e-02
-1.007396584255177384e-02
-3.366940608536943269e-02
-1.330999486254298425e-01
-1.315093758545159974e-01
-1.062687045405542041e-01
-2.086323213521450864e-02
1.263429169107992958e-03
1.002196014576948980e-04
2.447379975934052890e-02
4.832659532966944449e-03
5.725527234038480439e-04
1.400033378083136160e-03
-1.734805012856978790e-03
-9.607571647700626286e-03
1.381525446490523953e-04
-7.566365143271371572e-03
2.617330812852730615e-01
-1.028471348704098655e-02
-1.039718101366272213e-01
1.994241060372890229e-01
2.346296256463480112e-02
-7.511004160141622477e-02
-8.259815199541463426e-02
-2.519331985617971961e-02
-4.451557275503649491e-02
-1.489879604112953268e-02
-2.461294631839176794e-02
-1.648059984680324067e-02
1.223523490324206625e-01
6.986690207537665049e-04
5.341467106282717136e-04
-3.869012783918052839e-02
-1.273219686626966135e-02
-3.882944162956209334e-04
-3.742781404540826418e-02
-4.169679791291173998e-02
1.130667787052748452e-02
2.854457345476161395e-02
1.045773168916430511e-02
3.192306698642943417e-04
-3.498760071491418405e-02
2.201072105831230162e-03
-1.561663263782542060e-03
8.271430510444845868e-03
-2.533551413721409334e-03
2.604618728379581305e-01
2.485285102085924291e-01
1.545571879030856362e-02
-2.469234350725799387e-01
-1.030829531763170423e-02
6.186817043866393168e-02
-2.048113933716393803e-02
-1.999888045906278999e-01
1.226964097627062655e-01
-6.066950688772559247e-02
3.372571699486276182e-03
5.298173827911800693e-02
4.200454457848786655e-02
1.371677403665771122e-01
-4.217617024214567745e-02
-4.101838232880552354e-02
4.342678204174672124e-02
-1.951183695570929064e-02
-1.499951104718063311e-01
1.240716150400892649e-02
-5.677040856963509220e-03
5.372284332702815385e-02
-1.859510410834691249e-02
-2.779600969419458376e-02
-2.740371893539144885e-02
1.115140400938972355e-02
-1.313824549089756023e-02
5.481367547842658228e-01
-7.420747209357485275e-02
-1.424574463718655259e-01
3.289200604450587262e-01
5.830841626287225354e-02
7.050276000202564813e-03
2.177587949116946073e-02
4.097028427999577921e-02
-2.199404803912651668e-02
2.828541628301541044e-02
3.338832834232075691e-03
3.788745474043960382e-03
1.885438962750409508e-01
2.152026947050037983e-02
-2.960357053973957080e-03
1.459785603930236451e-02
-3.361374522249394037e-02
-6.230617430002331411e-03
-1.601603325685756751e-01
-1.363710618601796376e-01
-1.687046777366249528e-02
-2.516780813305025122e-02
1.330235355557867448e-02
1.256245779644927368e-02
-6.885510560439311867e-02
-6.710802072372070229e-03
4.941703908296369956e-03
9.988888888768060036e-05
7.076666666687441050e-04
-2.164166566094580397e-16
7.893768540557112449e-15
-4.567730480365993554e-05
-2.422991379688876630e-04
-5.088561319685390265e-03
2.313533396236697095e-03
-8.485561014626532596e-04
4.083604297969033355e-03
2.273615715933299938e-04
-9.275817013482297313e-05
1.937222222170815003e-04
1.672166666666100900e-03
6.879818079987169883e-03
-5.459507810522651328e-03
4.255833914626952832e-03
-6.558271043744065727e-03
-4.347777777801377277e-04
-2.670950102785494802e-15
2.076273051131444626e-05
1.551917244620234322e-03
-6.985533132278846230e-03
4.954709417524656408e-04
-3.798888888858684403e-04
-6.357895963832026036e-03
2.022765803664229936e-03
6.211111111257327307e-05
1.914333333334770426e-03
-9.986803533037648786e-16
2.751757991645518821e-15
1.158330199368577478e-04
-5.099346909478840589e-04
-4.757320778446114638e-03
1.013018662947078388e-03
5.770156061519346935e-04
5.186943683758057401e-03
4.048737723900172722e-04
-4.319956358504709764e-04
5.927777777494193308e-05
-1.251166666666636996e-03
8.606856880539703186e-03
-3.247428891205462412e-03
1.636301571941022699e-03
-5.848014719979191187e-03
-2.039222222223258715e-03
-4.510305906688976901e-16
4.580347416220446042e-04
7.832955848440012860e-04
-4.641041625203303454e-03
4.663258956275742931e-04
1.907888888889629165e-03
-4.562920685952465659e-03
3.234302094383956477e-03
2.576682320092893996e-01
2.245342424223982503e-01
-2.671467118627545573e-02
8.322808559390312277e-01
6.641002769261441507e-01
-1.324109133849098452e-01
1.405795819582014716e-01
-1.588075268617635330e-02
4.134999413052876938e-02
1.157199988888430592e-01
1.304322702793896636e-02
2.157619890172689792e-01
-8.417767542402490588e-02
-6.784655118038596111e-02
-6.086016439827066776e-02
-2.390966959351009669e-01
-1.191584578206383339e-02
-3.887089587602125806e-02
-1.544101407319012631e-01
-1.334264602377674414e-01
-1.478732482507653656e-01
-8.275059230039556735e-02
-1.606581607969522624e-02
-8.341117316373293511e-02
4.547002027551289016e-02
1.057347038277518803e-01
-2.556686599425728092e-03
6.468878305011674726e-04
6.565905385182055874e-03
-2.348398012922281106e-02
4.282470747015322543e-02
3.941373316755313744e-02
-8.721635515788066922e-03
1.381199695655506085e-02
4.169343317292990153e-02
2.574934157290249045e-03
-8.984922084037051844e-04
1.093254006204044107e-03
-3.052754200865083652e-03
1.028480429397521899e-02
1.220731731360143874e-02
5.934337246417381757e-03
-4.753307947043257202e-03
1.218358909516003641e-03
-5.471972711036149524e-03
-3.882566775256612434e-04
-3.244015671806910195e-02
-2.169711383255179191e-02
-1.377498509023900898e-02
-1.539274407639138354e-03
1.260198402452834430e-03
-1.106798165267619777e-04
-1.600411617964823778e-03
-1.782271547896946548e-03
3.744464729211390286e-01
1.640702608202433410e-01
1.347455049705323198e-02
2.570747707731825260e-01
2.261777749123780878e-01
-9.483078907612194422e-03
2.708893194625781875e-02
2.045048291418983810e-01
-4.455691404311287740e-02
2.336662693837335270e-02
2.628332489305310396e-02
-1.972856231880293007e-02
3.734114537425563263e-02
2.238725142249100436e-02
6.548689351659303659e-02
-3.713501007069312798e-02
-1.375325112807358231e-02
-1.111585520690340848e-02
4.367935096664088933e-03
-2.555644068126561655e-02
-2.071971385880867073e-02
-9.708760568110749722e-03
-3.371498669328626494e-03
-1.793132040451489613e-03
-5.123496404926946024e-01
2.202066794502551828e-01
-1.085088647879186435e-01
-7.442136887335538686e-01
-4.175478354893948085e-02
-1.605203925589388306e-02
5.700657032140881569e-03
-4.142991397654100655e-02
1.962070646452976699e-02
3.907761767724686197e-01
-1.992855550772015538e-01
1.293525760832871518e-01
6.246224354843017690e-02
-1.399460419804263445e-01
2.398435214959277195e-01
2.532877077858606413e-02
-1.871593636524453153e-02
6.342930530789411825e-02
1.306604100517469447e-02
5.193603291209455963e-02
-5.820000764059309398e-03
-4.337808889460390005e-02
-4.734361953156648178e-02
-3.498511282775032278e-03
2.545440069980144885e-03
-2.204684959072295836e-01
-3.090911230359092987e-01
1.327144240071354842e-01
-4.912630161257668798e-02
8.448354453388066954e-02
2.927052974036566113e-02
-4.721148058601589564e-02
-1.888688264713026324e-02
-5.871987937316272728e-03
1.507808134871531543e-02
1.010566993140124374e-02
-3.038609967793754266e-02
-6.916486416932771629e-03
-5.398723932388159452e-02
-2.383936123855950537e-02
-2.123545136095910757e-04
-3.240670119047134312e-03
-1.313143866300796325e-02
2.858521148490878599e-03
-1.897426047174945868e-02
5.916359564828262661e-03
4.794979210191331782e-03
-3.798786164406501610e-03
1.276279522164283989e-03
-5.279957321242183949e-03
1.327981911036286338e-03
-1.409642502370911377e-03
-1.972087474079604972e-03
4.196176874690392194e-04
-3.488074026498156396e-03
1.410621497860923635e-03
-1.310547675789226676e-03
-1.663878510461922226e-03
2.181263647251682444e-04
-6.643132955810445925e-04
-2.254990938240238225e-03
2.317161850274363378e-03
3.382404174561713054e-03
-2.577993957120781280e-03
-1.789078190840156764e-03
5.790731683902530444e-03
2.629374902413298028e-03
-7.768368243592604742e-03
8.304315697226333573e-03
1.296853131712274922e-04
1.223964083316494023e-03
1.553768179935920623e-04
-1.914872802887169047e-03
-5.634849633709328870e-03
1.423766711317978398e-03
-2.903376749123231810e-03
3.275630778636092963e-03
1.311637496185316838e-02
-1.477706709262361674e-02
-1.063614345582162115e-03
-1.626545065556659134e-02
8.788570976664723811e-03
-4.546985850776050220e-02
-1.237862333151230378e-02
1.551800904824273200e-02
-1.689573067099899364e-02
3.678339769137135840e-02
8.720925695109876807e-03
9.517762985529752695e-02
6.059663560868523008e-02
1.712963392877449031e-01
5.558996529379657547e-02
-2.580039978908120479e-03
2.565587868197276300e-02
-3.734784200711123436e-02
1.308717759338354734e-02
1.440262598393191561e-02
1.501417232786039779e-02
-2.623515556064528326e-02
-2.433212771748835546e-02
-1.147307394799512541e-02
-1.666965125299141315e-02
-1.139318226689399818e-02
1.888050210834711293e-03
1.735424905493075870e-03
1.998568887206885608e-02
3.860776723232339693e-03
1.905925794581740619e-03
3.845409391817462309e-03
-6.394752037392306991e-04
2.717812704077433947e-03
3.034669101667221338e-03
1.026910424008707206e-04
-6.886359762996978849e-03
-7.471464130914181115e-03
8.228758200842068533e-04
-8.376403598653156708e-04
-3.389530258608539764e-02
4.068583863145064719e-03
-9.569785465168724860e-04
-2.158438553790064090e-03
6.063102000627122734e-02
1.015164283624503117e-01
-5.274721393393257650e-03
-7.172019859292651754e-03
-1.650793398104286741e-02
3.668875039058481363e-02
-5.003776367761483303e-03
-2.569473871586822750e-03
-1.549506560976970579e-02
-1.876330267625108891e-02
-1.134651828801803205e-03
3.795173428580138168e-03
-7.973145895034575159e-02
-1.529355013250813522e-01
3.961060734293310806e-03
6.590083575187336007e-02
5.121351143472933215e-02
-2.597949594033787009e-03
-1.917346100587901669e-01
-6.157323522515277710e-03
-4.372559159690641434e-02
-1.625425083041268093e-01
-1.857070653773501903e-02
-9.319706922228484418e-04
2.718609290721446872e-02
-7.016831290010308586e-02
3.502945438998606061e-03
8.673031472819318910e-02
-1.068956404612081065e-02
1.103962010742300451e-02
1.657002122952173639e-01
1.368953256845593658e-01
-1.990323355689510576e-02
-6.027170744132345076e-02
-3.319003244168532846e-02
-1.942800974076844961e-02
-5.200438184524911779e-03
-4.616013947244777815e-03
-5.704417279139646548e-04
4.101109820933518391e-02
3.116033811056642330e-02
5.717860766295188718e-03
-4.716979744940217462e-02
-4.927990903385594951e-02
-5.071767894092246015e-02
-4.020089843217461434e-02
-1.183380943010189784e-01
1.918233026514987866e-02
3.873146300661496188e-03
-8.470696830341331932e-03
7.396527128761420933e-02
-1.554545344107481353e-01
-1.447830765586116675e-01
-2.480208404910654307e-01
-4.017294534052457400e-01
5.528928095433111728e-02
-7.977033490574010621e-02
-2.048850755474602298e-02
-1.974094201992903849e-02
-3.413033237022336432e-03
1.470833620528422536e-01
-1.946048529572852459e-01
-7.347912168794336341e-02
-3.722970850357590344e-01
9.999745835954108875e-02
1.575010797728578771e-01
-2.194700485134942758e-01
-7.519479911961189644e-02
-2.916875399663574134e-02
5.668265213897725335e-02
3.632949667093695462e-02
-1.204001096892854707e-02
1.104737354203134091e-02
-4.493228643451159694e-03
-2.009951621236485541e-04
-4.782053067708483957e-02
-1.208406215675184719e-02
8.518856960068552434e-03
-3.385318535663381367e-02
-7.537520625687740145e-03
6.251250963205055291e-04
-1.100786671907714011e-03
-2.095492350825050123e-04
-2.125600336975083660e-02
-4.681228478592688001e-03
-3.389995329235359601e-04
7.903065548456829348e-03
-2.394083954613021592e-01
4.252440222186701368e-01
-2.426969344436129966e-02
2.121551288173961769e-01
-5.129383657589449141e-01
-1.463081906915464636e-01
-7.016842776179853247e-02
-1.593035615810472344e-02
1.899467491961607732e-02
1.776453116441535987e-03
-5.476493984342466724e-03
1.335560186032992008e-02
-2.256137131426479148e-03
-3.166978466540280347e-03
-1.669567575679947779e-03
-2.086597742116667962e-03
5.035337735797892206e-03
-6.591606448684549438e-03
-3.141307531677007409e-02
-1.362344747913099975e-04
9.717711081016575797e-03
9.851167284158208332e-03
1.474458404004050805e-03
-3.764534689611021001e-03
3.422047994433972257e-02
-4.465661520116267352e-02
-4.283834055620603862e-03
3.835376747608149062e-02
8.756782544721607511e-03
-2.074020335548990707e-02
1.442755593227500752e-03
8.132372237162009123e-04
-1.408597634224937256e-03
-2.386950585579327225e-02
1.664479989900773116e-01
1.103540667487161314e-01
6.747120958652704642e-03
1.174288370061681930e-03
4.220508599013992473e-03
3.373114272019980819e-02
1.449141405732715104e-01
-7.204151127301731961e-02
-2.192521294212748662e-01
-5.666773834431414469e-01
5.778429411917810482e-02
2.953555484967885780e-01
-4.997079537041999864e-02
-1.184110412891863223e-01
-3.657691787756737201e-01
4.514097301026261388e-01
-5.455619990328398616e-01
1.914194098061283156e-01
9.340048933463576675e-02
-7.718520189430293499e-01
1.978629771562950557e-01
2.236712510329291748e-01
-5.363034033147318774e-02
-1.045978901515788812e-03
4.050212143686848232e-01
7.839706646437043513e-01
3.387102220708014533e-02
5.658189702715079455e-02
2.945843330153243012e-02
1.932518489955218580e-04
-1.138244314039736811e-02
3.993842172746041481e-03
1.224017450252164359e-02
-5.092573503341788150e-04
-2.630243778720747164e-03
5.723431119081134021e-03
-1.139163097274204818e-02
-2.199058769458753226e-01
-4.047462264808986132e-02
1.206154927762072976e-01
-2.515163074718019809e-01
-3.897970818636151136e-02
-2.551441753430051460e-02
-3.458982183002913546e-02
1.756496157808061292e-03
-6.074953658070347817e-02
3.143654162277564196e-02
-4.491142165197298253e-02
4.762636282303080171e-02
-9.222125904603908908e-02
-2.476489359784203037e-01
2.615708279814714030e-02
1.721204351651765829e-02
-2.360349570327555449e-02
4.428249024101982290e-02
4.032214232875497989e-02
-5.504970285754516579e-02
-2.072457340122599995e-03
5.395270298839852791e-02
8.116044922811065099e-02
-3.841830034442934860e-02
6.116847488316101006e-02
1.627671209983553580e-01
-8.532337443827104490e-03
-6.888268966718394913e-03
-7.287577228837404698e-03
-8.956781111605065931e-03
-6.077042916959830149e-02
-2.213098224057903629e-02
4.378440383418454040e-02
2.317627414879225994e-02
-2.454008647225835310e-02
-2.773693985416046323e-02
-1.273705126227814462e-02
1.042112327528480452e-02
-1.388671517495954598e-02
-1.013265424272534118e-02
-9.180626805963097367e-03
-2.522842795203452098e-03
7.855288163300083726e-03
2.717740970756864910e-02
3.731449316907445996e-02
2.703910866361072460e-02
-2.366962433324435455e-01
-6.059208601793826532e-02
-2.444530007309336089e-02
-3.039237891599185643e-02
-4.243587275302676542e-03
5.491816955858816636e-03
3.672843478724613191e-03
1.568855840114815681e-03
-6.389943682602144959e-02
-4.970702686991202573e-02
-8.529855789558405885e-03
7.847346106361163809e-02
-1.044626605587287670e-02
2.284614098027527504e-02
-1.157106237628573592e-01
3.146618618956677910e-03
-3.586194300768265342e-02
-4.406252271578915865e-03
-3.710720889701140529e-02
-2.083486395919804252e-02
-4.213883934423039677e-03
-2.345846590747749372e-02
-1.465817436222435072e-02
2.923417650653055075e-03
-3.091273107075371424e-03
5.423575860196515504e-03
6.709533895851738441e-03
-1.688869863379172153e-03
-4.869872927356225234e-02
3.671290150267739021e-03
6.862154212319580837e-03
1.513292695746655536e-01
2.121139865409303049e-01
-2.705392266977175650e-03
-2.077290260468075619e-02
7.878138523462595300e-02
-2.927700156488144759e-02
-1.285724974417038272e-02
3.857152546910434885e-03
-5.358981578842630586e-03
2.585012710600998321e-04
-7.618144602834636681e-04
-1.086649674175884685e-02
-1.108331782360726797e-02
1.306819498256182009e-02
-2.223532337582788676e-01
1.233258818403968303e-02
4.506706568968184973e-02
-3.924956504262271800e-02
-4.388829681350560341e-02
1.505653187553278489e-02
6.326060719363646445e-03
-1.667484182173144813e-01
1.160984982327361859e-01
1.667522341159400345e-01
3.293660373530887114e-02
1.412951101649277501e-02
-1.605440101684875442e-02
-1.725946816528451874e-02
1.308882450103534406e-02
3.478357061444167786e-02
-4.504851936083666131e-02
3.082525409218691073e-04
3.227526798405082158e-03
1.659270941985176995e-01
-4.772195783661922763e-02
-8.623374451273972674e-03
-2.919085706130742502e-02
2.113434776750496707e-02
2.360301202940061349e-02
5.687824641856464164e-02
-3.140866726854182889e-02
-8.124013390539268700e-03
-1.193433182792626862e-02
8.661624265931627126e-03
1.057161651385960313e-02
-3.956685324299293732e-03
6.477135762505583164e-03
2.166293259243824015e-03
3.071068172353136252e-04
-2.794585151895969885e-02
9.928635313597130793e-03
1.285167769957830039e-02
-2.103156333738743708e-02
-4.377920787905965894e-02
5.944535737872316122e-02
-1.799367527374780198e-03
1.514997791605333585e-02
9.808028043057398677e-04
-3.826703707341518740e-02
-8.188571856121269429e-05
2.909647966936077228e-03
3.234120689204708111e-03
5.084022682088194627e-03
6.544629988836264331e-03
8.575893397086274683e-03
2.497140625361576535e-02
3.788143496204721128e-02
-6.580003049595236839e-03
-4.725133910782749851e-03
-9.093609187262149257e-03
-1.138626143502552077e-02
-4.551635834980918838e-02
-1.042150246697891823e-02
-2.609046651971860462e-02
-1.046906940991981783e-01
3.379041439793922796e-02
5.304612533749817130e-03
-1.173835114755004787e-02
-9.379593743297240035e-03
4.190066103008443024e-03
-3.417708187708857559e-04
-5.574999698069764073e-04
-3.430341883814447788e-03
1.847670274013879163e-02
1.177113426854195033e-03
-6.323079522626755787e-03
2.174197359076806418e-02
1.676540171438230600e-02
-1.417572007544323429e-04
7.242573198364731847e-05
1.831818081321801711e-02
1.652261496186860617e-03
3.555251836030894871e-05
1.175456060958518929e-04
2.471388793312228552e-03
-1.162562269104168988e-01
4.247027993870565091e-05
2.176636637487032368e-03
1.360569555122524829e-03
-6.637070934362521157e-02
8.846329072976741618e-04
-3.338306218674955074e-04
-1.477020638332703639e-01
-6.475237431250696618e-02
1.595978769064962862e-05
1.400343401753669252e-03
-1.094791786987115399e-02
-3.943903346548122829e-02
6.430850532615141769e-04
-1.850519360654249209e-04
-7.813680596149422120e-02
1.965332430867509222e-02
-4.005900136214319077e-03
-1.974124472665153823e-03
4.517365827705471792e-02
1.496413464503681956e-01
-1.521544124944201881e-01
-2.503011632774296835e-01
-9.552091994674301312e-02
-8.855849622115750247e-03
7.853040756224859142e-03
-6.893349836030085442e-03
1.765859063670942308e-02
-3.650086048540107653e-02
-4.666529684104570030e-02
-7.941026141381603287e-02
2.268372344131050489e-02
-1.110000195917214411e-01
-1.912401849468656767e-01
2.013280177368915735e-01
-1.574268792711462084e-01
-3.051585210173127574e-02
2.029950322982864708e-01
-7.063552712808323503e-03
-7.853473245358523480e-02
2.364485998071873263e-02
7.620062077926345601e-02
-6.635098576108898472e-02
-3.763251458603984467e-01
-1.108186358941381719e-02
2.494356423045783391e-03
3.392669484425669957e-02
-6.975122067932214287e-02
2.211722588117123744e-02
1.374341102181374967e-03
-8.003958985565738649e-03
2.605451847899420761e-03
-3.925751306022100783e-03
-5.379085765733798707e-02
1.513041677889393095e-02
1.452704272905538203e-03
-6.700085732600184881e-04
1.935905202983108017e-02
-4.491100387132048247e-03
1.897643589422822602e-02
-8.150850324438121616e-03
-5.143626104690759634e-03
1.375208513628150934e-02
4.512596610817831699e-02
-8.402426857073576338e-03
-1.665744171189077402e-02
8.920102224168736590e-03
-1.270990459803812266e-03
-1.748630827898031747e-03
1.110773137937348248e-01
5.902779471008887807e-02
6.212138120684444070e-04
-3.480001336020561997e-03
7.784763035489784821e-02
-1.875637094919939060e-02
-3.144115479082208731e-02
-2.583061807120832706e-02
-1.873309827227421717e-02
4.350705896661724754e-03
-1.245231533160889303e-01
-3.674688676205131038e-02
-7.710017637510160893e-02
-1.648895418508890265e-01
-1.230077356192237808e-03
-1.369190661687636271e-02
-1.621215510379793619e-03
-2.384116362221675757e-03
2.857764327174681096e-01
6.701543163126767212e-03
1.666529027596438950e-02
1.744447071305325891e-02
2.696378052887947810e-02
-1.307043050943202701e-02
-9.970183829211833396e-03
-1.573384189386920970e-02
7.056393807148868269e-02
2.226830194752545816e-02
-3.240611427963892982e-02
-2.521913318564160122e-01
1.091429268024130816e-01
-7.212853494189921976e-05
7.565127806131067981e-04
1.202619069971587462e-02
-1.725465089591974449e-02
7.580702014170242163e-03
-2.537216938063380917e-02
4.262119725662572023e-02
3.426972694132895264e-02
4.951912445820717129e-02
-3.857898505889155449e-02
1.346032784472759869e-01
-7.773988687107336037e-02
-6.281531384848952626e-02
-1.293896479422775303e-01
-2.369404081143395291e-01
-2.595205973167169847e-03
-2.149921590435059301e-02
3.951567311129515481e-02
-9.898845232365670321e-02
4.068708125546705023e-02
6.233282866371375741e-02
-7.234254210025847787e-02
3.761041083679199648e-01
-2.306240385312290520e-03
2.464365005576385839e-02
-6.658324989564931573e-02
3.704966142543576063e-02
-2.854101754930919374e-03
1.046572752738186840e-03
-1.237339169893879841e-03
-1.103810757096881229e-02
-2.227916987923169410e-03
-5.968324898721420746e-03
8.011616732988745271e-03
9.557863383347571518e-02
3.384852723900637177e-03
7.011584968352954639e-03
5.757309843031409823e-03
-3.881477634499402862e-02
-3.847157845499238685e-03
6.632100074774953738e-03
-1.747592225823460911e-03
-7.889056372148130214e-02
-6.238157966500815221e-02
7.219723545500137188e-03
-2.526461719984912212e-04
-3.868054373829053066e-02
-7.140652345203678079e-03
-6.735294742772763611e-03
3.838065360942598172e-03
-1.341718296103225350e-01
1.699506080207021513e-02
1.764829646008960612e-02
2.790033732684814652e-02
2.899655995963482460e-02
5.593828132421309329e-02
3.017597661831762645e-02
-3.122634487867082323e-02
1.293792917437731338e-01
-2.657949807727136848e-01
-1.677766944117561193e-02
1.082436957785476023e-01
4.065265163284804972e-02
2.035748581569745141e-01
-1.588659044027513068e-01
2.872286841751003905e-02
4.926876351842073226e-04
-8.494741096092635335e-02
2.969003890457968392e-02
2.970014435682283294e-02
9.637220834807694314e-02
-2.161473520242336230e-02
-9.776732959955347635e-02
3.183348643402492215e-03
-4.994672594045093846e-03
7.806619689022009645e-02
1.764301322629050969e-02
-2.362731523739098477e-02
9.579451906707099618e-02
-7.463348572526071201e-02
1.261432060297164141e-02
5.879630685399435397e-02
3.248975177617432347e-02
5.796288931696469242e-03
-9.306215366045193782e-03
-4.707516843480065872e-05
-8.474277915650451623e-05
-1.012767319863936560e-02
-6.914969900006794111e-04
-8.339255567341307906e-06
-6.203645917020877293e-05
-9.202194679134636244e-04
1.601918977280139891e-02
-4.980771339833077369e-06
-3.212096447530160938e-04
1.137901037532656860e-03
9.425237956551878876e-03
-1.389201508253508843e-04
4.589902021256499524e-05
1.988452990165736831e-02
-1.441727079552115182e-02
4.482694202618530792e-06
2.890886802824934308e-04
-1.024110933779645138e-03
-8.482714160897667291e-03
1.250281357410980862e-04
-4.130911818961875037e-05
-1.789607691149337765e-02
-4.540775064102900438e-03
3.958766654639717802e-02
-7.853239754983986276e-04
7.423318757760814096e-03
-6.747976651388823410e-02
-2.876019567838902693e-03
-6.313805087255875727e-03
1.157535669335949154e-02
2.942020748593449433e-02
6.002127347181586761e-03
-8.941479921148428808e-03
3.485616701099999298e-02
9.772049200239987451e-03
-2.279266204719124309e-03
5.326054422069276435e-03
8.546499319511765723e-04
-1.628911037582607413e-02
-2.571504517523149486e-02
3.082868600749858606e-03
-1.710606746760471100e-03
-2.520001285307387970e-03
4.457752618447569787e-02
-1.777668048280999641e-02
1.025114255971498398e-02
3.233411635950467211e-02
-4.303245310966312409e-03
-4.771707912575941929e-03
-1.286559157631640650e-03
-2.813312654959466974e-03
-4.286723056719615971e-04
-2.059907191461326104e-03
2.038461807036701882e-03
-4.523415205800736943e-03
1.274854560021153153e-02
2.173799070581347050e-04
3.008976731860997598e-03
-2.206164214524181794e-02
-4.648961573313270187e-03
2.091220020499370835e-03
-3.410291891097796870e-03
-3.245864837231657307e-02
-3.200578486696112595e-03
5.300820255283130930e-03
-5.448267652517945620e-03
2.424209471875424932e-02
-2.193114312798387475e-04
1.841169404956888647e-02
2.320697026450466421e-03
-1.891169392624457712e-01
-5.363721438071362979e-02
-5.442069115121846157e-02
1.258566048792541560e-02
3.412283468867192970e-02
2.185584144915562674e-02
5.566850561280572984e-02
8.994479592061985218e-02
-2.205792699123204983e-02
-1.032309346328611627e-02
-3.939108085882973126e-04
-4.471448849992345868e-03
-4.798591406765213147e-02
-3.466773399487586057e-03
1.377244855673589313e-02
-5.791918324245488858e-02
-1.356015480881648388e-02
-2.708466356545084015e-04
-8.735687257563271284e-04
2.764388430076853472e-03
-5.142589730196486103e-02
6.258980557044194551e-03
9.293862701620331235e-03
1.660463779952093839e-03
1.399605985234589865e-02
1.332523346663511870e-03
4.827015270796145702e-02
1.833771337302949993e-03
1.335061502679710799e-01
-3.657667598972484668e-02
-1.885750880343363758e-02
3.412058868469404482e-02
1.943974036414497855e-02
-1.169547261052202025e-02
-1.384137568309009789e-03
-6.636092601591369287e-03
-6.089283135984173596e-03
-1.543972900056880988e-02
-2.681835944693789289e-02
3.989686259581872591e-02
-6.178916695336776621e-02
1.312724271810260246e-01
2.956247022775783731e-02
-1.494626629618083478e-02
-4.222962825698246131e-02
-3.964291577642162917e-02
2.619247618066916639e-01
-3.519139991265739231e-02
-8.232006856034547113e-03
-3.202144208679648732e-03
2.387899982818620943e-03
6.627662256253915966e-03
-2.392614978275390322e-03
-1.760324230054591439e-03
1.318597579322168534e-02
5.006973866647089662e-03
-6.837701093641183892e-02
3.243964543554663654e-02
1.078302053466433444e-02
-1.098869411349165381e-02
3.578911264545657674e-03
1.020255820125161653e-03
1.076509701135261454e-01
-5.388576564106657002e-02
-6.361386594535495265e-02
-2.278088281025868883e-02
2.059789702829382396e-01
-3.445477113797420360e-02
-4.572959992731103623e-03
2.397908987543954581e-02
-2.546751239286168013e-03
1.825024214094563349e-02
-1.441262597068514867e-03
-2.937647865341966747e-03
1.118186110364018278e-02
-4.285529492381581068e-02
1.426858247655287196e-02
-2.620466110055058497e-03
-5.613072790272392865e-03
-2.007073409469454020e-02
-1.471208436025268212e-02
-9.456170013231793986e-03
-1.406882194310195462e-02
3.219831055099459105e-02
-4.386769444836081250e-02
3.036921732195864421e-02
-1.662617520345983230e-02
8.708122852148408866e-02
-1.055539493907630782e-04
1.529833163393466483e-03
1.019399321047032535e-02
5.355615835049694351e-02
-1.510859344636601154e-01
9.068949742892795651e-02
3.223687027441241373e-03
-5.469755407035122724e-02
-7.060401620919880272e-02
6.744199443943391103e-02
2.152790950389730021e-02
-1.245425041423838322e-02
4.229173112793200261e-03
2.611906632654334946e-03
-1.387446380898381230e-02
2.660581130447320017e-03
-5.089775014459391178e-02
-5.754777944003580670e-02
-3.794481458906689975e-02
-7.890648190304069484e-03
-1.184197461061440165e-01
-3.232399818227753296e-02
-2.243313487463748004e-03
-1.177717186005879969e-03
1.159501752369120203e-01
1.125543629009897843e-02
1.352172680006110718e-02
-5.219202288792817827e-03
2.266208214259876272e-02
4.298036936242413675e-02
6.704417460279402108e-03
2.074692524944668146e-02
6.748593920544289013e-03
-7.641856821828901802e-02
3.866559965810533427e-03
-1.064699700302108518e-03
7.210318783447456498e-03
-2.050948506801979904e-02
9.733305606825230077e-03
3.734702471027620671e-04
3.151494895322703299e-02
4.936453141456300167e-03
-7.129478593652415278e-03
-3.266663312355553433e-02
-1.568874965920663382e-03
-3.135217662375349573e-02
-4.498034717821895040e-02
1.184393358352007494e-04
-3.220042560941609178e-02
-1.932179387363269774e-02
3.144956069617080730e-03
-5.147541110713803846e-03
-2.195336864370084698e-02
1.103250467344542469e-02
-1.911133057020853593e-02
-3.846670226457795522e-02
3.497453585643723883e-01
1.739269338474891749e-02
2.191686210804193961e-03
-4.983767172752769613e-03
1.102901808410046008e-01
-1.121277343373894703e-01
-3.885528954871394266e-04
6.115963037866680579e-03
-7.639817284087285949e-03
-6.258655504963821746e-03
1.539271580710713065e-02
2.747135663051448323e-02
8.234198694257784112e-02
9.295664492323933714e-02
1.926856127868328827e-02
1.847581962049450188e-01
2.057987328728842769e-01
2.497666744735475286e-01
6.423724989062383484e-02
4.392274293322916828e-02
1.932067146830248900e-03
6.699030091911150481e-03
4.794935047826216074e-02
4.738123014336634298e-02
1.931882525950560665e-03
4.741338269928059394e-03
-1.089176577702460555e-02
3.174615813057981434e-02
-3.702033606646473480e-03
5.295856285902881058e-03
-9.428262260805698623e-04
-5.254432266834276055e-02
1.226538747025643014e-02
-3.481174911089296962e-03
3.345022027183127550e-02
-2.112614617383758511e-02
2.144770117945212027e-03
-5.249354891261491171e-03
-2.106902367495019565e-02
-6.060255392365879179e-02
-4.714740268256938788e-02
-1.307131540827971214e-02
3.726116523735932551e-02
5.654322432747881100e-02
1.792149262471091908e-02
-5.859344972721453569e-03
6.365477998975284379e-02
-9.451774351364507221e-02
-6.197433515687684200e-04
-1.425495072989302467e-03
5.547843481669079624e-04
2.038177361681253914e-03
-6.041737675062841713e-03
6.744139524637533844e-04
-2.524733858592732860e-03
1.669721036510934259e-02
6.703417098840007285e-04
-7.387035445862696935e-05
-6.813467457693797927e-03
2.068671042627617807e-03
4.545043809998186601e-04
-3.059475000767915114e-03
8.658423129235624099e-03
-2.506077509935214845e-02
-3.407747574564949644e-02
-3.143518254978613924e-02
-1.724766614691362540e-02
-1.582504160802591237e-02
-1.366825353296433898e-01
-2.921045464881915493e-02
2.303180886711903280e-03
4.437663734867368370e-02
-7.487006705543405860e-03
8.600518407161590606e-03
2.104907568451399279e-03
2.027476403529830055e-03
-4.325651907798510470e-02
9.687351226090469558e-02
8.308797017432454496e-03
6.620575291056158412e-03
1.502538603240727863e-03
4.129653680104120733e-02
6.661692322755486707e-03
-2.277066054230457090e-02
8.885348874754921134e-02
6.673194761744528913e-02
-2.152490765672183980e-04
-2.945495342837944550e-02
3.372835379887611194e-03
1.597599403392898189e-04
9.694129875328935317e-03
2.537516513765554829e-02
-1.195280939995787273e-01
7.589080412300899803e-02
3.569235725930668037e-03
9.509844312538200117e-02
-7.278445591458310160e-02
4.157097417386732691e-02
1.154895337452620067e-02
1.055515911820056191e-02
1.172850349202871484e-01
-4.397280853076332430e-02
-1.288749289095267141e-02
9.341025099987112536e-04
-5.243586592920370520e-03
2.099816108221037175e-02
3.567135443462967227e-03
-1.651360905468103601e-02
-3.312772058187802519e-03
1.733062912022046570e-02
-4.445155543116047908e-03
2.127932555601374370e-02
-2.811807302266205490e-03
-3.061948477287366327e-02
-2.099473548622350916e-01
-1.042519919036034304e-01
6.790528873049408998e-02
-7.361924903271030440e-02
4.379298160190375939e-03
1.750610816066059839e-05
-3.071553437033195961e-03
-1.429639338743382863e-03
-3.711998503395308457e-02
-7.191441681391122498e-02
4.110256487571487677e-02
1.021802074988479997e-01
9.451451528502300553e-03
1.129221093291886413e-02
1.737765719274845036e-03
1.212809516944513867e-02
1.227413445259606210e-02
1.081506188835047871e-01
1.243639885380452420e-01
8.708913339562115996e-02
2.590955599215913341e-02
1.816324621290973593e-02
5.318903887750377896e-02
6.135076888023324043e-02
5.088802190047778638e-03
-2.165277314869584052e-02
-1.958464845526967368e-01
8.339443854273537182e-02
2.501759772086738220e-02
-4.145691885888425771e-02
-1.161823191864938846e-03
1.651398113754336955e-02
-1.164494861128343751e-02
-9.322054462901555386e-03
-3.926986214026383787e-02
6.865104906815829022e-02
-4.374566244349230304e-02
-1.086002503104250838e-01
5.091634575558307658e-04
-1.800679974765882069e-02
3.379669660874615872e-02
-1.262781014010365237e-02
6.897552072042331672e-02
1.827208247826256071e-01
-3.502756702704929587e-02
6.959471300221107583e-03
2.119919505566635488e-03
-1.521563711176198959e-03
1.324324399205320350e-02
-4.480840715084507923e-03
5.970348570572455577e-02
-7.946070509969690998e-03
3.757762429192832571e-02
4.563138591441260987e-03
-2.184799478659755004e-02
-5.123975136732900754e-02
-1.992738796676830071e-01
-4.107099078288373173e-02
-1.224126943115318861e-02
-1.822219265806746761e-03
-2.888692268976886333e-03
3.836151565448506478e-03
6.652848842403007168e-02
4.490556017112998927e-02
7.577642054999079611e-04
3.791280142801629893e-02
1.355301326070639523e-01
-4.626316900051324899e-02
-1.544224739218403902e-04
8.572402399210753013e-04
1.176867010449281215e-02
-1.502096485457341847e-02
-9.105689935957067202e-03
2.376317881445096352e-03
6.961978825941321503e-02
-1.629119645312124276e-01
1.400559441992944680e-02
6.796628991776844982e-04
-1.748661721195805211e-03
-6.862702278845421444e-02
2.155133790782469069e-02
-3.802383423726985248e-03
-1.421008957996690858e-01
-1.089059288914192292e-01
-1.045483033864696249e-03
-5.007969185011419515e-03
-1.652864875152587620e-02
-1.204526267100153487e-02
8.452754932545814698e-03
-1.773884781011255893e-02
-1.125082635670365816e-01
-1.738549750049865894e-01
-5.912521199464738572e-03
-7.967220456725600600e-03
-3.548557570459787841e-02
-9.485993372509254895e-02
-3.023974869435679461e-02
1.471953163607211132e-03
1.965222797461058102e-01
-1.235625515854717194e-01
4.485444232618386574e-04
3.888183711311452798e-03
1.202306612175277067e-01
-7.504061954463374373e-02
9.891909857156686720e-03
-1.324418900990409183e-03
9.177703461345287222e-03
-3.384225342871061137e-02
-2.070023309676289128e-02
9.910815281520072781e-03
-1.818125795275491452e-01
-1.885288005881483042e-01
-3.748890078781091234e-02
-8.112424106220850195e-02
1.129087659548679012e-02
7.393317610697830444e-02
1.384202348432281293e-02
2.083355078793571336e-03
-3.221882459156195401e-03
3.385048716901214484e-03
8.118681103345556059e-04
6.629534882442445799e-03
-1.743093004061522719e-02
-6.812757715807157485e-03
-2.296498568213458866e-02
8.733560111783842186e-03
6.239784229294943719e-05
-3.964748890322010444e-02
5.128878445221425608e-03
2.181361079569437908e-02
4.371766840901677303e-02
6.660571875895901495e-02
-5.182599055741217431e-02
-1.550940562848014855e-02
1.536273199906276537e-03
8.534642235285710976e-02
1.764160508088905358e-02
5.958792655912180554e-03
3.115664087220562997e-02
8.010835964450184477e-02
1.708244671680043958e-02
1.680536537597929333e-03
-3.597278373054545869e-02
-1.301156229906509365e-01
3.996921058522705933e-02
-2.468524962071354267e-04
1.743911278565589548e-03
1.634083094349502580e-02
1.354912950595029775e-03
-5.482303714723725302e-04
-6.736554420266681331e-02
-2.423022248989250074e-02
-1.564842515251783223e-02
3.667428285879484502e-04
8.037898764602209806e-04
-1.060787906842972257e-02
-1.930320950691297296e-03
-3.306034079870149461e-04
-8.029451544007429548e-04
9.653795513749939897e-03
-1.348646650297372941e-02
-5.158978537954992880e-03
2.784301991979141501e-03
-2.136435339451635100e-03
-9.553412456189711716e-03
-6.457541817962303161e-04
-1.664653603984046683e-04
7.440775064472864714e-03
2.204376864318462539e-02
2.537188350045364339e-03
1.171826117106011898e-03
8.557994164082272049e-04
7.589160534452336730e-03
-6.189568718980176937e-03
-2.438336461572641097e-04
-7.794555524126849013e-04
-2.438758496578623779e-03
6.084566507680024775e-04
-6.299007919951659252e-04
-1.499300249415414226e-04
2.308028244061998552e-02
1.522029369032163598e-02
6.487586929338558413e-03
-1.237545265325687080e-02
3.172934286302964493e-03
-1.566001988526304067e-02
2.163992725883967950e-03
-1.838624461377134055e-03
1.760670684058050772e-02
6.923342713287998842e-03
1.839347941530913161e-02
-4.284045856626966624e-03
-1.075811943499272718e-03
6.623580789020568071e-04
-3.353249253274716984e-02
-1.618524856075542794e-03
1.460566897408435705e-01
5.261910595261103107e-02
-1.928494260337813501e-02
1.538771789383369627e-03
2.200159624680842266e-02
-3.185884152985689333e-02
-2.279926882701239776e-01
-8.874527584965465066e-02
-1.216467279375178095e-03
8.891628735063356048e-04
-1.701613669440675894e-03
-1.106947691539856247e-03
-4.261854701949196068e-04
1.124832087547311286e-03
2.145663847787760477e-03
-7.757533802476275584e-04
-9.526316631902493606e-04
-3.455023708821230305e-02
-1.210924449466618596e-03
2.581707462197742244e-03
1.060974074048679112e-02
6.790181400527520172e-03
-1.160089524044986657e-02
5.959259475994290595e-02
-1.251476729864118426e-02
-9.306026517971226902e-03
9.201715536145200136e-04
2.014531232961364569e-03
-1.044902417135678326e-03
1.507257655939265705e-03
2.517375336734624380e-02
1.609445638085696406e-02
-1.508326630293878312e-01
-7.646762526132845628e-02
-5.793863132294384266e-02
2.912889587392664820e-02
2.593058176965637798e-02
2.733208814047914572e-03
2.322541660518662177e-01
1.365145096429956906e-01
-1.355170478796441924e-01
-2.453446158081625250e-01
2.127938355601646792e-02
1.322855095710529817e-02
4.328388736872962675e-03
-9.807688021098028008e-03
2.115812494885151718e-01
4.037283717323060794e-01
-4.558013802158100702e-02
-9.187285391228616760e-02
1.818001380429693642e-02
-2.145943558395561890e-02
-4.622868700203273430e-03
4.167929564427920973e-03
7.634819372438186869e-02
1.475649245457350545e-01
6.009404884999351021e-02
-1.981666863915038101e-01
6.469223706899829285e-02
1.949886331332642900e-02
3.081800827927219655e-01
2.587687925082072793e-01
4.103565964984840636e-02
-1.137703749510013407e-02
1.616276297173322579e-02
1.266330609198067780e-01
-5.863519124907549951e-02
1.220805429821072768e-03
-3.175862216336268343e-04
5.071708930585738535e-04
-3.231140784134146904e-03
1.818190129692109566e-02
-1.096217320722614724e-03
8.662660451353373383e-05
2.340293377797671853e-02
2.628804195918888094e-03
-1.231146143098975614e-03
-1.010142836023064693e-03
-9.607400848954963934e-03
-7.019283940683926012e-04
-5.550983845939104142e-03
1.108511461641279762e-02
2.027814634099225216e-02
2.049781979062886405e-03
-2.960778068673672065e-03
-3.701760451044062289e-02
-3.840199031626965239e-03
-1.140541986211218717e-02
-4.159487061627527532e-04
-2.216165849316704614e-03
-1.498056286298376019e-02
-3.127151135912349840e-03
6.370233393980648251e-02
4.578344129348462660e-02
-5.368604324768161060e-03
4.260942974238779153e-04
5.427340351883026132e-02
3.464507417278518686e-02
-1.734418499776770473e-03
-2.440527022817338249e-04
3.148991048512680708e-03
-1.248362313460643983e-02
3.024426783676331058e-04
5.058416429563204059e-03
-1.051646162162003795e-01
-7.612442837370511639e-02
8.688033674461042091e-03
-5.621803571516603877e-03
-1.990364647529422552e-03
-5.596305348717636567e-03
-6.612473683356069436e-03
2.212743764842546590e-03
-4.190158422868220725e-03
8.618149898370364506e-03
3.626189467265389290e-03
-9.594760648253514157e-02
-5.400215063552590150e-02
-4.949263751530177252e-02
-2.962807395799783514e-02
-9.552499302254839966e-03
1.778518457463378749e-02
1.582659517155640405e-01
8.973124736174671601e-02
1.921815858209541196e-04
1.929201890291688858e-03
-5.009584767011328668e-03
-3.137526107187314003e-03
-2.298871426704184918e-04
2.874887321982228221e-03
3.707120851901809892e-03
-1.863239371058757654e-04
-4.604055858997550842e-04
4.089950889675266800e-03
-2.730629993123633286e-03
-3.858287736734824364e-04
-3.581507257700947979e-04
-3.329254227517381912e-03
8.968131541164327605e-03
5.172886358782778464e-03
3.409386133954606015e-03
1.597531967315310008e-03
4.771509282870380823e-04
7.514135387265663242e-04
5.727268528239754658e-04
-7.761003221271532389e-04
-5.622511203086114073e-03
-2.590576828110818016e-03
-7.128395681753175658e-03
6.156574495422372124e-03
-8.668463833355507381e-03
-8.744843873816712104e-03
-5.820143548201211700e-03
4.640797255676052703e-03
1.207699836365856705e-02
-1.128585416470538443e-02
7.450385086776548527e-04
-1.092644287599283878e-02
6.080951064552922274e-03
-8.453103885000505177e-03
3.856417218756846409e-03
-4.951692153167308423e-03
-4.721111226449794737e-03
1.736959665073142811e-02
-7.523908943150153794e-02
-7.012985657089962355e-02
-1.523205908037757877e-02
-2.369310056851826538e-02
1.030083757666201867e-02
1.001570580879797799e-02
1.184337404877563726e-01
1.191520357000682984e-01
3.398983057990374607e-03
2.981705150145391378e-02
1.055655883253687165e-02
-3.928617784535519907e-05
1.022876865328724945e-03
-9.341664583289419760e-03
-4.509700518134424421e-03
-4.943110111663698986e-02
-6.708793966225150458e-03
-2.120146125908596753e-03
1.744250316872105518e-03
9.632105312895817076e-03
-4.097337231410934366e-02
-1.933949959258680559e-02
1.485553959320004211e-02
6.784897932496454509e-02
-6.075844026495675829e-03
-5.925030653570985406e-02
-6.436602291419227240e-02
3.765075429477840983e-03
7.228540001719431334e-03
-8.753746773911028761e-03
9.780953000702455324e-02
9.489590224996746759e-02
6.564602077016175015e-04
-6.947059478930469288e-04
-2.679232849474626546e-02
-5.606733622628581534e-03
-1.932640324888605584e-05
-3.213337986630569049e-03
-1.682379834911243996e-03
4.677767035455725197e-02
3.635464032901717952e-03
8.133130567707157893e-03
-1.365443596382552756e-02
1.014527617367131859e-02
1.849538262825225902e-04
1.007516697661813921e-03
2.897455248221053256e-03
-9.604390709037734100e-04
3.114472258180398575e-03
-3.416477528792938052e-03
-3.400039135901681414e-02
-2.609055761854290820e-02
1.396286745581730524e-03
1.509395125553078532e-03
-6.968224489473979870e-03
2.459343196285543320e-02
1.257361097236409271e-02
-4.321603671481834795e-03
-2.548692763815710999e-02
-4.138299716408779319e-03
7.950001505852920909e-04
2.143927569597602056e-03
-2.116898495853529547e-03
5.649195213760949824e-02
4.148744366562268603e-03
5.518830333041293071e-03
2.768297706142703804e-02
2.130384343882275877e-02
