6.357285553323183791e+01
7.832952463020293976e+01
3.085687099359040730e-01
5.919360573388552638e+01
1.189480047122904551e+02
6.121608490641698097e+01
7.888571031891125074e+01
5.260490719934139037e+01
1.184751352406257325e+02
-4.814068609655588471e-01
2.764843686144099522e+01
3.028658064668177552e+00
1.225200466357625544e+02
-2.180464216883144246e+01
3.244987362921165897e+01
-3.004453489290661850e+01
1.240347112674442940e+02
7.731851752860392502e+00
3.461462795336327503e+01
2.936394256039347539e+01
4.477744922834284935e+00
1.499136972368142473e+01
5.461220157170717471e+01
4.551512903113673758e+01
1.230990035916587644e+01
9.858809256369257049e-03
-2.651427642977039145e+00
2.025335700967232810e+00
-1.080429381248440845e-01
5.888428465488690478e+00
-4.823288294096942153e+00
-8.254726051114152696e+00
3.751865991781232257e+00
6.337699155521803185e-01
1.651256915362707023e+00
1.099588748110499781e+00
9.500458879485147445e-01
1.279187435712891396e+00
-2.104451477447405461e-01
-1.288240546057799918e+00
-7.004831448005080397e+00
-4.351996151506067889e+00
-8.538112097555288216e+00
1.030380986890684269e+01
2.620348636596737180e+01
1.752124840989942811e+01
8.293088730374281070e+00
-1.234399888218210251e+01
-4.164335141389958750e+00
3.209737307666242856e+01
6.305538114512562942e+01
2.775173880184539144e+01
6.936053332855974141e+00
-6.864843435537723693e+00
4.984556581777770945e-01
1.500476889490930432e+01
1.273480679264580528e+00
-8.493816385998819385e+00
-2.708198381464508842e+01
-2.423885997462383202e+01
-4.677073920720556721e+00
-8.731680590164003775e+00
-1.183619414994543106e+01
-1.417363805541306476e+01
-9.224788586781095034e+00
-6.766957108683219424e+00
-2.168704440994861482e+00
-2.460197768653879624e+00
-3.070940796397856332e+00
1.836136070673827669e+00
-2.307740148450633522e-01
-8.639084237876784589e-02
-1.599359577536403343e-01
7.305079518863514254e-01
-1.400754387107152887e-01
-2.590053080543211816e+00
-2.036745097876274946e-01
-6.462886914068723954e+00
-4.183276396720897239e+00
-4.547629537703800295e+00
-6.628882487709603311e+00
-2.419361300668166681e+00
-3.100728322300473905e-01
-1.872438081261807330e+00
1.695210089099967732e-01
-2.440089443378818501e+01
-2.426320192961325972e+01
-1.687138373927139767e+01
-3.138900975963623097e+01
-1.956920574471483931e+01
-5.421804424295598723e-01
-1.542131715626102917e+01
-2.036621340550205517e+01
8.525665611195659466e+00
5.925074849786776454e+00
-1.410930439771701117e+01
-3.589870290333669445e+00
-2.338871383937049853e+00
-1.498941020671924207e+01
1.216005757499600470e+01
6.779202831723213585e+00
-3.644804029968226056e-01
3.738112257152432782e-01
1.043951645861341815e+00
5.184887840311411256e-02
1.734268100855817174e+00
-4.098004073883085296e-01
-1.739524054523704510e+00
5.659385144310025151e-01
6.803830202932275029e-01
1.404909048124937943e-01
-1.084756072434897578e-02
-3.721142503984661842e-02
1.204437798319750313e-01
-2.162146546167282413e+00
-3.697258836450048047e-01
-2.390021498792742172e+00
-3.038774584137673873e+00
-3.622465191618172931e+00
-2.028783588634419210e+00
5.077217412715826939e+00
2.009948534141046683e-01
-1.344580001838437955e-01
-3.221762949813741894e+00
-1.655778318845783081e+00
-1.821466542663879551e+01
-6.407567432145593322e+00
-5.610966021105493473e-01
-1.396525528401107508e+01
-4.639690465784482143e+01
-7.109412642324066667e+00
-1.390499378442908274e+01
-5.999036908995839923e+01
-8.840628051762170481e-01
3.382895268560080076e-02
-1.473481389958604913e-02
6.309354637863441972e+00
-5.137245975132007647e-01
-1.870617486715129951e+00
-9.667470681038565772e-01
3.385670929172134525e+00
1.375399229342263929e+01
1.906928654619317243e+01
1.939038772165034175e+01
1.847439217844028647e+01
1.321027306628005782e+01
1.693527892073434415e+01
1.697797169929723538e+01
7.055799656628394700e+00
9.476261487662313021e-01
2.119239090075908938e-01
3.981741856330415358e-02
5.598194509053640022e-01
-2.459272755014484613e+00
8.272713230489617264e-02
8.988328565227098055e-02
2.349867770969568115e-01
1.157102784932020079e+01
1.126145691004634308e+01
1.106264521218343289e+00
-8.382161154615831222e+00
-2.434860442973090644e-13
-2.328779768238982183e-13
-5.422668409539288377e-15
-4.508041666316941931e-13
1.555242621861443020e+00
-8.814748887107816400e-02
1.544614649139733675e+00
4.292948031708376799e-01
-6.579793435448934022e-14
7.704919289643453868e-14
-1.178760861129164546e-15
5.806075923340060713e-14
-1.958541049212302099e+00
-9.946936283287804770e+00
-2.555816942796950066e-13
-1.397889513308069363e-13
4.766376949876659497e-01
5.802151022618859955e+00
-6.800032317269336436e-14
-6.161580948306963818e-14
-4.852399049208523962e+01
-1.377610836992585241e+01
-1.884721395900433905e+01
-6.708081068811426917e+01
-1.188390457568479519e+01
-3.565122124791952896e+00
-3.633199719077404577e+00
-1.501528046744914846e+01
-2.289873387649297598e+00
2.070016328147144424e+00
6.618032212063035935e+00
-2.756801487415511120e-01
-6.230818349339129369e+00
1.497470594937019561e-01
1.950412462630583876e+00
4.892144415742798458e+00
2.307770271729975842e-01
-1.083468614199076391e-01
5.992397066972630082e-01
8.729040495263693522e-01
-1.786376104971286072e+00
-5.379222747914282898e-01
-2.523711515624656454e-01
-1.581253925032505281e-02
-2.040655230096883432e+00
1.210255884026622403e-01
3.135059950449807231e-01
1.261150535938256212e+01
1.301585232103115608e+00
2.020807637898757836e+00
3.623848656524704115e-01
6.102973553938079831e+00
-7.896407459881555013e+00
-9.587387534322118210e-01
-1.618405828282472703e+00
-7.083851459135924955e+00
-5.992480951029302005e+00
3.306200337570919801e-01
-1.605606302493092080e-02
-5.655610432094389850e+00
-1.607195780107633754e+00
-1.066213234420678058e+00
-1.539282757779345090e+00
-6.765451276819392845e+00
-7.211748207410381895e+01
1.245600729059833895e+02
1.250268480758161047e+02
7.502844278936863986e+01
9.463980908726179564e+01
1.410589795591349969e+02
1.407611272138169056e+02
-3.717414745201498505e+01
-3.068965644725917929e+00
9.049096229544030257e-01
9.454475300091469414e-01
-1.334512820069544969e-01
-3.490456389865441711e-01
1.430341031163728571e+00
1.424295454595921662e+00
-1.784508413120411419e+00
-2.477531529934654753e+00
-1.103711767710283098e+01
-1.036535563260371973e+01
-4.771623177795027537e+00
3.487816451625306846e-01
2.522164009161564913e+00
1.999869036856137150e+00
2.796131953666405323e-01
1.009005411496159965e+00
1.373092095703587701e+00
7.640181489116390168e+00
6.122832673260430347e+00
-1.970111506495239584e-02
6.847310022458790169e-01
1.228808928757794794e+00
6.948262106859039999e-01
1.144140572589655136e+01
-8.307594302953476006e-01
-2.500794815818306915e+01
-2.122467798774118730e+00
1.795792197554603220e+01
7.653368330853621160e+01
6.918941314868821735e+01
8.120985854423272698e+00
6.736551124766117482e+01
2.424531418939738714e+01
1.649570659823154983e+01
5.423275926309185024e+01
2.619314840830708757e+00
4.307944910187043064e+00
1.509030303719855470e-01
2.015432247784495201e-01
3.130028943496346638e+00
4.125724857758539255e-01
9.464687361841621349e-02
2.393339005798383212e+00
-2.432380364776322779e+01
-6.572844448287651353e+00
1.796417108296393117e+00
-1.501948502050754009e+01
-3.363614950522041210e-13
1.297586247568527217e-14
-2.144752094782421744e-13
2.766782044684162489e-13
-1.866612431297424157e+00
8.253127507123086959e-01
3.110594108027143534e+00
-3.019689760476823581e-01
-1.214042067108908832e-13
4.275136704391324477e-15
-6.492859032342560852e-14
3.452884108653396390e-14
3.780821365711103166e+00
-8.518213333884141036e+00
1.370810936646699966e-13
4.341991094202001885e-13
-3.903592133958608823e+00
3.343076763886922542e+00
1.630982249757507863e-13
3.808711966696284376e-13
-4.889135520791880185e-01
5.452847810304533027e+00
1.495982925251747098e+01
3.958955364794786380e+00
8.115045091955661150e+00
-2.903746060588375810e-01
2.717837424059837276e-02
8.588753483571068159e+00
6.529151162387041296e-01
2.841693406063992011e+00
2.748244788059982291e+00
4.162537889407390557e-01
-4.046682425812704054e+01
-6.988826140684142274e+01
-6.960933837647874611e+01
5.472229949622405343e+01
3.531387323223090391e+01
-7.950487024252791457e+01
-7.968831404668308949e+01
-5.110616194098481202e+01
-5.086645539337305344e+00
-1.733651339011178294e+01
-1.725073663742189112e+01
3.402845414235606114e+01
2.416031787117825047e+01
-2.207322467665971644e+01
-2.216451300034712801e+01
-1.078131125146742164e+01
-3.074742752933111589e+01
-6.745533013632652342e+00
-1.251763782904034628e+01
-3.718132744377283672e+01
-5.152424083694468138e+00
-1.277916085392289292e+00
-3.232305171256154352e+00
-1.874114031905244060e+00
4.407420329332849107e+00
-1.957627368813260160e+00
-9.887421188083234114e+00
2.740090899803384605e+00
1.550137212500557915e+00
-5.316330775360527117e-01
3.995453024513589746e+00
-5.006216727493802310e+00
-1.727877534101025070e+00
-1.519583072480114261e+00
-1.072178595751270613e+00
-1.532659257949706699e+00
4.563245721797756005e+00
1.166029678269739689e+00
5.889965394091125184e+00
4.234629799187626276e+00
2.361839373173491019e+00
-1.389531417382760203e+00
-1.354426175478921968e+00
1.665865606178038361e+00
2.712300049954998737e+00
-1.203121349976113663e+01
8.972256226770956022e-01
-9.197227364967924146e+00
-1.745737596879458176e+00
-1.097185059587249434e+00
-4.526468902202722688e-01
-1.749834506119898547e+00
1.438817370956085417e+00
1.764681311343798908e+00
1.982875790957600248e+00
3.068223319686158135e+00
2.917774593121750470e+00
1.528220184705062934e+00
3.404223803387565361e+00
4.368293141017027814e+00
-4.821583078877254458e+00
9.449153364743697603e-01
-5.595558904950308943e+00
-4.002744254391767065e+00
6.591651156003410783e+00
6.891685366690687431e+00
-5.700768421793783070e+00
-1.561366507390930991e+01
-3.737758871678290573e-01
4.063631460420528363e+00
9.065523605143990249e-01
-3.397177748999488767e+00
-2.165339695388927055e+01
-3.618551210261415907e+00
-1.052044719414078777e+01
-3.875988163866649927e+01
-7.793030775235973984e-01
-3.979690661939743190e-01
4.452648368055079686e+00
4.835656008771255787e-01
7.674354456613676767e+00
1.882734380689988329e+00
-1.180715554275074824e-01
3.386512656961752743e+00
1.078890841870463468e-01
1.280978750189962989e+00
-6.426366541878405059e+00
3.060101470597265561e+00
7.874491209154813598e-01
1.670946892471734668e-01
-1.535055176975708702e-01
-1.676592423243520452e-02
4.380234989064859086e+00
-5.403293641829982619e-01
-5.497262557363672641e+00
1.980541231406120151e+00
-6.928294604557547753e-01
1.652333787657326969e+00
-2.354085547483503849e+00
1.468534547582814831e+01
1.482297148463596281e+00
-1.709708668671224618e+00
5.901968848161797787e+00
-1.448862431126600514e+00
-4.041169409860168038e+00
-2.701981811500082209e+00
-2.527184785438584491e+00
-4.671360084976881488e+00
-1.716979511835915906e+00
-3.903641760422092766e+00
-9.296009986758084764e+00
-9.901267888640368220e-01
-4.126067153558937051e+00
9.425118513415837729e-01
-1.112585793287929503e+00
-4.452957468736137514e+00
8.214288088162048140e+00
6.389247817054634737e+00
2.734624018770387188e+00
4.752867544275999556e+00
1.523329481409392283e+00
8.334408862040408872e-01
7.355968511363998985e+00
9.341562242932292648e+00
-7.115958590353874645e-03
6.687432494841442920e-02
1.906023261491428089e+00
9.017262170079737515e+00
-1.023973995902007772e+01
5.510050396140583340e-01
2.465462000848062107e+00
-9.831204478867825003e+00
1.512893273423840945e-01
-2.646237174786509883e-01
-3.435347806200969578e-01
6.180715643272693266e-02
1.689066100480764776e+00
2.501691618192580790e+00
4.250246846891735791e-02
6.199762013098343294e-01
-5.510960363760979419e+00
-1.292873220289002090e+00
1.084056869900283715e+00
-1.720970916006509255e-01
-4.877460433888909819e+00
-1.286731850144707916e-02
1.101755434676608553e-01
-4.685246457260231701e+00
-1.656648481511379944e-01
-1.386617946644429500e+00
-1.394504947753079094e+00
-2.005943643321255188e-01
-5.117255344706535425e+00
9.347738620727708891e+00
9.371750483600957082e+00
5.778254256573391423e+00
4.382744949711754323e+00
8.094388690968100875e+00
8.061106026657048673e+00
-7.627418944469550155e+00
4.605529810236055788e+00
-8.412964758654862152e+00
-8.434575435240173391e+00
-5.200428830916016487e+00
-3.944470454740660159e+00
-7.284949821870947417e+00
-7.254995423991468684e+00
6.864677050022768512e+00
