2.882548109808131471e+02
1.784364884073688700e+02
-5.944511217944314918e-02
2.880220832256860035e+02
1.168343836239784252e+02
1.962742185152337981e+02
1.227851020912344921e+02
1.934011439967148078e+02
6.368163006468779486e+01
-2.575869008265351923e+01
-2.387760923591659701e+00
-3.706398702469824968e+01
1.458940407207993815e+02
-1.718344554288322712e+01
2.918757338299249771e+00
-3.306424768039175888e+01
1.598901705549194787e+02
8.296653193988571928e+00
1.452092614478479149e+01
1.495037702864109797e+01
2.504904049772251451e+00
4.628317676980441497e+00
3.026129167789820329e+01
2.497467447657371764e+01
5.806192320514829142e+00
-1.621608717520820753e-01
-9.443502825249098009e+00
-7.999404350643694706e+00
1.291688303880733413e+00
-9.614743590714147636e-02
-2.657580138073749865e+01
-2.498805145937596706e+01
6.365140382112026707e-01
1.191993495696366478e+00
6.318960839276943631e+00
1.671777801648899553e+00
-3.319983184183028513e-01
2.831860561652077557e-01
1.026829588330461007e+00
2.290770966016664190e+00
6.507729030417790383e-01
-9.002291954485082215e+01
-4.876534677916522753e+01
3.180369520090045921e+00
-8.981790398979904921e+01
-5.968739711769751466e+01
2.504381146597073737e+01
-3.144692725830543978e+01
-6.138051316528556356e+01
2.712333077653598323e+01
8.889350938709705829e+00
9.550452918401337143e+00
3.510337132003824934e+01
-5.127674048487633754e-13
-4.890375416439379799e-13
1.812549036414130602e-12
-9.866705488404877268e-14
-8.901930382058791835e+00
-1.591323325297780533e+00
-1.583687632405698764e+00
-1.135337132003840210e+01
3.931149057203279234e-13
-2.534098121493981750e-13
6.816996168547075736e-13
-9.020655707811708011e-14
-3.002984775640988868e+00
-3.502844551282002339e+00
-9.686440749758570279e-01
-1.593187532233454551e+00
-3.308894230768877343e-01
-2.437900641025590454e-01
-4.656650273671263907e-14
2.925627170512766421e-14
5.887724725574796647e-01
2.316005728409250564e-01
2.262504179385282477e+00
3.960915763825036073e+00
9.803555774709716175e+00
9.112791292275722321e-02
1.108919570450919538e-02
1.002851742274830471e+01
-5.824800232109143217e+00
-6.409701435153950522e-01
-1.933308302065633866e+00
1.464787734216078618e+01
-1.288782599167269360e+01
-6.701548688717963442e-02
-1.526572430419415871e-01
-1.315716633793580570e+01
-1.413410514940300722e+01
-5.599207132550675370e-01
8.209099036399130078e-01
1.041677620686606431e+01
-2.197516025640197934e-01
-2.383814102559312330e-03
-3.265046560309186052e-01
-5.120211316966001291e-01
-2.708924196932013473e+00
-1.318426091293637900e-02
-9.539667151425701777e-03
-1.246706249370234998e+00
6.412763255678786134e-01
-3.636083557572845626e-01
-1.724591488581970755e-01
-7.114778248009037132e-01
-4.967245830993161348e+01
-1.436788627574176758e+02
-1.403583004324131309e+02
4.982398719167167656e+01
1.461099460886418511e+00
-2.341734255555090556e+02
-2.346458509674939137e+02
-9.891192057999897713e+01
1.659913698391214609e+01
2.569988416724714497e+01
2.581394625369055262e+01
-3.691293548648152623e+00
7.730818522199733422e+00
3.620204501638785644e+01
3.609703980710259685e+01
2.142324452244443833e+01
2.772470414201117617e+00
7.575764299802998369e-01
1.308020216962452187e+00
3.377596153846103455e+00
-1.548422647496332590e-13
-5.042591833258035206e-14
-2.495450551838223572e-13
2.327828766792225739e-13
-3.924106262327352601e-01
-3.080387080867564298e-01
-4.106453402367291616e-01
-4.795112179487114323e-01
2.052481957281451586e-13
1.617427492676019000e-14
1.829776774449567556e-13
1.386097299339005277e-14
-1.075164707977086076e+00
-6.459223646721644341e-02
1.387772981781266702e-13
-3.486622219069523462e-13
-8.813212250713882145e-01
-1.239538817663739190e+00
-6.279258098009217147e-13
3.440969012803828391e-13
2.416087962963048064e+00
2.444021545583086485e+00
3.039574430199814437e+00
2.101362179487347159e+00
-5.875391119559884245e+00
-5.424481919559164922e+00
-6.814830962053065377e+00
1.573520055682389618e+00
9.690285211809319676e+00
1.283555993104521786e-01
-1.708927309631419700e+00
1.110767628005054775e+01
-1.095422587719841090e+01
-1.934521142475673194e+00
3.890956281478649137e-01
-2.961120101161198725e+00
-3.113465950504909330e+01
-7.424945094199652829e+01
-7.435929887459927556e+01
-2.307504606869861519e+01
1.026338278034310392e+01
-2.968359371280547521e+01
-3.120025099375097710e+01
1.773069700177570818e+00
8.258255113517196655e-01
5.290906083390058967e+00
5.292090421369614717e+00
7.557148580272697203e+00
6.362160920362419425e+00
4.764621615565167723e+00
3.679466974447096028e+00
1.259860570685559678e+00
-1.617175604868570593e+00
7.655871231989048731e-01
-2.901164548634270979e+00
-2.119330004040313131e+00
-6.261568916052392630e+00
-1.706464109353917347e-01
-2.481259587831320113e-01
-2.689322923403909549e+00
-2.098867742506516976e+00
-2.702518469499424203e-01
1.906167226308015383e-01
-4.328703608931858127e-01
-2.195324140901508680e-01
-1.531713413793166279e+00
-1.483319395203745339e+00
3.077557630582480108e+00
2.528128418585044557e+00
-6.808584569669513531e-01
-8.470430041375411889e-01
-5.808309986387788504e-01
1.460974519883562639e+00
2.778934822302620677e+00
2.784295298330933477e+00
-3.732908428320289573e+00
-1.350422448428219235e+00
1.720412130092300318e+00
1.356173246581703351e+00
-7.000358436045203137e-01
-3.243331304291623418e+00
-1.019730216372940923e+01
-1.166015305431323412e+01
-2.683481564186620982e+00
7.770028631282585252e+00
9.305029567030063953e-02
-8.581709750113099000e-01
4.576018602395749646e+00
6.446591009799505778e-02
-1.722651925427704400e+00
-1.510057766597885376e+00
-2.837488832566732455e-01
7.227786401820961437e+00
-3.566937468614286733e+00
-3.653277737937079106e+00
-2.552415843427200670e+01
-7.036289352373986894e+00
3.788843785290972477e+01
3.785656503363762937e+01
3.150686812899989775e+01
3.975992770448670277e-01
3.265110662390465102e+00
3.321011370428942566e+00
9.708332378439926913e+00
5.033608894728303973e+00
1.064070718148744099e+00
1.064446995165115428e+00
-1.621735832289079582e+00
-7.989941203500759703e-02
7.278676723397190518e-01
1.266469827742756848e+00
1.438081590679616939e+00
3.578780199947053098e-01
1.252008990558092005e+00
-1.270674795997862372e+00
1.002467111560221280e+00
2.300328239771786132e-01
3.469112106164979448e+00
-1.869358031100653861e+01
1.951138762608502386e+00
-1.109636602118416471e-01
-4.621053092328893719e+00
-5.882964266669143960e+00
1.307357219142588622e+00
1.212940010818702952e+00
1.473845500715451173e+01
-6.977808932791328134e-02
1.293488101683666625e-01
2.673816487083429116e-01
4.957489822402272317e+00
-4.837307928295662585e+00
1.326357969425507877e-01
-2.698422683486696450e-01
9.843944731300780404e+00
-1.288181391409470500e+01
-1.543699511666950963e+00
1.237416127310246639e+00
1.410469424678144890e+01
1.530400781529259457e-01
2.378020407681652806e-02
8.612066051431807034e-01
1.534403472573503124e-01
-8.061996667488611351e-03
4.018979103026167343e-01
-6.437532272598490701e-01
7.668196022328180872e-01
1.104483303806128719e-01
3.916127555778414204e-01
-2.965396365519942012e+00
5.089803062451526278e-02
1.326494857203059513e-02
-3.257867951308671017e+00
7.992120726494659211e-01
2.769497863247688318e+00
1.171407585471403667e+00
-4.420043498170615592e+00
-1.222389053254368418e+00
3.420611439827673378e-02
-3.537524654834396376e-01
-4.527144970414083147e-01
-3.847277049873071064e+00
9.681677937441175441e-01
-7.391589179843786883e-02
5.968649619608528134e-01
-6.732858727810409061e-01
-2.240816074944109934e-02
-1.234387327416289482e-01
-5.636889792899907325e-01
-1.979095255705864309e+00
2.127343089606378024e-01
7.341636728768913267e-02
1.799163937024374826e+00
8.257656695165167815e-02
3.688123219360955191e-02
2.974950396827639176e-01
-9.976800976801246890e+00
-6.885955103839662250e+00
-3.358378421499253808e+00
-3.327738815188457711e+00
-6.776287974313877527e+00
6.622369624167329105e-01
2.868855623602014404e+00
3.175952508820319764e+00
4.837935757054439567e-01
1.890600444395818513e+01
1.294080549530328312e+02
1.295533624745776535e+02
5.564446173441363186e+01
1.523766318322827473e+01
5.304165802940055841e+01
5.275569271998331544e+01
-1.949516081561282732e+01
1.111902130069872818e+01
-2.255537434980623868e+00
-2.315604924908202467e+00
-3.408533295716555056e+00
-8.364032233743486699e+00
-8.779843216654029447e+00
-8.940285670026746345e+00
4.777592405357834693e+00
6.965544871799020377e-02
-3.852995562135656804e-02
1.080830867850117727e-01
5.973680966470287096e-02
-9.156397807156829499e-14
2.340618307593058596e-13
-5.623018780904890503e-14
6.441447635813877626e-14
-4.449038461541494627e-01
-4.156977317555081153e-01
9.436661735700447862e-01
-7.988165682957349507e-04
3.586564268285295478e-14
-1.761929684430398599e-13
-2.153208956884199107e-13
-7.624100025009948494e-14
7.304576210827066207e-01
2.519475605413152852e+00
-1.233225982549223053e-13
-1.090618070036616029e-13
-2.060185185184948697e-01
-1.749243233618209326e+00
-5.014492728558984097e-13
5.124708644694553699e-15
-4.060496794871856885e+00
-5.003116096863898798e-01
-4.468260327637760820e-01
-2.680511039885866698e+00
-4.330081819892920514e+00
-4.151983333093465789e-01
2.573430686952252883e-02
-2.794792809348179308e+00
-1.767561431624188550e+00
1.165598290598439446e+00
5.780773046401971316e-01
1.420730311354241771e+00
-1.484301035503339805e-01
2.385786489160443904e-02
4.212216469426364324e-02
-2.763332100591363583e-01
1.326804469568959588e+00
3.450488694001078716e-01
4.630785080456850666e-02
4.494898827134267805e+00
-9.390236686394600740e-01
7.802021696237344817e-02
-1.062845167653987261e-01
8.123816568046741127e-01
9.768850380388640620e-01
2.858483727811215402e+00
-5.368237531683959368e-02
8.018691885036636435e+00
-1.448762464387113091e+00
-2.199741809117096436e-01
2.098281059217532274e+00
-2.628281440782600509e+00
1.648761828449391897e+00
-2.653559981685329028e+00
-2.367883852257357979e+00
-9.634621744001836685e-01
-1.240886517337175254e-02
-5.925058115007662829e-02
-1.605813257243517145e-02
1.587522013243004293e-01
-7.491498045223728752e+00
-7.717975134028415285e-02
-5.750814490004716450e-01
-2.211340782614952261e+00
1.432602141448439781e+00
-6.399795717095577152e-02
-3.234097633135508132e-01
-1.130565652296493973e+00
-1.336448647506101572e+01
8.947062552787141132e-02
-4.764139546352728516e+00
-1.628141730064704973e+00
9.981875763124018475e-01
-4.042118182740822019e-01
4.380469067970937047e+00
-3.497135098696975142e+00
2.554252741999214926e+00
6.786331777317425873e-01
-2.208159755741417207e+00
-4.179257434579926489e+00
-2.243189102564350890e+00
3.178704975586053583e-01
-1.952345975785160670e+00
7.366739163616651709e+00
4.725943927882413770e-02
2.597358410818569330e-01
-5.871865314243700229e-02
3.627623978584572084e-01
6.412128416455020741e+00
-1.613612989573594003e+00
1.231931529984415796e-01
-9.947749366010578687e-01
6.153845273317293252e-01
1.079093582699193199e-01
-3.444975697411832571e-02
-3.823990912939573966e-02
3.298492092843039014e+00
-3.545571816011049426e-01
-1.223606121455778767e-01
-2.998606561707249707e+00
-1.395737942612997440e+00
-3.202043905167488713e-01
1.662800162800200710e+01
-4.958250661389067560e-01
-1.356961433500879943e+00
-6.320167963742148176e-01
5.756616825725118236e-01
1.773932160226447730e+00
9.862137963447070721e-02
-1.832363166463283899e-01
-2.230291863372194872e+00
-1.577864883784183325e+00
-1.644039233512793574e+00
-3.652176296824147794e-01
-5.753146233739371562e-02
-1.939929904294082519e+00
-1.135600223021206445e-01
-1.506924829467273463e+00
-1.189870528667569038e+00
-1.986693493636638719e-01
-3.621137934672360359e+01
-7.668079112733217073e+01
-7.643352084924708834e+01
2.755532572575544492e+01
-3.938631814229066053e-01
-1.325802294527097729e+02
-1.328347637612182268e+02
-6.418743945823737818e+01
-2.034389320333325557e+01
-3.888488413924707032e+01
-3.879372546644731301e+01
1.419299530835882095e+01
3.885967247895928178e+00
-6.024510118486922039e+01
-6.038380876874935410e+01
-3.053442948758672415e+01
