1.040140104063143127e+02
7.253092730227248808e+01
7.406850961523478438e-02
6.598879824878913780e+01
1.116356875630561660e+02
1.120286046078565363e+02
9.314013764160849007e+01
6.516243425504445952e+01
1.058602483724205996e+02
4.945664144713938226e-01
3.866539780402909798e+01
-1.272899265254259760e+01
9.110921170133963187e+01
9.032420431099131619e+00
5.292645809263705559e+01
-2.120639988416634125e+01
1.045071881608041053e+02
1.862422475622452822e+01
9.745362366974838153e+00
1.051075098147312659e+01
2.980024048377918433e+01
3.974841366714627622e+00
-7.851199532174271134e+00
7.841301582734711006e-01
-2.661504701681622898e+00
-2.813718558664578762e+00
-4.105351593533455162e-02
2.200229100703803287e+00
-3.160428735404439582e+00
2.444098357073728689e+00
-3.119677530679909605e+00
8.664092130024617644e-01
8.590052027895758613e+00
-7.717726061413938687e-01
-2.414778724116824205e-01
-1.070921748821259234e+00
-1.598017858699752214e+00
-2.823160092122608766e+00
6.854385595062616465e-01
2.107043457921396357e+00
6.576305849785170743e+00
-6.973863129148902829e+00
-1.867071147464941205e+01
-2.477151976491947494e+01
-4.927666791567143711e+00
-1.016752844587144011e+01
-1.673419189852791789e+01
-1.391747207938598407e+01
-2.594146899629131919e+00
4.765701331214043712e+00
-4.406010141047636886e+00
-4.689961674017546045e+00
3.666279026633739946e+00
-3.099614456543369201e+00
-5.740713225049971502e-01
3.258052180069776482e-01
-3.347763003706305085e+00
-2.619045764630183903e+00
-8.575640029659979957e-01
-5.883313622361583395e-01
5.126344582243852477e-01
-1.446759970483553381e+01
-2.918686569396326647e+01
-8.451795214152774349e+01
5.283098428142211844e+01
3.559769037140078751e+01
-9.873574354353064564e+01
-1.687060439017737679e+01
-1.064559510875776382e+01
2.654069806645924512e+00
9.395265495869489669e+00
9.405477161140666453e+00
4.523865604052065947e+01
3.151065224762258055e+01
1.027208603235447448e+01
1.114949139278709822e+01
5.758136371760703698e-01
-1.177558833718419606e+01
3.174865278468023533e+01
1.580687504616667205e+01
-5.850680461611526439e+00
-3.623893547232634660e+01
5.597766428860503574e+00
8.662965876620102534e+00
-3.822731447451846520e+01
1.591536912345471677e+01
-7.946138060945985515e+00
-4.520104627149618359e+00
2.980639472809636104e+01
9.522014777481141223e+00
-1.639622956320694769e+01
-9.344216265053789883e+00
-5.757628532514313946e+00
-2.597954382717147848e+00
-1.039840600365999013e+00
-4.040578999109101233e+00
-2.161718166718206824e+00
2.846568576490879354e-01
-1.267161460003138063e-01
-1.890090568968538332e+00
2.628958155266765573e+00
-6.049193983426901511e+00
-5.599435963157227469e+00
-2.825068181432998760e+00
-6.717454288535631868e+00
3.702269185762668280e-01
2.704287924139938681e-01
9.795350927608621472e-01
1.002903660087410831e-01
4.941829703923938943e-01
7.627777574041970654e-01
8.259812962409243675e-02
2.488416838824669131e-01
1.124100083906196312e+00
1.041660792330673796e-02
-2.262869761269075894e-02
9.648306639707822097e-01
-1.310023700951065406e-01
-6.957057093141384707e-02
-3.288168629699432244e-01
-1.400169713846002029e-01
3.533143691955032556e-02
8.313400799563606114e-01
-1.000803713433170428e-01
4.345952591125536446e-01
2.046234640262754867e-01
-3.749560471569154257e-03
2.425357006183948561e-01
1.361761486934566501e-01
3.179949369579719409e+00
8.372168962333645936e+00
7.784615276850411547e+00
1.987464690677266077e+01
-2.863881921691844301e+00
1.907396936090579143e+00
6.075512921840996228e+00
7.668687205324220102e+00
4.706391493437624973e+00
-9.245389506363151932e-01
-1.825489101476463816e+00
-4.367974609929238028e+00
-2.375440602845871751e+02
-2.088176791177684066e+01
-1.266676356118605362e+01
-3.641276451143554027e+01
-2.776761135449941165e+01
-4.712656208178088058e+00
-3.819746388780569379e-01
-2.077397102896197794e+02
-1.598347603275649931e+01
1.322127752329854999e+01
-3.618846258926844861e+00
-6.348793314368195162e-01
6.472007185381138950e-01
-2.081802239622048134e+00
2.254725221933536972e+01
-1.115440476164224926e+01
5.054356245492303223e+00
-1.522643486583124650e+00
1.196343557531663659e+00
2.082182844347968853e+00
-5.660368602262751736e+00
-2.799194030320860094e+01
-3.613445276017809249e+01
-3.701827137108021581e+00
8.328480419289053804e-01
1.239453127760224316e+00
1.328152248195391349e+00
5.499008340084036300e-02
2.985320601092618653e-01
5.744489317162852160e+00
7.330201042630044128e+00
3.123411745830519948e+00
-4.176080841757890738e+00
-5.874417491999740781e-02
-1.465253717258096833e+00
4.961184503777097632e+00
-1.177293911879359334e-01
9.160872520020789667e-01
1.820515164272576092e+00
-6.874855147777381159e-01
1.998103011601763401e-01
-2.805802045779083320e-01
7.172086086995220988e+00
1.694614979442268909e+00
-5.986555635172174483e+00
2.248905922798582679e+01
1.414441779250594422e+01
-8.960147788897256049e+00
-2.953700645132476765e+00
-2.338740057352097335e+00
-3.312928160498534447e-01
1.396181721985000124e+00
-5.945651745737706939e+00
-2.186568548192597383e+00
-1.032349160357644985e-01
-2.810257522506571237e-01
2.243366325947869200e+01
4.199785613730492884e+01
5.835100775626060710e+01
-1.030907133935550064e+02
-9.147760709809577406e+01
5.047318274637864732e+01
3.724979350155867053e+01
7.044928622477858937e+01
1.094894030659245132e+01
6.047700661233509578e+00
-3.557592388006082729e+01
-2.008799156505049410e+01
-3.063367112211484411e+01
-4.522407825223335465e+01
9.521202396445900717e+00
5.464533583050558363e+00
-3.132101622759579485e+01
3.005602883178245932e+01
4.517355031848383362e+01
-4.457937255529554932e+01
5.502961215411185769e+00
1.363491758504658424e+00
5.653726047237070951e+00
4.623784595886819559e+00
1.330514880148805368e+00
-5.237081352229838416e+01
-2.988576159610500227e+01
1.464063154403637268e-01
1.133923456058891555e+00
5.431444744708033845e-01
-1.644264000319743679e-01
-3.851251030261740649e+00
7.964008440487210239e-01
-4.430709271168009611e-01
1.347283434706666005e+00
-3.518421623609663484e+00
4.001915281601334806e-01
1.766309457385953685e+00
-2.695513997151123498e+00
-2.655672399044451959e-01
5.693316207358490644e+00
-1.927479154052789412e-01
1.320918190599551512e+00
9.018490702540438164e+00
1.028347090154028365e+01
9.170824833692656775e-01
7.542646801217899322e-01
7.694995237008056321e+00
1.180140507649781156e+01
-5.707258150695049270e-01
-1.678453118682054601e+00
1.392270617820385858e+01
-8.652181395989322255e+01
4.864431764045173523e+00
5.824034598309400401e+00
-1.014773999392074302e+02
7.140198765821467397e+00
1.378488583443328697e+00
3.325679920471986684e+00
7.718171407840248577e-01
3.320845599331354947e+01
-6.476232367292876546e+00
-3.764790494174990454e-01
3.040983493813985206e+01
2.490892874679315749e+00
-1.178113260575986310e+00
-4.307504042074428163e+00
9.033690780404992182e+00
-3.654060223643898553e+01
5.211792161109006116e+00
1.015658855443277631e+01
-3.929764631601763369e+01
-2.889115095774250630e+00
7.018656846411618133e+00
5.887119160577700683e-01
3.017482663839612944e-01
-5.624977226251554052e-01
-2.707249108181706720e+00
3.942654401950254073e+00
-6.360291728119624288e+00
1.481656866465129507e+00
-3.852404386829978211e+00
5.074599015104745980e-01
1.687438074323006854e+00
-1.341916711204086177e+00
1.156847015351769370e+00
-3.619044945651209710e-01
3.146461483255355240e+00
4.320741243614291420e+02
7.560892911167445618e+01
5.166461513964629404e+01
3.941947636895797586e+02
-4.756917323268689657e+00
3.213733336265329310e+00
1.523626630360178424e+00
-4.909047764364912858e+00
6.444972423548921370e+01
3.082398550536998272e+01
2.572534358659221354e+01
4.303950014655405454e+01
2.559793272918206242e+00
3.797458157943086832e+00
4.384876552273510586e-01
1.181997586433567893e+00
5.953684009129868571e+01
-3.358971065745568030e+00
-2.392877623727999037e+01
4.994428043249075699e+01
-1.634671756104170726e+01
1.817594169524031189e+00
1.564020946345859642e+00
-2.581468049112863028e+01
-1.947011429480199496e+01
-6.809483314447215552e-01
-1.110519575012470339e+00
-1.206058028028886397e+01
-1.092444518119340069e+00
-1.278769015738476789e+00
-7.469623590772670463e-01
5.945827867000158529e-01
3.639624629802845561e+02
1.096539264379765086e+02
1.229161247258145551e+02
-4.187228006897161237e+01
3.009331779513340877e+01
1.615883655767980258e+02
1.453549142802225447e+02
4.418294360574983557e+02
3.107153402175508745e+02
1.917256452675258060e+01
1.304114061164420590e+01
-3.083103785226214200e+01
6.998100265904916739e+00
6.056363610013554499e+00
9.519666200583623450e+00
3.599502135859585792e+02
-2.610876243714718825e+00
2.125175590194143815e+00
-2.448966270455688488e+00
-7.252988501516360209e+00
1.296695384610157653e+01
4.468514040045623403e+01
6.912207076289972463e+01
2.160970857048651084e+01
-1.441428747327698989e+00
8.068199984479944575e+00
1.077095967169479529e+01
-2.420853320214509719e+00
7.156143719416760085e+00
-4.355873845988731574e+01
-5.672225205876078036e+01
1.023362854426878066e+01
9.516329705700459218e-01
-5.104863201170236620e-01
-3.105035741312114350e+00
-1.005094090873504165e+01
3.364964012129662008e-01
-1.344510491181429013e-01
-1.045031961793272124e-01
-1.645289771643095422e+00
7.517068263513148274e+00
-2.061844951850576635e+01
-3.411914382533933576e+01
6.665424029653959082e+00
-8.065555728357497856e+01
1.651100157525980094e+01
2.334279611088073914e+00
-9.780006929172054697e+01
6.918295145988001771e+00
1.387611111744764536e-01
6.556710896781504407e-03
4.103732736264514180e+00
1.888539988487582200e+00
2.174037387276907207e+00
2.199353011915291312e+00
-1.064416589000360069e+00
-9.761196912643308110e+01
-9.093651797571911288e+01
-9.044356208846735967e+01
-9.710746750133167349e-02
-2.389019083190009596e+01
-1.185459358319455561e+02
-1.187534327408960735e+02
-1.186179003344328464e+02
-6.369755578539424867e+00
-5.128085889185879154e+01
-5.105161135037366194e+01
-5.705670592839802602e+00
-1.137959884588240378e+01
-6.688807934095065377e+01
-6.701001126917303452e+01
-9.214575100298244337e+00
-6.650238765649287132e+01
-2.047416059674321609e+00
6.255703335446029245e-02
-4.551184626951008028e+01
-2.781521414064490116e+01
-7.205171621563454032e+00
-1.442087270849796887e+01
-3.868087597569119396e+01
2.796242443441743575e+01
-5.467953219279220178e+00
-1.188668636314412019e+01
3.508838580813714003e+01
3.808530579206191202e+00
1.746210393893849799e+00
-2.914916891454390147e+00
1.491433753210590574e+00
-6.188226516635642582e+01
-9.360490406172599975e+00
7.347725148630483538e+00
-4.542737556586475733e+01
6.453476003640855652e+01
-9.296953840104741573e+00
-5.759452577056681122e+00
9.148990510353945638e+01
-3.768478748365811981e+01
-4.762745067714175384e+00
-5.585782214426712189e-01
-4.061264175390049758e+01
-1.862117613816771780e+02
-2.668996977389643632e+01
-4.454921954885809221e+00
-1.827110905449185907e+02
5.269624296537032265e-02
-1.012638941639434798e+01
-1.713926482792077044e+00
5.012656564894919953e+00
-1.400099163045567536e+02
-6.337186265804646013e+01
-8.487999646050832325e+01
-1.300151723867567455e+02
-2.964833970198913704e+01
-2.068180084736320623e+01
-8.490337640647437567e+00
-1.743804657622175736e+00
2.962452788598669340e+00
1.115914177811773556e+01
9.583564295344135786e+00
1.556875823218236921e+00
-4.464006514906750447e-03
-8.695481677793062136e-01
-9.220380250570339165e-01
-2.760034497963285288e-02
-1.000250670990925794e+00
-3.654077385232789021e-01
-5.162265248679703822e-01
-1.016116636859153877e+00
1.622689638390508904e+01
2.984766294610571524e+00
1.044736116500719625e+01
1.625559396851664928e+01
1.240240845055948959e+01
8.286545612378427350e+00
4.660528429196808542e-01
1.233918827953069730e+01
-1.460420674551453857e+01
-2.686289665149571348e+00
-9.402625048506962457e+00
-1.463003457166402654e+01
-1.116216760550415898e+01
-7.457891051139450056e+00
-4.194475586275677181e-01
-1.110526945157765333e+01
-1.695957146941044513e+01
2.026159648613752307e+00
-1.195352606387432431e-01
-1.553070296139579121e+01
-9.446327018153164445e+00
8.452052130201334057e-01
3.727187944187689173e+00
-1.009077849388270032e+01
4.140477529513754362e+00
1.278934223287489791e-01
1.043080053172638355e-01
4.313428597200654302e+00
1.545156564225325546e+00
5.137060176752791252e-01
1.353874527044758969e+00
-1.717394270927349753e+00
3.108045175979328789e+01
-5.922942071948875231e+00
-4.239154966103110489e+00
4.675139002513845554e+01
-2.197109725632005706e+01
2.365624305646818193e-01
6.606684728591706524e+00
-2.305592518501280352e+01
-1.592385631250718347e+01
4.242523691511045136e+00
1.527855341119229937e+00
-1.922296405774369887e+01
-4.212028627712956563e+01
7.399812867292563823e+00
3.502986343175625183e+00
-6.096174054455730840e+01
-6.738997270337778289e+00
-4.284264284305286274e+00
2.131356626530735543e+00
2.869183860297033206e+00
6.854159869946399475e+00
4.170617572621421409e+00
-1.193376601901196921e+01
-8.735902879264616061e+00
2.836241582477899037e+00
-4.751420053873028237e+00
2.262554582445870655e-01
-1.036424319619163814e+00
9.371699209943827880e-01
2.234555886450452000e+00
-7.029842151056389987e+00
2.183047290257788209e+00
2.477458465791368525e+01
-2.488808456201921704e+00
-1.994563201624129034e+00
3.263237781632781775e+01
2.424192283076654775e+01
-8.532724718801199870e+00
-3.909782912945874767e+00
2.718369875929160884e+01
1.030508781321959333e+02
-5.765581625706400537e+00
4.396449718542876361e+00
1.061674272930573864e+02
7.982458553633546394e+00
5.572582338942323688e+00
2.118807140336888661e+00
2.667573040000597029e+00
2.970518788456267316e+02
-2.854837078741313761e+01
1.610582147911643602e+01
3.079752468576625120e+02
1.083146454478525413e+02
-4.428954320591749649e+00
4.489892218980125804e+00
1.200529390781169354e+02
1.125818498061517516e+02
9.823631642193186853e-01
-5.867154919919050471e+00
1.247742370286861870e+02
3.342837896217071947e+00
4.240986330987601249e+00
7.185756206875991481e+00
1.108872001248828987e+01
-3.506425477737394880e-01
1.906994981597448513e-01
-1.871633589601382708e+00
-3.275744272637716836e+00
-2.969373824376423840e+02
1.362153285924274648e+01
5.283738102491967936e+01
-2.630182962733759950e+02
-9.393633831135147716e+01
-1.265556930119826173e+00
7.762708307309503120e+00
-7.816326929975977578e+01
-4.350616265685541748e+02
-1.239914411720420873e+01
3.038525832069624144e+01
-3.992162316390170531e+02
-2.955221992310676882e+01
-1.356758738782621654e+00
2.568535751369782627e-01
-2.525081724086406965e+01
-7.207346640986675546e+00
-7.283280970485414563e-02
1.275781386839713039e-01
-9.677283644671501150e+00
3.164675851255818628e+00
3.688655041915017141e-01
5.679114011183899330e-02
2.379156296120074288e+00
4.309660661142633131e+01
8.703208678833513900e-01
-8.386467087572169188e-01
3.799347455237366233e+01
-3.146495232753236237e+01
-1.035668695551667629e+00
6.223276937687267640e-01
-2.861417438679003311e+01
3.779796253824737562e+01
2.466353640784761936e+00
-2.000400649963090249e-01
3.282228726011542363e+01
-2.424966947665590666e+01
-4.253142255887848444e-01
-2.933520338547565554e-01
-2.380844280274697411e+01
-1.681445486927871658e+00
-2.024805787031324633e-01
4.225828786285951710e-01
-3.044883848182258657e+00
-5.184237882525859931e+00
5.810232465472616736e-01
3.636737750365319766e-01
-5.937269257937965783e+00
8.861282333203018879e+01
1.193165534918053522e-01
-1.128966557450356456e+00
8.707188894200612594e+01
-1.461536751537738041e+02
7.265175927413918266e+00
3.903095216717658467e+00
-1.411087793588558839e+02
1.030438073028024633e+02
-7.332720920504329776e+00
-2.328188700000747513e+00
9.853171164564137996e+01
-1.104980239411712084e+01
-6.320366837218748479e+00
1.708694090453386716e+00
2.052980419923804867e+00
6.268723814363013069e+00
3.376646867346191794e+00
1.959750750368212779e+00
5.609700632177685442e-01
-1.420211081596884028e+00
-1.671423743210350255e+00
1.834698584256187104e+01
1.192934054199034932e+01
-2.783517759488491006e+00
-2.114002123824989088e+00
3.457559965006241076e-01
-3.219565441867849875e-01
1.432479662800647091e+00
1.151637255140874005e+00
1.425651254679030533e+00
3.254879794792253644e-01
-3.414298412261206339e-01
1.144774852053424219e+00
3.646790424107921869e+00
2.144441152753508106e+00
4.754889172615326842e+00
-1.829133629355674584e+00
-8.926086273996685083e-01
4.336832823638658851e+00
4.773872383413069542e+01
-4.254609596576595543e+00
-7.207224493824069267e-01
4.452647313164492004e+01
-1.056463208622060392e+02
4.052572613531254753e+00
1.971148477220645034e+01
-8.341895398800510009e+01
1.193199983654978480e+00
-3.713551434312865607e-01
-6.340985384807529712e+00
-6.452299412449948868e+00
-9.756825607711586690e-01
4.816809293684971571e-01
1.417821495716955260e+00
1.630849130959496796e+00
4.241684295660119375e+01
8.806932044749286037e-01
-3.753932602703593524e+00
3.944856581086722258e+01
-9.129926496320411644e+00
2.332449309489279976e+00
3.732614710259229973e+00
-7.679763826033804364e+00
-3.313566090075651971e+01
6.019188350620362504e-01
4.944405884468820567e+00
-2.909291429110442095e+01
-1.629571291424101454e-01
-1.663828606131481924e-01
1.900753974774640684e-02
2.759630711722466323e+00
4.886643893076775269e-01
9.630879046800270293e-01
7.241260200546756343e-01
4.287343015083546760e-01
-1.535678702138514851e+01
-2.201111650611233728e+01
-2.205814304934825998e+01
-3.539310064429707303e+00
-3.751913371814571185e+00
-2.265560159231967319e+01
-2.272338685293091842e+01
-1.174358826222191432e+01
-6.093134820749682490e+01
-1.474344878670980385e+01
-1.479438471650164644e+01
6.695384537353145760e+00
-1.575913686597870456e+00
-1.215158851930824646e+01
-1.219057101685586453e+01
-6.877519822516389070e+01
2.952866506558539683e+01
-1.460266728958963478e+00
3.571222412309802863e+00
2.983953881996425395e+01
1.068844309350759225e+01
-3.993751703812924436e+00
-2.404420995165426511e+00
6.993153437758826918e+00
8.701253433093818213e-02
1.897083984300461879e+00
1.486331803535650531e+00
-2.053981546656847290e-01
2.145619133375676668e+01
-2.070798466837393548e+00
1.156236285426919252e+00
2.864165779930775102e+01
-9.766822222128238806e+00
4.377154311576337831e-01
-6.687897001294390575e-01
-6.367100695109971120e+00
-2.925864003010831027e+01
1.074516908657887271e+01
1.623852037140083127e+01
-7.442028653218553558e+00
1.396592957239255473e+00
1.896465123388459961e+00
-6.603860617286598789e+00
-2.501155110437961238e+00
-2.478561339008363562e-01
2.418003241181448243e-02
-9.165719713590354811e-02
-4.648129448871239910e-01
-4.942884232919149134e+00
4.829692385505899743e+00
6.762860215377007655e+00
-5.118404280418143770e+00
2.785963993947830630e+01
7.114926695981385052e+00
6.793552718514988875e+00
3.152371834097879955e+01
1.076242216047464240e+01
3.370957518583882262e+00
2.808864544332517532e+00
6.570079563963361124e+00
1.087567088036440026e+02
2.723706240394030420e+00
-8.113324058739451061e+00
1.066550089774150649e+02
-1.776178954132022092e+00
2.969387884808217137e+00
5.199272080648387195e+00
3.787317696409933654e-01
-6.663604404620379285e+01
-5.003703640780088335e+00
-3.288631362155808535e+00
-6.860893190941986575e+01
9.000133584846340185e+00
1.871275812058568633e+01
2.798481517092341164e+00
1.806011838007870018e+00
5.539225496637065760e+00
1.147906909178309842e+00
1.687735247331092481e-01
5.637858500294025355e+00
-2.925292223157852090e-01
-5.433691786620935549e-01
-1.995595347316055646e-01
5.110611914769130903e-02
-1.126846119293603188e+01
-1.225638981091324187e+00
7.266496415517668117e-01
-1.479207817532848601e+01
4.564676005439347595e-01
-9.070909985250289465e-01
-4.230117798680847058e-02
2.835088715150806959e-01
-1.844065385775701227e+00
-2.566214730509149611e+00
-1.759477240932794673e-01
-1.776439305406213587e-01
1.437627066795014841e+00
1.287622385077426435e+00
-1.003036155356334903e-03
2.648427638244325588e-01
-7.308974729916104529e+00
7.322472017329653693e-02
-3.985105882763612106e-01
-7.509735072824304858e+00
2.532977590663712419e+01
-7.731764467977370048e-01
-8.487635767216432647e-01
2.378841754551963561e+01
-2.643189712303946592e+01
-6.167826165496677060e-01
-9.548654749708509470e-01
-2.455214976617375200e+01
1.083805258128259474e+01
-6.364173606986447407e-01
3.576124707220476040e-01
1.006954737092084784e+01
-5.011397544493263467e+00
6.584865393869786254e-02
1.962373517693447811e+00
-9.477278610427783079e+00
1.379146972300078176e+02
-7.291716653933821846e+00
7.656642164011586704e-01
1.329740116681935262e+02
1.202777062462139668e+00
7.784402669425124488e-01
1.331348394448808481e+00
2.020273129333780116e+00
-2.640112923597193628e+00
-4.577456863478422733e+00
-6.709899875315350481e-01
-6.947054785514527042e-01
-1.016552267137477372e+00
-1.830640912466858783e-01
1.006204824159045774e+00
-2.155953736611362803e+00
9.510704368840478651e+01
-7.647236154996258861e+00
-3.769689260613476200e+00
8.090548868504976099e+01
5.347529273755482038e+00
-9.072679480133818419e-01
-3.892813093386056633e-01
5.811774241002400032e+00
-9.411751989167777666e+00
-1.399609761354155824e-01
1.122723776570683674e+00
-9.286486952862057720e+00
-1.113680910678454126e+02
-2.063580309465133933e+00
5.351334024898553920e+00
-1.179453876530988339e+02
5.660716591778955475e+00
5.669951255894774000e+00
-2.425111749608112710e+00
1.368955703325895890e-01
-6.168116108139613196e+00
8.920542898286588918e-02
6.739294962223144614e-01
-6.463888473422570335e+00
2.158943198694621657e+01
-6.892874522135384874e-01
-2.016325481864493341e+00
2.373277915678106353e+01
-1.361772405946655162e+01
9.944836687521598773e-01
2.640208778603034379e+00
-1.516186659235164313e+01
-1.166833848626770376e+01
-3.670259910886060073e+00
-3.682008110296846937e+00
-1.866185347461299315e+01
-6.330556352809113725e-03
-1.756931844574763035e+00
-1.212813257999499017e+00
9.811134856362559165e-02
-5.606562160220986968e-01
-1.021767024068488627e+00
3.391261306840638312e+00
2.716401420054583404e+00
-2.823587230396528147e-01
-2.423847562856651094e-01
-1.982886982463595849e-01
-1.465543968223239901e-01
8.003661962690705733e-02
5.231078193046356101e-02
2.493550287908985752e-01
2.147423476906553663e-01
-7.763090803376524462e+00
-5.093487990337380467e+01
-2.091150081327322940e+00
-7.733740682994715065e+00
-9.704381112664394848e+00
3.060442720760863544e+00
-4.430663258348357658e+01
-9.680175291259567771e+00
7.837362124097198013e+00
2.048522009543991107e+00
1.846768152291037079e+00
4.864829659929714722e+00
8.341836994298637364e+01
4.080537276553636516e+00
-3.341470270654558483e+00
8.014760788564299787e+01
-7.571241686402377380e-02
1.253176759403335083e+01
1.745724746518969139e+00
-7.898016316907283119e-02
3.434478199178853108e-01
7.255783389370599190e-01
1.092614427719387749e+01
3.457677448059610081e-01
-2.210195441860501209e+00
-1.238813160232514893e-01
5.083606744613845124e-02
-1.897343283080321186e+00
-1.771942050097729648e+01
-2.524320473633241413e+00
-1.039899090477235166e+00
-1.594557362344954043e+01
2.736397724019659705e+01
-1.336212915655171640e+00
-7.779512547672982059e-01
2.714362972922043582e+01
-2.138248437182499728e+01
6.052389783131756351e-01
2.958208776968204168e-01
-1.923392743429150897e+01
2.529965184452228044e+01
-5.448795257630205391e-02
2.084756132762099146e+00
2.994583237563634270e+01
-7.583476298780560398e+00
-3.637158950681126601e+00
-9.631408588368016055e+00
-1.196656100042646642e+01
-3.432762781539943076e-01
4.271739398924223607e-01
4.427290784247659872e+00
1.148784710146341936e+01
7.038336801264947873e+00
9.845177448276864141e+00
-5.115696041052687493e-01
-3.181866668511716068e+00
9.210631693759965266e-01
-1.909785248834841298e-01
6.276065085170291491e-01
-4.600233081871458185e-01
1.314194101774254220e+00
-1.125650993042071502e+00
1.887986482905882779e+00
9.295292866229395434e-01
1.235937039997790343e+01
1.139474477331211091e+02
-2.597465445503095438e-01
-5.739515357312586774e-01
1.498123696073448308e+00
-4.484690816104213162e+00
9.474544055047643099e+01
2.361652561981145482e+01
-2.713466260978214706e+01
-2.226422748056280654e-01
-1.034799113969045448e-01
-1.955839300672316483e+01
-1.414835959177599136e+02
-3.548207835601168814e+00
3.463237176214976731e+00
-1.302622280490587627e+02
3.280974727198849195e+01
3.952288005124191983e+00
2.451817192879730545e+00
2.985624776365403932e+01
3.341968735508940824e+01
7.849187626937526829e+01
-1.911791920313450355e+00
-1.589765509758751305e+00
-2.155317126524746718e-01
-2.346539536717389574e+00
6.769306992004283074e+01
4.698055627607669749e+01
-1.708662679542684515e+01
1.835332792519401290e-01
7.090310135542733372e-01
-1.056808342734781192e+01
-5.099734468236017193e+01
4.445161314670333930e+00
2.754975841889589994e+00
-5.373497048067249438e+01
-2.962061935182350325e+01
-1.293761983172504217e-02
1.532385675457708929e-01
-3.154558752025910451e+01
8.907068330217349228e+00
-1.007260065817729838e-01
2.484701785363339910e-01
7.825878421207811186e+00
-3.060417467019480031e-01
1.359777375134325200e-02
7.750511598144319558e-01
-2.268729714800126751e-01
-6.463712054449575639e+00
3.444876117994567499e-01
4.810787285646870269e-03
-6.439116552180616182e+00
1.182792315831554530e-02
-2.111138368455273695e-01
-5.993338472971225794e-01
1.893330664142192088e+00
-2.681109179092857175e+01
1.489173731648680936e-02
-8.441250989358075607e-01
-2.387368821215913783e+01
-2.364462324412095473e-01
4.924874651584154606e-02
4.385806099277111958e-01
-3.247230488836711504e-01
6.293145396307609829e+00
-1.148044981168818979e-01
3.850350407444081413e-01
5.697776529246855404e+00
2.961590532252509078e+01
8.721662517143458082e-01
5.546311147655706986e-01
2.609375622158272279e+01
4.917869590366057864e+00
8.298739345407202705e+00
5.687198086023199650e-01
5.859247293176169658e-01
-1.968419706133653468e+00
-3.190010171305778908e+00
-2.118422471571912435e+00
-6.137618785686113299e+00
2.594890357989882435e-01
-1.510353804251279408e+00
3.016348331936130611e-01
-1.203520083226214399e-01
4.725491005181485793e-01
6.316294100212167528e-01
-1.131066520359238270e+00
8.529659119068936368e-01
3.799852188936563735e+00
-7.353100904379529235e-01
-2.213219367248380198e-01
3.538197161017608838e+00
-8.880361524555605968e+01
4.320831865747117306e-01
6.311819665440312477e+00
-9.087642360043102485e+01
8.034556493100734542e+01
-3.624468697088845115e-02
-5.445914389871147065e+00
8.338132259265022128e+01
-1.650881307535942000e+01
6.338675544486296887e-02
-1.941714869847206149e-01
-1.686732904447272219e+01
3.059584361114727713e+01
8.132071246861132252e-01
-7.284424930354265193e-01
3.236712664003857753e+01
3.344631706757408285e+00
3.806008467875353407e+00
-1.125806269074965726e+01
-1.005769322345777361e+01
5.808745688951809649e-01
1.339351395342972095e+00
1.376697906759687395e-01
3.724901882693009147e-01
7.459499443981456146e+00
1.380570156735873022e+00
6.269674851810371763e-01
1.054311905513350567e+01
-4.038452490232798908e+01
-2.720537573792749519e-01
2.733361041070037079e+00
-4.167554283259061521e+01
2.983005093043886280e+00
-2.472440385849654365e-01
-6.683472347939785063e-01
2.863592595378286809e+00
-5.697311872983166836e+01
4.271305054004674417e+00
1.159659187627354093e+01
-4.439899764022912620e+01
1.757237239405874174e+00
-2.867919162657247778e+00
-2.548722300591471868e+00
1.426286572937375041e+00
9.227114088010056392e+00
-1.192248113222688755e+00
-2.856134406704687212e+00
8.175486799575837793e+00
-8.295498902479025105e+00
9.876720105922318638e-01
2.256092682222171852e+00
-5.866227483688136068e+00
-8.357292518105845502e+00
1.567696314914899025e+00
6.983159963747247456e-01
-9.600949797879913206e+00
-5.374050715865738681e+01
4.186315791121880459e+00
-1.614592328395290322e+00
-5.593744787655852235e+01
4.651419381582781121e+00
2.270609742387997620e+00
3.240965926259882224e+00
-3.048781113644703500e-01
-1.168136936410714988e+01
4.977071064508283627e+00
6.295930678694367622e+00
-2.513782532460014352e+01
-7.741327438710386843e+01
1.336058455961738556e+00
-1.746681614596521603e+00
-9.724912773944211608e+01
-1.406577631164061515e+01
1.494044843197264605e+00
2.995127822168328069e-01
-1.304655674518616593e+01
-1.598158966831748096e+01
-2.238574564594348448e+00
-2.903559907307092125e+00
-1.123112921727788205e+01
5.070966885934458102e-02
-5.456290758493447246e-01
-9.938460945303426719e-01
-4.351007772994446715e-03
-6.697106657891563897e-01
-4.431842266568129518e-01
1.484439643261503461e+00
2.084524828703608001e+00
-1.834874105776714281e-01
-2.095492435364725292e-01
-1.509704318913026311e-01
-1.068165936610211836e-01
6.343900118099429775e-02
5.551610098116836062e-03
2.284955488291075809e-01
1.963228107207409812e-01
-1.817628229821308139e+01
-8.887243002840044426e+01
5.738825247526825102e+00
-1.822604072236610051e+01
-1.394439142838980139e+01
-4.440723493133751809e+00
-1.014847420480498670e+02
-1.399927815746183768e+01
9.757251036115707876e+00
3.779058459524953673e+00
4.169838470250818219e+00
1.551270675539353938e+01
1.606865377305482241e+02
-6.806120091374126879e+00
8.118509816992007799e+00
1.667276226030693067e+02
8.026730750484435684e-02
3.987007964923682257e-01
2.659998749868820733e-02
8.030061288051955348e-02
7.068366468973008576e-02
6.304655806820955166e-02
4.372518931905068351e-01
7.097741825578077202e-02
-4.846680311787042450e-02
-1.823034844316882147e-02
-1.879918852531005727e-02
-5.924052789467924157e-02
-5.933958082457849725e-01
-4.060785337270812756e-02
-8.948288797780845627e-02
-6.317122648448080247e-01
-2.602535503686717533e+01
2.894506450935317776e+00
6.265266696650366729e-01
-2.409655450820895695e+01
-3.268876323515372917e+01
-3.766741219569492038e+00
-5.431621874294279451e+00
-2.408180423737319131e+01
1.012156083990524841e-01
-1.168394376283159675e+00
-1.903635708698779183e+00
-7.969425248966410455e-03
-1.292356316702334196e+00
-8.350838073041487730e-01
2.935646584863912611e+00
3.904753865308378646e+00
-3.152293788327505952e-01
-4.132149045432527146e-01
-2.951677637264834564e-01
-1.650537507744193055e-01
1.182873837377505649e-01
1.685881613847678429e-02
5.006375123007038574e-01
3.914517847734336753e-01
1.172976384194323707e+01
5.393492686745566544e+01
-5.503991960120435678e+00
1.176268804505630783e+01
8.860079921988793572e+00
1.114779711512856819e+00
6.453901538281017736e+01
8.895536071297552638e+00
-5.019462644335237478e+00
-1.825664089230697451e+00
-2.078677642315217788e+00
-9.596067953345658097e+00
-1.082536462864893423e+02
6.404541214702998531e+00
-3.892355457809400399e+00
-1.135512336576330199e+02
6.695342798209961366e+00
3.924596009016351417e+01
8.277362255853333572e-02
6.713938547761951092e+00
5.090734512658381838e+00
3.955029645308099973e+00
4.113340632880681369e+01
5.110964805345704853e+00
-5.443049288685759990e+00
-2.219211971758738855e+00
-2.364293106840015479e+00
-6.620358293722541809e+00
-5.817327911472887081e+01
2.054302756118790707e-01
-4.879644100562679832e+00
-5.882478891047883707e+01
3.217767567640404724e+00
7.728424328024962042e-01
6.078555664227709709e-02
2.639352555727223493e+00
5.227300981786104500e-02
6.891345318514402463e-03
-3.678436547466460982e-01
-7.950564361150935788e-02
-7.389972704517724367e-01
-5.424241654756603581e-02
-9.013517849147334449e-02
-8.531087035967640508e-01
-3.400024022542040392e+00
-9.636598861317128284e-01
2.166011630064519355e-01
-2.849543875866313414e+00
5.076135757263912085e-01
8.624185331093175977e-02
-3.015125246808457171e-01
1.609433845907279670e+00
-2.526618982780661327e+00
-4.199215695225642087e-01
-2.548105436962890685e-02
-3.203078811977110529e+00
-2.351233393123955295e+01
1.356083307241611857e+00
6.152558756232666681e-01
-2.438730489139022239e+01
-6.662221616416007519e-01
6.447222113859921167e-02
4.827676825808456251e-01
-1.071822030510977797e+00
8.764249723981105689e-01
-6.656298880149688624e-02
-2.052024265788067181e-01
-1.220040745040325697e-01
4.101040386060087428e+01
-2.917603575602890631e-01
-5.675044588742645946e-01
4.438521604712943258e+01
-8.833780164653019540e+01
4.099428960337935024e+00
4.397000568708194779e-01
-8.561056256863015790e+01
8.819183240193554241e+01
-6.704539884285113160e+00
-3.025457869961735713e-01
8.334219985959693133e+01
-3.904358626656255105e+00
-3.917347278389773813e+00
-3.545779579429942929e-01
-3.309009990725335082e-01
1.213779194830129748e+00
1.858386250371523385e+00
2.464235703521632903e+00
2.236601429784390138e+00
-2.664054129737872145e+00
-1.433457276014642900e+00
6.822597908954538326e+00
5.848405425476083330e+00
-5.648840023447523340e-01
-5.152550961870834278e-01
-1.387737818670157219e-01
-2.759843490218356621e-01
2.751086698464829117e-01
1.751725747837814262e-01
5.607946584199453577e-01
5.259911733183203486e-01
-7.429173734032642473e-01
4.526922354327125864e-02
1.134472585904909847e+00
2.970057345070951094e-01
-7.786324850696753508e+00
-4.760864606734883653e-01
-2.053297055891282752e-01
-6.905167090639297456e+00
2.647160810082572269e+01
-2.705934368321400552e+00
-1.641302386787785450e-01
2.587332367506699171e+01
-3.273393114526723480e+01
-7.967168816939190767e-01
1.075147525264676718e+00
-3.428843643679565645e+01
1.160083044472652958e+01
-7.798755970512046831e-01
-9.103372862724701253e-01
9.163345821352127274e+00
2.840609244239582054e+01
1.194226426805253372e+00
-2.267397374352305983e-01
2.515196571986940199e+01
-2.556804387191800171e-02
-9.300162290236976048e+00
-7.629609962704297033e+00
4.434300288203712470e-01
4.650467004460588250e+00
4.557771467398223919e+00
3.740103391983818248e+00
6.894026351267418251e-01
9.735253367606857111e+00
1.059880754429549121e+01
-4.390253412390569127e-02
1.552826565018520233e+00
-1.086782085985240842e+00
-1.281145465274683704e-01
-1.413272432358751718e-02
3.838922713289326105e-01
-2.008660504635860100e+00
7.326333495906437454e-01
-3.190236456551830413e-01
9.239982595265830989e-01
-3.321143006556638522e+00
4.031265155423164970e+01
8.016762884372492515e-01
-3.315467306771636480e+00
-4.931957013303900794e+00
7.626941414965400234e-01
3.563982940511688469e+01
-5.036449683850537262e+00
-3.338558266862571511e+00
6.404542048832313483e-01
1.790931478907251462e+00
1.860608051770980209e+00
-3.871557526840950914e+01
-4.262950290061243153e-01
-9.825945083237253019e-01
-4.115073215081330460e+01
-2.521213981364201473e+01
-9.799969769709944156e-01
-1.089185501483782709e-01
-1.633826815470737515e+01
-2.228199790875396324e+00
-3.796710161813690831e+01
-8.124261880829529714e-01
-2.211877422377245050e+00
-3.686335775487911803e+00
1.062851301785769254e+00
-3.008076167830620662e+01
-3.678406011780994245e+00
1.108612579749978799e+01
9.752651536993967030e-01
8.151272024561762031e-01
8.002743361705302760e+00
2.733966239174869628e+01
6.333865317360813652e-02
-9.845817452495729816e-01
2.334468206638497634e+01
3.047983409172780256e+01
7.907931373521561724e-01
-6.263020493482834850e-01
2.326446623196774155e+01
1.031709244404695278e-03
1.303604600242584288e+00
1.163063432115236218e+00
2.465760782114465033e-01
1.783311082810836945e+00
1.323060450557181911e+00
-4.584115394636446794e+00
-4.258402049683312818e+00
1.957661033298682685e-01
1.054103865921907301e+00
3.713182187318428418e-01
3.265319758767669667e-01
-1.133084412444982925e-01
3.322336107270582040e-01
-1.018776010058666026e+00
-7.715070031055676347e-01
-6.223054177883144966e+00
3.689592014405533149e+01
7.339079570614028825e+00
-6.212634403700625363e+00
-5.425595265071811113e+00
4.794198807632227499e+00
2.923191130200188326e+01
-5.450491319723003159e+00
-7.569229323062431902e+00
1.769491558406448117e+00
2.946651574165824794e+00
-7.081073021144028701e+00
-5.334540163616670583e+01
-1.159871389366741568e+01
-7.300250177922469774e+00
-4.299354668579518801e+01
-4.732876019923188515e+00
-5.902397402494435674e+00
1.844252503552211708e+00
-4.693466671176325100e+00
-6.918420832819754729e+00
3.690545973821578229e+00
-3.279020173586116194e+00
-7.157315975446913114e+00
4.187558624123088435e+00
2.372608207513286160e+00
3.431090884359493387e+00
3.616905712759593605e+00
1.984172632365121647e+00
-4.179762779821019514e+00
-6.299162815684310246e+00
-5.881848238096687442e-02
3.207153483244331227e+01
-1.994063635358558351e+00
-7.123728646214945448e-02
3.078032584625680457e+01
-1.731344825464287140e+00
-5.311241117886634777e-01
-6.120176856740286997e-01
-1.465516838961042456e+00
-2.633646022989492685e+00
4.922177141732387851e-01
6.334345804309912675e-02
-2.312816217078701442e+00
4.015501123862703081e-01
1.211076009449527091e-01
4.296640437453099204e-01
-3.846020534348074116e-02
-1.109851969507681169e+00
6.777951467271998709e-01
8.872783238180104171e-01
-4.802327046168477498e-01
4.737695902101491718e+00
-2.856229398385825569e-01
-1.465210938766576376e+00
4.239514881005931102e+00
-6.281141755262613646e-01
4.989606948424851751e-01
1.601754981137806677e+00
-1.233246660895880309e+00
-5.672537654838408550e+00
-1.217585953400703858e+00
3.872102110177685574e+00
-7.122489394270635543e+00
1.738639811868780249e+00
-5.125869901069231016e-01
2.310128593483379983e-02
1.703743446326807742e+00
1.993508612965546378e+00
3.940403730145712324e-01
-1.098095649468724844e+00
1.813440532245491621e+00
4.187619993302358345e+00
1.357557049563865581e+00
-1.982072969867505030e+00
7.083803262356589414e+00
-2.127913383506637501e+00
3.910470636530500865e-01
9.334611150908959099e-01
-2.780612688991978665e+00
7.544997370120520408e+00
2.998987483399303544e-01
-5.532646820674527177e+00
7.704396866462890792e+00
-6.284010462030821031e+00
-3.507087779389128634e+00
-1.906679740405278434e+00
-1.150026568995450305e+00
4.798970753188593896e-01
3.160248318365631026e-01
8.296767857831538251e+00
2.411397090242851426e+00
-1.599391640184496532e+00
1.719204716015445333e+00
3.838162635610631757e+00
1.812651612972684401e+00
1.342954149165625166e+00
-1.568679396353343414e+00
-2.921998422066753379e-03
9.428181010203042778e-01
-1.030834857423986950e+00
6.648598505712117746e-01
-4.036709805659497441e-01
8.685811585061965490e-01
-1.482837394173891932e+00
1.636998009599875514e+00
-4.041652815286074230e-01
1.587689068282714389e-01
-7.313490287767632481e+01
1.293532294294126750e+00
8.596743573689609619e+00
-6.487090631847256361e+01
2.622402249652447992e+01
7.496902883621113511e-03
-1.644015863264856936e+00
2.573437936487413680e+01
3.731820647487590348e-01
-8.816611772960904203e-02
7.180933894865511140e-03
2.000261864942542156e-01
-5.792478848557753857e+00
-2.061569234263188263e-02
5.162752923699813756e-01
-6.309274100385879436e+00
-3.083406672590877662e+01
1.937649232851341649e-02
7.112084516593198957e-01
-2.885659962013735580e+01
1.971008444731113585e+01
-1.114184082892961253e-01
-2.403967881122367756e-01
1.893292883698537565e+01
-3.295051152327560828e+01
7.863646837953129631e-02
2.327181003431002093e+00
-3.336793385319992922e+01
7.372317309717892897e+01
-8.812930095023539800e-02
-7.060272898117927909e+00
7.333584868590060069e+01
1.175183034624083023e+00
-3.831259261610436839e-01
-1.321866578390992926e-02
7.479378969226672114e-01
-1.677774809751726082e+01
4.464939327273467762e-02
2.055032876845272138e+00
-1.849007085290325847e+01
-8.484599450131115361e+01
-8.217859285173234607e-02
4.966886771792721866e+00
-7.978765814485826979e+01
5.463216006213477982e+01
3.497338427449082077e-01
-7.343727326158010493e-01
5.327789314582072677e+01
-9.374457674166393417e+01
-1.141284884683907985e-01
7.728899878402632595e+00
-9.692918537265320822e+01
-5.640248252700444276e+00
-6.059807752144516613e+00
-2.978684985007531982e-01
-3.113921509612291860e-01
2.511585368294389831e+00
2.403838120560713332e+00
3.226481635834221873e+00
3.396838470278096267e+00
-1.592329037085753018e+00
-1.147023163421846847e+00
7.942659216285660406e+00
8.041374026240948325e+00
-2.293902818445406222e+00
1.532921986840460882e+00
-2.506572369864494554e-02
2.240160272381646889e-01
3.096983277595364292e-01
-4.654639318501240242e-01
2.959300552912762061e+00
-1.601787116305876335e+00
-6.385389661792222338e-01
3.063703361709832138e-02
1.527091800518280529e+00
-1.010950834286157729e+00
-1.578193982773737236e+00
-6.081597561010201325e-01
5.804930507378496252e-01
-1.729302272755928849e+00
2.193826983231909011e+01
-4.099455630100267700e-01
-1.654118998782960315e+00
2.353280506360597713e+01
-8.670617733491107870e+00
-2.631579915062642883e+00
9.408504434131158556e-01
-3.664728878263941336e+00
3.334539566888854978e+01
-8.279034100633799298e+00
-4.981160701922505041e+00
2.580498524307694908e+01
1.925023445274248246e+01
1.268316295508839886e+01
1.673551482227802811e+00
6.704305389300363460e-01
-3.201882716809404172e+01
4.505117995702744516e+00
3.103929243620626277e+00
-1.835708825296617164e+01
-7.750367015163635642e+01
1.302831180501839325e+00
2.876124966991525866e+00
-5.544560264112516279e+01
2.321033356113213131e+01
-5.892231140325286942e-01
-2.769837757231118580e+00
2.505690958906200549e+01
2.397739669647315708e+01
5.218493687324998298e+00
3.480502122088484196e+00
3.213523004521358928e+01
7.578449749262233109e-03
1.816390803228707496e+00
1.133301501149923896e+00
-9.717730837861297821e-02
8.037172804288603700e-01
1.242907666443145986e+00
-3.717988268869648838e+00
-2.819234148356278169e+00
2.939360040859792522e-01
4.030375386031802010e-01
2.862488753899505300e-01
1.498509997727614784e-01
-1.135619403497547392e-01
-1.563965186705245508e-02
-5.000649370124289339e-01
-3.833332516954375824e-01
-5.790099807868003684e-02
-3.027729550283906820e-02
-9.686788399901226712e-03
-5.774427621237367830e-02
-5.352876717846997978e-02
-7.454862966982844959e-03
-3.604512749207813838e-02
-5.347930378941349178e-02
-1.007197821042725254e-02
9.949660375119283653e-03
1.383747784649896374e-02
-1.040054899062472539e-02
5.404594842912346236e-02
1.408476540695131896e-02
1.363450432556004288e-02
6.158954253001824863e-02
8.866784464021968404e+00
7.159800398749166561e+01
6.879722471447093035e+00
8.831649864159814456e+00
1.166025523570531419e+01
1.390268126507295532e-01
6.830965999865125582e+01
1.162789879544902405e+01
-1.153201920375429701e+01
-4.111268463312779176e+00
-3.856569773254908462e+00
-9.482399006744000047e+00
-1.023861469297759186e+02
-8.486433544485299407e+00
3.667711547256130022e-01
-1.012492114033788795e+02
