1.692690638354700354e+02
1.480130742521365619e+02
-3.196739783653183564e-01
1.691635616987175013e+02
8.160088141025620700e+01
1.646079727564101063e+02
1.436026509081197275e+02
1.636911591880343622e+02
7.405689102564113568e+01
-2.413718616452988641e+01
2.764785657051280054e+01
-7.774284855769201386e+01
1.308930889423075712e+02
-1.791982505341887588e+01
2.761114449786327896e+01
-7.654298878205146650e+01
1.264357238247864359e+02
6.580221214865705937e-15
2.095795924699857004e-14
-7.996159087277140402e-15
4.079399097672521108e-14
1.229335937500002984e+01
5.657449919871793043e+01
5.783360376602558262e+01
1.469005408653847944e+01
4.896000274613949922e-14
1.064940374074704414e-14
-6.348907173812704948e-15
2.309889268504117660e-15
-4.917868589739901597e-02
-5.754757612179485449e+00
-6.107171474358978003e+00
-1.372195512822812526e-02
3.088840805020023429e-14
8.722843332964532882e-14
7.654767217928134779e-16
6.566644641114141250e-14
-9.463641826923177014e-01
-1.649423046850305254e-14
-1.986678685897209085e-01
-9.474659455128169316e-01
-5.028059895833332149e+01
-3.491059695512812766e+01
1.101598557692308766e+01
-5.024494190705124907e+01
-4.734379006410252799e+01
1.272035256410256210e+01
-3.431759815705130734e+01
-4.755899439102557125e+01
2.967006098646728773e+01
1.269416176994303811e+02
1.211135483440170191e+02
3.154486066595422500e+01
-1.671169365112815800e-14
3.712064570904055711e-13
-1.446785420909973071e-13
-1.381452997266670271e-13
-6.824107460826200899e+00
-2.855339654558403950e+01
-3.292825186965812634e+01
-6.291455217236597619e+00
5.617391085304679850e-14
6.645344160816026340e-14
-8.028188766821941695e-14
-5.651006511334723122e-14
-3.056615584935925778e+00
-2.899889823717960891e+00
-1.011486873885469510e-14
-5.436830791898082455e-15
5.292467948717711757e-01
4.975210336538552491e-01
-3.103814767038533657e-14
-5.861500212087067931e-14
3.431315104166619889e+00
1.330794270833328419e+01
1.175247896634617817e+01
3.144756610576894040e+00
-3.403996394230746070e+00
-8.513621795071618864e-04
8.263221153837338115e-03
-3.337765424679499215e+00
-4.765124198721305826e-02
-5.509064503205347574e-01
-4.508964342949156046e-01
-1.061698717948159239e-02
-7.975469640313372111e+01
-1.151813457086893635e+02
-1.150055088141025124e+02
3.093229166666686325e+01
4.350560897435882879e+01
-1.058848379629631467e+02
-1.074128605769230802e+02
-7.240399082977228318e+01
1.224227653133910287e+01
1.922281205484345890e+01
1.923928285256381088e+01
-7.841746794871519377e+00
-4.787660256410482873e+00
1.966849180911686545e+01
1.796774839743590491e+01
1.346829371438738931e+01
