1.999451171604934814e+02
-1.029694192546164970e+02
7.406850961536505518e-02
2.859339968484730434e+02
9.080268981595826006e+01
1.498635164944225266e+02
-1.406040330662808628e+02
2.373546868061621637e+02
9.406783007750779291e+01
-1.759175232427136848e+01
2.300866528751721063e+01
-3.032465641478021467e+01
9.027911183762826397e+01
-5.200489381031318636e+00
3.626877574842676921e+01
-3.486469848289000595e+01
1.106385073501929526e+02
1.793803959908504098e+01
1.026822420832897187e+01
1.111380668898589086e+01
2.754097683488889814e+01
9.250751255468063761e+00
1.300909733635920134e+02
1.267712082014896851e+02
2.065089704055258935e+01
-2.985013039710784799e+00
8.345709079691494836e-02
2.310240863604971384e+00
-3.820271447624683958e+00
3.494885277460466066e-01
1.396597994673131815e+01
9.738873388193987068e+00
3.045000738234738602e+00
-8.409926034159376229e-01
6.950035541590869614e-02
-8.509932474807033742e-01
-1.091223589868382415e+00
-1.017410812917402874e+00
-2.612683861626922788e+00
-1.607923257366037140e+00
3.828006842353701700e-01
7.618585021630258636e-01
-8.701142000111164521e+01
-5.610340798894364411e+01
4.939453788072125207e+01
5.843381072771230578e+01
-3.113686751726551094e+01
-6.778013588033351766e+01
4.089696968982748260e+00
-2.999120600133373671e+00
-4.366106192062192548e+01
-4.643152065722383526e+01
9.547480150913427721e-01
-9.166319311208619425e-01
-2.812208316083448345e+00
-4.341060305656375462e+00
-4.600358359188923552e-01
1.066019904470025120e-01
4.048358745060544051e-01
3.576975398355513591e-01
4.189417763326508393e-01
-2.984713843125720856e-01
-2.234992673738567817e+02
-1.517659748411358578e+02
1.516296121097244338e+02
2.068639261992481408e+02
-1.088357724848474675e+02
-1.700413627439055517e+02
4.476875682294218173e+00
2.307467035842388992e+00
3.620705443101547871e+01
3.625955247490469446e+01
3.350317688485020540e+01
1.960642418815141497e+01
3.010056983520058438e+01
3.089997247362324373e+01
-1.511251247093414518e+00
-9.474523339907912955e+00
3.282292442837337632e+01
1.585144732997296657e+01
-4.753103769449721128e+00
1.181677387100863683e+02
3.748226465973917065e+00
2.524334001951779923e-03
1.168957811771250874e+02
1.251734145019952926e+01
-1.371418078584154188e+01
-8.697521806923987242e+00
2.118430466017981573e+01
3.389527040673544889e+02
5.922735770021058954e+01
3.038976676274170785e+01
3.346380356449720921e+02
-2.266005608974387631e+00
-8.476211939102754611e-01
-6.528637697570495169e-01
-1.193090605619592237e+00
1.979266826922909672e-01
-8.206630608979788299e-02
-1.522154761701494385e-01
-2.874760266241803142e-01
2.128973565694254777e+00
-4.661435544998851377e+00
-1.362976090519562922e+00
1.657342049234917125e+00
4.143499406442707200e-01
-6.266988070212898831e-01
8.161450350660824637e-02
9.367172011065935666e-02
1.132673248611026084e-01
4.452083869600557686e-01
-1.103259405315209496e-01
-2.656625403653534723e-01
6.147354813297837423e-02
-6.951168946430440476e-01
-6.313630822594200331e-02
-9.150499542867041036e-02
-1.498829304836662990e+00
-3.220636952264093189e-01
-1.218456434789028320e+00
-1.510394149522368057e+00
2.103065586863329006e+00
2.202616931570292369e+00
-1.903478665937525724e-02
2.487671412751303546e+00
2.787183304933761097e+00
4.770450818719176311e-01
1.976477279596531078e+00
2.724023714137274954e+00
-9.378298301731999231e+01
-1.103492470004023573e+01
1.609018051688015705e+00
-9.484584623930237512e+01
-6.607341695706236528e+00
-8.662591620290259087e+00
-1.263445954610943467e+01
-7.192755926295322233e+00
6.552965428294931227e-01
2.081406098089378265e+00
9.245629921547254826e-01
-1.145476783196197390e+00
9.382898107407587673e+00
-8.572692736108227507e+01
-8.826408253588508046e+01
-1.804614257944900046e+01
-2.116646302454391559e+01
-6.281473458889064432e+01
-4.820408946539366468e+01
2.129618556774983062e+01
1.097495499133501795e+01
1.727776942057395004e+01
1.412109404758920661e+00
-9.856451717879221031e-01
-8.151408963527222440e-01
1.837467624392628229e+00
2.484407764864159773e+01
6.244206005875745369e+00
4.995760601577955207e+00
-1.952925295857785848e+00
8.633431952662502518e-01
2.039932199211031083e+00
-7.676904875055057254e-01
2.943178832980521165e+01
2.788107985050743309e+01
-2.989610440298070326e+00
7.926839866864868744e-01
3.317479659763337363e+00
2.952464866863946380e+00
5.610392011826350472e-02
3.156712095644434779e+00
-1.171572890854881344e+01
-1.359421688419837082e+01
7.746716940940604701e+00
-4.403556801994448655e+00
-2.596432069089313344e-01
-1.626480971640596351e+01
-2.398835826854010733e+01
-1.215222133192549042e-01
9.304553952991009291e-01
4.320400406388322234e-01
-1.566662797661824369e+00
3.228092109829466594e+00
-4.354384793188076941e+01
-3.797294785507607173e+01
1.907165089021005233e+00
-1.204236296602044121e+01
-8.203373912849157534e+01
-8.926127732061836184e+01
-8.220427436984181213e+00
-1.681733983770103524e+00
-7.789424256324921636e+00
-1.086114217169547835e+01
3.385209705417362880e+00
-4.023840824343879463e-01
-1.310963502096192945e-01
1.748734373081624882e-01
1.920092575179332614e-02
2.612680912504595199e+01
2.903918784651644991e+00
7.402449522255274417e+01
1.436180266135460499e+02
1.488678457711796170e+02
8.064397125584844161e+01
8.434724764944258268e+00
2.481762219450498819e+01
1.274886204856826666e+01
1.061303445856954930e+01
-1.801781266809081927e+01
2.061054684235086043e+01
3.585526417973166513e+00
-2.939663543377288235e+01
1.233448087209658617e+01
9.421923829774248915e+00
-2.683225583058280250e+01
-1.322860346636196596e+02
-1.289120739486792786e+02
-3.394983958685222092e+01
-1.954747861164527123e+01
-9.990929951915956053e+01
-9.466812832447133985e+01
-1.080003287184000094e+01
-5.651468000082886789e+01
-3.011234743732877632e+02
-3.111614295576853806e+02
-3.356050431018159941e+01
-1.362032681894770059e-01
-5.354208611030359943e-01
-3.380537018075870370e-01
6.882763323848974935e-01
3.413888213936838029e-02
2.661270306858039003e-01
3.578185385427692378e-01
3.065807819514130769e-02
1.072188269611978662e+00
-4.733087017394551843e+00
-6.335283355172381725e+00
3.789919439634129028e-01
7.916215660357499928e+01
2.216849041226445494e-01
-6.853032347451961215e+00
8.701071030616239455e+01
9.060051775147945463e+00
5.801599482249062412e-01
4.968731508874855152e-01
7.110710059171632125e+00
-1.846407301390508593e+01
-3.446446989441135367e-01
1.656257169482847846e+00
-1.827005479692164513e+01
-1.022655121396091431e+02
1.680102827116346287e+00
8.951147862684573298e+00
-1.171272583759650558e+02
2.513977058411403789e+02
2.355305051036431863e+01
-8.630315742066768436e+00
2.669944847495947329e+02
2.900289201183444732e+01
-5.781370808678430784e+00
9.967578895461913502e-02
2.708944896449711237e+01
-7.868826543908356541e+01
-8.481705509153551148e+00
-8.859657929751314775e-02
-7.911502477943737688e+01
-2.197693174616706813e+02
-1.586141073704627225e+01
1.475443546664411620e+01
-2.477374008466217106e+02
-1.271209086966076462e+01
-9.405466074242054830e+00
3.521345263532567937e+00
2.439230546652415121e+00
3.226912839925990539e+00
2.706123781204254897e+00
1.644968552170625387e+01
1.701129147189321955e+01
-7.401394979663613594e-01
-2.363768491684423267e+00
1.032880386395763850e+00
1.069344284188061378e+00
-1.989582047681374422e-01
2.976538635114425180e-01
1.697219763413321036e+00
2.981668182131232303e+00
7.186800021369991498e+01
2.500083698263305365e+01
2.937981277653922874e+01
7.438689039513921841e+01
-1.237081407593188764e+01
3.361034850386881434e+00
1.811466230554619861e+00
-5.415200093764658718e+00
6.278048730089389551e+01
3.202366897740388652e+01
3.362361536196426215e+01
5.260722768486150613e+01
1.466907412871609750e+00
1.337356810609110047e+00
4.612820223554405796e-01
-1.071011090666324633e-01
-2.890723426468551338e+01
-1.291796815893834705e+01
-1.272701532437173988e+01
-2.618465388615448930e+01
-6.447086286173904668e+00
-8.212243295849325220e-01
-5.615973840239645298e-01
-5.489562742258874195e+00
-2.606678332242432297e-02
-3.635205937822835742e-01
9.147805752681498898e-03
3.331623860018025907e-01
1.492514108830923503e-01
5.145935058565648257e-01
1.137773503105121015e-02
2.102712661485818813e-01
1.056826186578784785e+02
9.532476496991480985e+01
9.455843521486694669e+01
6.590020907947055306e+00
3.489825441985251331e+01
1.294891153911464698e+02
1.296872623020068716e+02
1.353917117260457985e+02
2.209474255748498450e+01
2.192812085652116494e+00
2.207598606908955041e+00
1.541913519014609824e+00
5.237804473795482529e+00
-2.281099838016857451e+00
-2.281343634189073821e+00
2.961872654829783968e+01
-4.262894067888018057e+00
-1.651948523914208877e+01
-2.296617654284139576e+01
-7.302884045741873109e+00
8.863371730786520075e+00
-6.236365388172623980e+00
1.093468271811585524e+01
2.005035153162455686e+01
-2.061198202600827756e+00
1.247876265674109852e+01
1.610660943986351867e+01
-3.319920628351010983e+00
3.136920956338945299e+00
-1.999024514201799008e+01
-2.832348193655336743e+01
3.427475329590887743e+00
4.687481599118749287e+00
7.396420072357774878e+00
1.450828405272147492e+01
2.170874723263916906e+01
5.080844152092693911e-01
4.687125554119286330e-01
1.182355266221080337e+00
-6.586555335713931703e-01
7.102783174666395638e+00
-1.939022242428248077e+01
-3.129440121438650735e+01
6.728581580253615968e+00
-1.001143842753173807e+01
3.434022041674745562e+00
9.090016040527145735e-01
-9.918600991562550817e+00
3.439997125958198065e+00
2.784269613651617070e-01
-4.840834032888588143e-03
2.924693219234816510e+00
9.016611843122547265e-01
1.648544833017385969e+00
1.925179407304412393e+00
7.140877631704444228e-01
-7.588219212768107980e+01
-1.010248694916681700e+02
-1.004691901044567999e+02
-4.401807066413698344e+00
-2.663037909421741389e+01
-1.327132602351747153e+02
-1.329424458987143680e+02
-9.613222204864702292e+01
-2.739052227739361456e+01
-4.598470880365263724e+01
-4.576078179060372264e+01
-1.490296717150560557e+00
-1.019984631520419072e+01
-6.031611867295811891e+01
-6.042391407577244422e+01
-3.431249054083370709e+01
-1.935217406837597665e+01
6.668588954024132320e+00
4.740399320304703679e+00
-3.686049578953852990e+00
-4.403994702326007626e+01
-7.800570087370644501e+00
-1.549817224915953240e+01
-5.904323911093138122e+01
4.064550170358798908e+01
-8.638053719052829038e+00
-1.680548938062009157e+01
5.243709607908067483e+01
1.295972448818172573e+01
1.879390273535430111e+01
-6.316580656384954140e-02
1.469570807877934371e+00
-1.292881180070339440e+02
-1.085030835047371944e+01
1.291892211938269197e+00
-1.204047193555780098e+02
3.550739648410715432e+01
-1.219818402303488192e+01
-1.138264155911972253e+01
5.811049474908472234e+01
-3.051917026253121534e+01
-2.108137029243765337e+00
2.541160508299221465e+00
-2.868746619528646136e+01
-2.049190549099517682e+02
-2.406206411680511081e+01
-3.811637792907800470e-01
-2.028892186999259195e+02
4.872479239949161212e+00
-1.373672243817618766e+00
-4.769011887108658421e-01
9.853158555516183803e-01
-3.432027764023545160e+02
-6.840406503928352322e+01
-4.695717993648022315e+01
-3.280003382414743101e+02
-2.632063959257897778e+01
-1.954884146464420525e+01
-1.518951295032882953e+01
4.879513190395788347e-01
