3.037538404512381551e-01
9.455441074396454815e-02
-1.093975924398973149e-02
-6.841526209494417365e-01
2.330376481319775817e-01
2.810885161254059184e-01
1.310717016097671384e-01
-8.966503223368244013e-01
2.520503367741235290e-01
1.577604970085761098e-03
4.779669498705731157e-02
-5.076307880730940303e-01
2.580938809473551920e-01
1.112312891958145422e-01
1.124866860680737990e-01
-4.639190377903786855e-01
2.595409949013555706e-01
1.714214848770521382e-01
-3.736681933739031958e-02
5.708194526045945287e-03
2.108056042513790918e-01
8.334356811253677833e-02
-6.815514861040998518e-02
-1.786776796732618758e-02
2.251135178040060691e-01
2.287872890770610568e-02
-4.250975904462726135e-02
-2.436928389781071319e-02
2.680237418176533229e-02
2.352859014584913686e-02
9.315734408372376707e-03
2.921360649333602094e-03
-3.802477924789072344e-02
2.238515453143841150e-02
1.431282686149378284e-03
-4.917888961920941805e-03
-8.363244543401592013e-02
-3.821657009586386655e-01
1.937344897141430114e-02
-1.146620497130114089e-02
-1.118957111754247113e-01
5.215181369684545459e-02
6.355232396022219134e-05
-4.516315779620296011e-02
-8.282094581489915508e-02
-1.896920986419370903e-01
-2.514714992205749691e-02
2.099472299727793076e-02
-2.389639645920217312e-02
-1.969800609643967276e-02
5.546673621181742453e-01
5.129696098823335326e-01
-1.584578426418894737e-01
-4.956240595454250997e-01
8.417120617097635371e-01
7.790700350346765335e-01
-3.750205076868324827e-01
3.246454626266401765e-03
-9.695875152432850697e-02
-9.039533584138308153e-02
-8.121839406307157505e-02
2.242315901872425979e-02
4.651052080271217415e-02
7.158076290644935225e-02
-4.727559835634835735e-03
-7.881867095724299013e-03
-2.044853922929627463e-02
-3.845030347246020108e-02
-2.183191970233316556e-02
1.963949325187477196e-02
-7.846598717636614180e-04
4.507531620912039877e-02
3.080087190060908781e-02
4.011157136666910344e-02
6.002013278195124368e-02
9.091149892828052567e-03
1.135550658096086754e-02
4.789949973138381972e-02
4.611765459026074404e-03
4.441252672026104820e-04
-1.652879383148326414e-02
8.128335177776531764e-03
9.013450427285318780e-04
2.295688101245620394e-01
1.401143288416110619e-02
-3.804763299780224844e-02
1.320760390409498608e-01
5.443521631532441951e-01
1.283633034428918740e-01
-3.602254632830177716e-02
1.285686340635133762e-01
-9.564691938320347975e-02
1.385924056147967189e-02
5.349992806290389258e-02
-1.107068730047238488e-03
-6.184183569384013243e-03
4.863304794662808017e-02
-1.153257076911883873e-02
-9.263961718342332910e-03
3.610336989559551762e-02
1.585057170108983837e-01
6.984767617852280855e-03
-1.181022762363957875e-02
-7.408922988958589750e-02
-7.350662859960956086e-02
1.256499979685102020e-01
-3.611079200898993299e-03
3.012243948515668738e-03
8.942014822290952208e-03
5.829938591834924605e-03
1.039265618179755803e-03
-1.862329205791229680e-01
-2.419415181813145896e-02
1.938137018187796601e-02
8.514625064333907617e-03
-6.299501694207902680e-02
-3.895900269256888371e-02
1.101007479949104272e-02
-1.203747916108420350e-02
5.053009780669076058e-03
-2.068647576074945243e-04
-6.233901675037850296e-03
7.690549141919142753e-03
6.847031983083419092e-04
-1.229955688346039263e-03
7.986612374443197507e-03
3.033571895987179079e-02
-6.618840279100037319e-03
3.250418107931932633e-03
4.156849373997624324e-03
3.960775946594682559e-03
-3.039898807903724035e-03
-1.214205134196506657e-03
1.502338247662915113e-03
-1.821446956048524855e-03
-2.058954995375842090e-01
2.537255129173740173e-02
-8.573969324589281529e-03
2.081795655664244599e-02
-9.430348678843349097e-02
-8.216434599411128262e-03
1.141309039936468962e-02
-9.815986021849436305e-02
2.015829610171754049e-01
-1.229164646336246454e-02
9.609309109103746777e-03
-2.058262872524254609e-03
3.053342502356926613e-01
-3.397008560187257230e-03
4.954228228813862579e-03
6.988911523983974694e-02
-5.393179143835404032e-02
-8.820197169499284506e-03
7.005752727769463950e-02
-1.946234270030909250e-02
3.704944137147345856e-02
1.343157858285208388e-02
-2.869507851335225887e-02
1.838413867506412391e-02
-3.368550815462426073e-02
-1.315119673112728760e-02
1.442066468603647950e-03
2.659840704605134221e-01
-2.912662075961600441e-02
-9.393769215182572879e-03
7.650732713501021687e-01
3.713706344786060765e-02
-1.068543560144454008e-02
-3.760182897790889742e-03
-8.722673326558162687e-02
-6.227377561617908515e-03
6.335232057925137446e-03
4.614447656410721604e-03
-9.681483613080925366e-02
1.451976874120002037e-01
1.120313871172731561e-02
2.533693970239279600e-03
-2.284129795695120230e-02
2.797141912465980415e-02
-5.117537395025910547e-03
-3.870189221187383261e-02
-2.343459443996099845e-01
3.292167453719213599e-03
2.647822290739663270e-02
-4.938966920628467920e-03
2.994173662655634158e-02
-5.092353327451778350e-02
5.982213955514688753e-04
-7.695559431794514460e-03
-4.353907866474210353e-01
6.452321669995897402e-02
6.713945771282679893e-04
-8.030129115749930907e-03
-8.660541588559032573e-04
1.671547165255227911e-03
-1.908927330247566639e-02
-1.262058353375244968e-01
1.654579006852259504e-01
1.728699399797610503e-02
-1.911397352454456255e-03
-2.516080052142519001e-03
1.251402236614794217e-01
-6.093147381059679617e-03
1.136648745068300458e-02
4.778006854486143568e-02
-4.567087363469792688e-02
-1.481538489323406052e-02
2.640783613345442510e-02
-4.165051642395234573e-03
-9.889713213065214840e-04
3.254472323144848994e-02
-1.492649876871770219e-02
1.664710549210812914e-03
1.380138994623705297e-02
-2.084967133280906867e-02
5.755477417408711056e-03
-3.704027919627497223e-01
-1.237848944923416496e-02
1.254171474680174070e-04
9.212773879656931120e-03
-2.263120723035973517e-03
1.440820380817260313e-03
-9.370560104589047493e-03
-1.634225165221859788e-01
1.422240964124949492e-01
3.002511945254939321e-02
-2.284665001926923424e-03
-1.798672933381303529e-03
1.800193088237056205e-01
3.138233288816732070e-03
-3.783136523827479968e-04
8.191051664369669583e-02
-5.621962451672234823e-02
-1.278390776011501667e-02
5.876643395190082886e-02
-6.425643552943092335e-03
6.123962118134941831e-06
3.826465779205626833e-02
-2.817836533738758351e-02
1.330213812269503623e-03
1.571491079832303475e-02
-1.684338278049781271e-02
1.068705251030373921e-02
-4.121491090535236435e-01
5.012021661352937529e-02
4.224410452686509776e-02
6.511928372053109593e-01
1.084871097471086676e+00
-4.356798233057514874e-02
-6.465721453486729386e-02
-4.928397334025024223e-01
5.429908167897121718e-01
-5.328981835346869450e-02
2.031585805423394286e-02
1.760752198179323380e-01
-4.086311210808115518e-02
-2.948057619381455260e-02
-2.140429777245815134e-03
6.271604001805190787e-02
-1.772310853147539556e-01
6.037519265503604217e-03
1.199288509018835991e-01
-2.778725660776074774e-02
-2.308970039552897535e-01
5.699186274297682320e-02
-7.554407028396428747e-02
-6.573191400641326121e-02
3.338119884043567326e-02
5.213961909315945747e-02
7.943554478729587462e-03
8.258758608900167858e-03
4.967909525946261062e-02
6.520364879525196444e-03
5.533093661179565304e-02
8.232585375470304057e-02
-3.800104602370882323e-02
-4.839672545041972390e-02
3.296001836696058063e-02
4.357564179022651446e-02
-6.647762964639713362e-03
1.892705283882405382e-03
-4.068363455264739290e-03
-5.322062573146353961e-03
-4.073575001998046979e-03
2.512101187371582056e-02
-6.560795595366006837e-03
1.798246022905450385e-05
-1.039821655074389716e-03
1.039241162671438595e-02
-3.659939644547745285e-02
-3.199793441823933771e-02
2.997394721301754883e-03
-1.509127837534764149e-02
-5.362836843788450734e-04
3.285183057058051539e-03
1.365264716991295389e-02
-3.861698718246032308e-03
2.944283123220610074e-02
3.397950020049587683e-01
5.560256869406623309e-02
-4.795403700499720895e-02
1.562184470807659775e-04
9.429869072212268555e-02
3.268724626003072231e-01
6.121975491058678776e-02
-2.619651640296606632e-02
-5.337297174402898942e-02
-3.349465954846207738e-02
-5.483621553207644779e-03
-8.488202930558111717e-03
4.257869684017545620e-02
1.191378056167495189e-02
1.837049614020006688e-02
3.380454271886787487e-01
-1.073787418228380891e-01
-7.584236592287914303e-02
2.135071391506467020e-01
2.260779208566306708e-01
1.033309789675751836e-02
3.057529998298081503e-02
1.706118415665668908e-01
-2.635135123673816929e-02
9.734406886931033093e-03
6.446276331026788708e-02
2.312118184044953048e-02
1.695966682264693492e-02
2.064205111721897565e-02
5.064854179374768395e-02
-8.902110959239114760e-03
-9.117167177023460800e-03
2.890421561984653567e-02
-3.559509310267486813e-03
-1.372171700059605058e-02
2.445083258301800760e-03
-2.915155317827285760e-03
-1.239801177591413200e-02
-9.076056856277211343e-03
-9.329751623533046878e-01
8.940945781646755242e-01
5.399209755638240127e-01
-6.509380474973410768e-01
-8.594703436161620080e-02
-2.503295781539565529e-02
-2.468998087951800383e-02
-5.928066068590843313e-02
-3.752804051211327402e-02
-2.789860210440162774e-02
-4.558222020080874431e-02
-9.116797717442255700e-02
-8.325693850832510678e-02
-3.981719433475237879e-02
-1.821720491135943656e-02
-3.282372728013704249e-02
-7.664638307864565098e-03
-7.391140374622642839e-03
1.065559070799277155e-02
1.593288910579059026e-02
1.319050493396553645e-03
9.035367422761736086e-03
1.618032140803599074e-04
1.190719295492326810e-03
3.190026068460271192e-03
6.206250031219270619e-04
1.718149273575520983e-02
4.997963929901302026e-03
5.800937051550188531e-04
-4.541580522207884496e-03
1.284471953566374870e-03
6.310081510499318536e-04
-2.172771417438136999e-03
-1.373120220993533265e-02
-2.177667055558134420e-04
-1.958886087596555838e-03
6.316568115290074198e-03
-5.665215993995923252e-03
-2.384135467867731784e-02
-1.318293283806554195e-02
-2.148397540337785086e-02
-2.046429496228277176e-02
8.046579715808771516e-03
-8.886195381706617213e-03
-2.920042400925401682e-03
-4.866204015781464519e-03
6.777425646626341130e-03
1.889529694811153444e-05
-1.046143849786407981e-02
1.231303172108227234e-02
3.437929045933590250e-02
2.203772975772390341e-02
4.717188721512451978e-03
-1.627777173165748104e-02
-8.421682967785313473e-03
1.673800513966463080e-02
-2.893693777335426889e-02
5.267225740685918534e-02
-7.058241363626715364e-03
-4.113188616247025198e-02
2.056124106844957680e-02
3.921972893775563240e-03
5.404986198891525290e-03
-8.846870291634469780e-03
-4.027559809488007736e-01
-4.413164841546286798e-02
-1.047468304463172184e-01
-3.415358112298896853e-01
-2.440560256418143961e-02
8.558606659132311084e-03
-8.224750717222274049e-03
-4.097519224677837954e-03
7.113708921588458379e-04
8.600371898708939616e-03
1.450370863053204382e-02
-2.083932914575330978e-03
1.992117730848623133e-02
9.488285997026831009e-02
-4.947742014629783261e-03
3.544053714014534090e-02
1.372374874564986358e-01
1.367866202119050710e-02
-1.370577592292256293e-02
-9.079632061719249136e-02
-6.212646771183518574e-02
-4.341436363279564670e-02
-3.141616179060758435e-02
7.517009536902387323e-02
-3.523847673397144387e-02
1.993068355238136746e-02
1.945812970208846485e-02
-4.555251875652344823e-02
-1.233614825582517865e-02
-1.625104363337455220e-03
6.760731172108540819e-03
-1.124402515555561824e-02
-2.966737150695022626e-02
-3.010988881727183920e-03
-3.334119701752882338e-03
-2.002718670022894058e-03
-4.276813851207970398e-03
-1.144639885018836588e-02
2.365862737964671489e-02
-5.676440354801578353e-03
-3.770984795653162941e-02
-1.520590946937717958e-02
-1.067558916040484140e-02
-4.118303385612882839e-02
9.545865551611836669e-03
2.380837309543383344e-04
-3.691991264935578360e-02
-1.356227861431699624e-03
-1.841954573008088014e-02
9.730317322661091034e-03
1.020146449262604102e-02
-3.742394390850993513e-02
3.801040527265080442e-03
6.421839382856515087e-03
-5.311901557609409116e-03
1.654530975511776802e-03
-7.144337751521387392e-03
4.936588495111958810e-03
-1.092095547470509596e-02
2.082686602672671142e-03
-1.941513232763719286e-03
2.574739191134613712e-03
3.492442197532049861e-03
6.474159152270137852e-04
-8.608929916091648260e-03
-3.788360466314694055e-03
5.268312784884825357e-03
1.477687381264752506e-03
-2.514605124136989802e-03
5.418242137929417217e-03
-4.231401061675448688e-02
9.555806611087382108e-03
-1.489563036714145784e-02
-1.388542662960766567e-03
-6.657962463093356105e-03
-2.241648743553562376e-02
2.561606838508265118e-03
3.288271311865900888e-03
8.726738778914621547e-03
7.936018695333061507e-03
-2.638651466598972237e-03
-2.917469125877235510e-03
2.137563194635384509e-03
2.352467777730119294e-02
7.666728843996710452e-02
1.803336204489338485e-02
-1.995831876874617009e-02
9.653509991573860916e-02
2.202822136683243170e-01
4.634222555524290799e-02
-6.652001026545183160e-02
1.146636356530563172e-01
-2.477695810384913933e-02
-1.223308225896165176e-02
2.099380959571007371e-03
-5.056088679345028397e-03
9.652784807431188940e-03
2.463307474966564686e-02
-4.643371337654160491e-02
-1.180303443077132530e-02
-3.280650987450379336e-02
-4.707535844039737599e-02
-3.164410870087502187e-02
-2.530928332214133630e-02
6.687282819980789987e-03
1.961201714219284499e-03
8.493039352719622403e-02
-1.474123709153801060e-02
-4.517523106551694645e-01
3.758990083237839092e-02
8.404081549725599121e-02
-2.385717114220166912e-01
-3.230803037693642799e-02
-3.414295795759033497e-02
-7.443932614306447704e-02
1.242453576401106666e-03
-2.372507065427352790e-01
-3.714527700984981973e-02
-1.947327124031734413e-01
-7.174031104051715735e-01
-2.229885489434051821e-02
-6.693197964043380577e-02
3.456785896982204204e-02
5.260445167846948544e-02
2.652225471407395480e-02
-1.951823586693693033e-02
-1.219980397342825505e-02
4.136461592515128238e-02
5.997344648169844472e-02
-8.885328916523065404e-03
7.800163096388781914e-02
1.181684064933708755e-01
-4.881945212673206684e-03
-5.200074228844652272e-03
2.410679383474840197e-03
-7.761569674523270852e-03
-6.350487218430012938e-03
-2.070602518590466956e-02
3.080955854015810305e-02
1.913528281119436861e-02
-1.306105180055964522e-02
-1.074380238324389343e-02
-3.732872085103083881e-02
-4.344037211217001426e-02
-8.318398048671687625e-03
8.037056203496418388e-03
1.242270677233496198e-02
8.191664063412221197e-02
-1.762364294092083616e-02
-7.450595456024992035e-03
-4.995880595210749463e-04
-2.117581725899033915e-02
-9.034139353578416604e-03
-1.600212129959798640e-02
-6.317465097515679098e-03
-3.842777173809966331e-03
-4.474657940586724766e-03
-1.196248678589234733e-02
7.499968646054950075e-04
-7.037806144424098298e-03
2.224167514455039907e-01
9.631762737075416636e-03
2.942101050716628557e-02
7.343511644403889760e-02
2.085997150332573880e-01
5.344458305876599070e-03
-4.401505130359630209e-03
2.895744820684729159e-01
9.406391931825028654e-03
4.881970215108392269e-04
-1.011812677628162564e-02
2.876525387233309222e-03
1.132178338253944129e-02
-4.978739467064431656e-03
-1.473182119000231941e-03
1.075551922193168641e-02
1.234082172799254654e-02
-4.471440489850317390e-02
6.159079739894922356e-02
6.017833817244513245e-02
-1.043920607836204412e-01
6.616038553189022842e-02
-8.448343371933324242e-02
-1.050648724593119532e-01
4.208920449778123275e-03
6.563209913051629499e-03
-1.297434530902391407e-02
9.614065734747084119e-03
-1.485692805483099233e-02
2.945378501765173740e-02
-1.899776751104049685e-02
-2.031787829761874664e-01
-1.170720110036818501e-01
1.639815077725391423e-02
2.010605901622521466e-02
-2.089280232648332569e-01
3.267412489656706161e-03
-1.955651947645506081e-02
4.338501272057102010e-02
1.542683375239357543e-02
1.400624982064830985e-02
-1.005097831995422145e-03
2.815256872406257660e-02
-4.070266844397402162e-03
6.326637613670398758e-03
-1.538993989191520494e-02
-6.464169250577636409e-03
3.074585350151976329e-03
1.824278552596548955e-03
3.819440621756562803e-03
-1.345295418511201213e-02
1.858451131538475451e-02
1.508718866188780983e-01
1.215340587233345974e-02
-3.110058504719204545e-02
3.107931285941691879e-01
-1.103605402639285318e-02
-1.409812235710032335e-01
1.560295127974540008e-01
2.467808174284098488e-01
1.050835660868005422e-01
9.982044598388603585e-02
-1.371184348778863721e-02
-2.367492717168498129e-01
-5.552165226978212909e-01
-3.611601037654871837e-01
-1.012344950905983421e+00
2.260727113461041132e-02
2.080741036503492430e-02
-2.683250868143614576e-01
3.154929624197984062e-01
3.174423041264311934e-02
-6.227957024460315516e-01
-3.281090411102868254e-01
7.568986484807638249e-02
-5.271363505936474403e-02
9.495776490023240257e-02
-2.837560599234724597e-03
7.542612877638442681e-01
3.722082159019813319e-01
2.410028985417709824e-01
8.755525476906661844e-03
2.644366579618736245e-03
1.039067800424449232e-02
-6.791167430697900818e-03
3.722114129684099288e-03
-8.945157081184810849e-04
-1.374750502232811519e-02
1.422501184725420177e-02
8.873204279171105491e-03
2.238438983494334469e-02
-1.776065085864872786e-02
-1.516141353266279787e-02
-2.479610774579291479e-03
-1.110771747999643455e-02
7.989516693993288510e-03
1.470896939966820762e-04
8.493674594617511148e-03
1.921066900968607452e-02
-9.776167768079565765e-03
5.025917852167831497e-03
3.224482019395070922e-03
2.907607818870197244e-02
5.357719277080457906e-03
8.730342563973801998e-03
-5.244030176246116878e-03
-3.290761913450142989e-02
-5.084032577099666279e-03
7.066975571223248036e-03
1.096760837795313602e-03
1.884511505577273578e-03
1.499808551120870165e-02
2.390499371663121556e-02
-1.441108405311568655e-02
7.524473949429031326e-03
-1.178454250824689381e-01
6.968518127763301262e-02
3.421421633852216038e-02
-2.604885120311896674e-01
-7.955442622701278110e-02
3.929175093572184058e-02
-1.216982150539686891e-01
-1.044438138293466850e-01
1.451978581345068908e-02
9.393907659804115462e-02
-4.164931306911707348e-02
-2.008302869748411143e-02
4.777251848040604473e-03
-1.908865028676686587e-02
-6.946496157418585900e-03
5.501359494989458213e-03
3.574741089859567039e-02
2.288561062171913865e-02
2.328438338999863286e-02
-1.695550829033554974e-01
-4.968168615920216975e-03
4.730342315889351362e-02
-2.377733477005470816e-02
1.366108834389386795e-01
8.726044621329397122e-02
-1.110800249366552216e-02
5.338631150314801337e-03
-2.382493281197621549e-02
7.065321001109425847e-02
-2.133269207697008384e-04
-2.590738536359893374e-02
-8.756678951542383894e-04
-1.046650743726560036e-03
-1.987925376768211877e-04
-8.812531028274252914e-03
1.398475562202893333e-03
2.502821780511437985e-02
4.344879527969983113e-02
2.240845042466557691e-02
-3.295116190691810276e-02
1.312687883186520674e-02
-2.375972044422323959e-03
-1.627037069148278535e-04
1.791749697840803318e-02
-1.120326923300065010e-02
5.982831458602146796e-03
1.417980319715671927e-02
8.698968050053254575e-03
-1.713088127357539209e-02
6.568827214905274825e-02
-4.619343713405103287e-05
-3.360235791562414184e-03
3.360009441443088420e-03
4.046589173407437456e-03
3.717870025391474369e-03
6.862838098302044901e-03
1.258015325723732536e-02
1.605430721545445666e-02
-7.252244616284861389e-03
-2.197576144521286561e-03
-1.399142259445860549e-03
1.981147296150169088e-02
-4.469969216636000137e-02
-9.167650821428011826e-03
-2.130018847061460746e-02
-1.079595579491988144e-01
-9.309867782587624360e-03
8.751472262330561511e-03
-1.573303490057164494e-02
-5.228410260673951176e-02
-7.868536519293846182e-04
-1.742530835343431093e-03
-1.886007942986283551e-03
-6.108295182921223872e-03
8.554867362977775294e-03
2.463666714114407137e-03
-2.800091684417981702e-04
1.717312945586803308e-02
-9.202446539467010189e-02
-3.392949419099187125e-01
-1.133796790579934613e-02
2.262961666320927739e-02
1.771302665799609488e-02
1.913373310693405535e-02
1.066187279632398732e-01
5.655586957120296576e-01
1.304440815194988796e-03
-5.881921385224807980e-02
-3.642042301454179176e-03
2.073611829712203834e-03
1.113872500779135646e-02
-3.644402568369708648e-03
8.246399532367984725e-04
1.041356341404221370e-01
-5.625719796466408656e-02
3.135388252395388681e-03
-3.798777760322333014e-03
-3.824133858966682897e-02
-1.301897170328303668e-02
-5.967615232975645835e-04
1.814545608395976104e-04
-1.482087346689727608e-02
-1.311238905716343578e-02
1.922495661991744384e-03
1.313113289510025195e-03
1.529868849451104622e-02
9.579845938609096723e-02
-7.927953160508982577e-03
6.544593985747830175e-03
6.088851049334169374e-02
1.685588407213592724e-02
1.247441129386083619e-02
4.721212915169894532e-03
6.269657483180973191e-03
1.154559393253557203e-03
-4.534297514214469249e-03
-2.814904581246770524e-02
-2.105693720255745818e-02
8.021755865610838421e-02
3.218083128836681656e-02
1.286929664322544221e-02
7.514278869341278755e-03
1.504587534341716992e-02
-1.467526385879628498e-02
-1.345277114825697840e-01
-5.273239445405512177e-02
6.573785941661573762e-02
-5.937138855606130007e-03
-3.292721880543414848e-03
1.659058856223135647e-01
5.985749295593055519e-03
-2.927489255787756343e-04
5.003750775226292183e-04
-5.508993864125778794e-02
-2.117336361079266704e-02
1.648842092336130251e-03
-2.660704374866482754e-03
4.346228682596506819e-03
-1.744140130706406389e-01
2.025210299710885394e-03
2.327566487873887480e-02
-2.550728171806936340e-01
-2.104009023305278975e-02
-6.494374076201635260e-02
-3.096194236157891883e-03
2.471930627399850089e-02
-2.463509831111452674e-03
3.210439500857240926e-03
6.868168890319643893e-02
8.154989040969130853e-02
-1.323441270461976106e-02
-1.220798210771102121e-01
-3.348307638145281429e-03
4.050280011895906335e-02
4.068845083546209634e-02
-1.904835108082408857e-02
5.795242590568621538e-02
2.525800864520639233e-01
-2.463652436926046796e-01
-1.292043962032068775e-02
8.816989725189536276e-02
-1.473196957411960772e-01
3.323149389641874563e-02
-2.836004002154999398e-02
2.473117892081803659e-01
-1.726706284349869558e-01
2.872832999301127080e-02
-4.430840733823450915e-03
-2.562940223894466518e-01
3.546927876025666310e-02
6.850556062857020290e-02
1.584029175931340183e-01
2.756939146144302133e-01
4.473962865425241964e-02
1.298030965514581671e-02
-1.284644455759956748e-02
-4.540575516391320843e-02
-1.636295596233273975e-02
-2.833778462292243453e-03
-4.554106381545620919e-02
7.746247464076917721e-02
1.428540250126282204e-02
5.297302027948398717e-02
4.065333685157114518e-02
8.372163009839480100e-03
-2.407231858917532191e-02
-7.987785851305125029e-02
1.286745908446676190e-01
-4.884376608167388667e-02
-4.951575077853125062e-02
-6.083082394925192621e-02
-5.853185360230328538e-04
1.104518314737570911e-04
-6.532623056637923940e-03
2.054028861666438999e-02
9.607807217845638903e-02
6.650049909436775430e-02
-4.906213345255319713e-01
2.350453877363137961e-02
4.918681010536935655e-02
-2.890187469268902243e-01
-1.463953661903859282e-02
-2.474429074861255948e-02
-3.269981214780907398e-03
-1.608203761574304447e-01
1.042653986364440594e-01
1.512168994070114958e-02
2.421285323854925967e-02
1.810330055005811289e-02
6.492564504026734351e-01
-3.241058016612989590e-02
-1.015649603232637449e-01
4.592276690680049955e-01
2.873635269851856563e-02
-3.199159126269185416e-02
1.832201066509879170e-02
4.243540472756957699e-02
-2.560783735731485267e-02
3.524467928138800502e-03
-4.102440999093383972e-02
4.257057434906339616e-02
6.430280564645870500e-01
4.366301047913391797e-01
7.718746239168312873e-02
2.229968956232379063e-01
-1.413237778930763466e-01
-3.928395919234738132e-02
-8.561404577916671421e-01
-7.129374017717852174e-01
-1.314827446138771561e-01
-1.666655845390661948e-03
5.140519914308987540e-03
-1.436760725268551586e-01
1.320921275907986636e-02
-2.589298368463978373e-03
-1.088095528684055379e-03
3.826038854176946977e-03
2.897371663454128415e-02
-5.445293470473077654e-05
1.852258570121151967e-03
4.909029642127460879e-04
1.421836842880323526e-01
7.361366820131286064e-03
-8.937937418816573401e-03
2.031116128477555571e-01
4.780399663898212553e-02
4.774646976058970205e-02
-2.472806773441923924e-03
7.416583188591461921e-04
-6.504283738616078482e-03
-4.270050876487537991e-03
-6.553259138271297357e-02
-6.417850031432699442e-02
8.673705554493826853e-02
1.128692263378653637e-01
-1.366449648822710972e-02
-3.379037745436455718e-03
-2.528051008305859035e-02
1.130746803133934018e-02
-8.160944011559914668e-02
-1.826885393629804066e-01
-4.484779780888977774e-01
3.722898846412910773e-02
5.971038519560670915e-02
-4.609982505048552670e-01
-1.134548780214664765e-01
8.473983675494317636e-02
6.446343203364526264e-01
-2.707841602342955789e-01
1.100281884722304100e-02
1.522662019060163838e-02
-1.261849073220642214e-01
6.813477656169178442e-02
5.410713778494082721e-02
3.003401802704833146e-01
4.560746286356782975e-02
-8.653731248255229491e-02
2.437032319912977186e-03
9.744738279577789056e-03
4.121637075152516372e-02
6.217683230900303108e-03
-5.785131140137025028e-03
1.344375353501600923e-01
-5.802920748297001746e-02
2.003241793028726070e-02
2.860095255407022028e-04
2.441187821325693319e-04
1.916001863466644528e-02
6.543694838341100606e-03
1.109468920101054060e-04
1.222317071279698289e-04
2.542411623380789326e-03
-1.283465555728683927e-01
7.999947197553391488e-04
-4.601869678162991768e-04
-1.772136728942999562e-01
-1.374230170073262591e-01
-1.962639608377549351e-05
2.176067666635932932e-03
-5.369192779322783798e-02
-6.276073395828665746e-02
6.087805444877070465e-04
-2.102362239812171837e-04
-8.669375346088008250e-02
-6.738072345000171992e-02
6.753484554975173755e-05
1.400845980682085190e-03
-2.892860689416842587e-02
1.830794241017449642e-01
5.146356517647467099e-02
-2.395990107555216395e-02
-1.236949969807097857e-02
3.049285999030097380e-02
-2.632008096126789778e-02
-1.234867780828401325e-02
2.149663844313173203e-03
-6.316268645107156465e-02
-4.937685167247405846e-03
-1.187507865576070644e-03
-1.450508249161562048e-02
5.900473674793346897e-03
7.436497555624810513e-04
-3.784432874055016199e-03
2.006150558116352994e-03
-5.656583460873920374e-03
5.693870935152173761e-03
-3.990616083757925724e-03
3.031018162830296028e-03
1.035375353358558986e-01
2.939401576051499723e-02
-4.809958352399335002e-03
-5.045272931349665743e-03
1.580459724057678081e-02
-6.288023480992667794e-03
8.438104992055816059e-03
-1.665950244250100423e-02
-7.607865134734221506e-04
-1.400469972687573171e-03
4.157716978647443460e-04
3.739145116102518367e-03
-1.616650275475115884e-03
-1.004197031925753133e-03
-2.544173045387594992e-05
-4.141407821332279503e-05
-2.654386427295752499e-02
2.662596018466317771e-02
3.234712839285016316e-03
-7.421445978636444056e-03
2.562362240530918767e-01
-1.921229415929807255e-02
5.642620171113621637e-03
8.821820480753281984e-03
-7.042539258547999420e-03
-4.101495491068015385e-03
-2.973044288703645122e-01
-2.573485061234513996e-02
5.293802513015792403e-03
-3.245795171717247296e-02
2.314772028580638560e-02
2.046545125489073261e-02
6.049407414852489735e-03
3.062529590058137366e-02
5.941252913382152889e-02
1.204199045518691488e-02
-1.111197454834267524e-02
-1.715607747016104697e-04
-1.441269391454792748e-04
-1.010023044966750980e-02
-8.865103107526197844e-04
-5.469009763337791757e-05
-5.578331317313420587e-05
-2.526367461537149060e-03
2.305873840252687518e-02
5.819289207051476229e-05
-1.287111706920148250e-04
1.669717624959015517e-02
7.287735420934714214e-03
-3.212240308734505513e-04
-6.179961971617744015e-06
1.789854106372690615e-02
-2.075286456227400794e-02
-5.237360285887740361e-05
1.158400536189815579e-04
-1.502745862463107998e-02
-6.558961878841803456e-03
2.891016277858040229e-04
5.561965773698432558e-06
-1.610868695735465095e-02
-2.463973097016687597e-02
1.418345294165416770e-01
-1.370051874539692351e-03
5.491913216785643433e-03
-1.164642407265845808e-02
3.873589268962951415e-02
1.644853599888786433e-01
-1.005824966623858688e-02
1.526221970651699643e-02
-4.562855957383930849e-02
-4.804780791902448812e-03
1.164252713397146040e-02
-1.942171818661512783e-01
1.051836841564879194e-01
8.143651283586385292e-02
-4.685594434606094559e-03
3.900103633666276819e-04
3.522691855449176096e-02
-1.551816979551543484e-02
-1.591336447303853818e-02
-6.820042901398613855e-02
-2.782686886501802015e-03
-2.686598481038095232e-02
-7.240194654801628861e-04
-5.907299753406875659e-02
-2.573533050505858941e-02
-2.109725984107444288e-02
-9.515564432063246952e-03
6.080913420068432412e-02
1.349086149157338599e-01
9.773411716528661308e-02
4.510459839292169267e-03
-1.924751566890455304e-02
1.356275006659059534e-01
-3.406422983677441507e-02
-2.946932286149255703e-02
-2.466464838341487359e-02
-4.837502546068236237e-02
7.028632494226067775e-04
3.626996592378781397e-03
1.070833736594615148e-03
-1.327153984385724857e-02
3.995270417963263376e-02
3.259267404296829675e-03
-1.364646544883673079e-03
1.011651973275023812e-02
-1.989597970267384299e-03
7.960163638154374097e-03
-3.414495610826244476e-02
1.963511082210663700e-02
4.825128431076812843e-03
8.466770062062740562e-03
3.623294786893468955e-02
-5.037083609618114161e-02
-4.838702538613731154e-03
-1.302436185893562567e-02
8.415910924472326526e-02
7.047738891041341325e-02
6.010632536365694001e-02
-9.879061440179993936e-02
2.237015275033406650e-02
-1.508512738059959387e-04
2.650213981654961706e-02
2.566722437606337726e-02
-1.208455428622486061e-01
4.552286705979693981e-03
4.660747575161694120e-03
-5.363185379505797795e-03
3.547070159202704229e-04
2.556189700161948328e-03
1.300360452215533870e-03
-3.916963931179908223e-03
-1.729156506781353349e-03
1.452006259031034772e-02
6.002376565311034334e-02
-4.121076191786315207e-02
3.494339042421708025e-03
-7.679172496647114444e-04
2.070619898764841302e-02
-1.143659399454020724e-02
-1.307516451907770605e-01
6.624636913331974353e-02
2.199459338316687562e-03
2.853467264663263250e-03
-6.599636173077733092e-02
-2.369296494291577293e-01
5.021750227906750935e-02
9.313755952400262772e-02
-7.479885865753208192e-03
-2.661410911358383629e-03
-1.191000264114868736e-02
-1.921810178099365302e-02
-2.630604151624285625e-02
-8.456245481930696473e-02
-3.175635818211893641e-02
7.095195635891983488e-03
-1.528375827832614657e-02
6.716081105990732991e-02
-2.337161380627043178e-02
9.315389919560148821e-03
1.061225831968195393e-02
5.448350080754544439e-02
8.079301850090238324e-03
-1.899847514491194087e-03
5.402489823140373820e-02
-3.293456516138811019e-02
8.869447215296175774e-03
-6.000430893466330391e-04
-5.602537864670012469e-02
3.955569558400961333e-02
8.310363306136052896e-05
-2.212687731704751550e-03
8.481509003362544324e-04
-5.061366180319669221e-03
9.911412014926897218e-02
1.264679623269318598e-02
2.677118920212402404e-03
1.937682234663613487e-02
2.721995055959536541e-03
2.382597663155163348e-03
5.196404779866947016e-03
-8.591872731178363046e-03
3.377915166891367260e-04
4.369152392705919277e-03
-1.626695809478783949e-01
-4.111438419380353260e-02
-3.394642860498080683e-04
-4.264607695827550321e-04
2.120700862075706929e-03
-5.104821396756882394e-03
-2.663338814442160751e-02
1.200845027643416066e-02
-1.269365354991995251e-02
2.579774960105687964e-02
-4.303463949983843862e-04
3.560222564579287874e-04
1.436813729510359565e-03
1.036969346627313873e-03
8.770178832532134162e-04
5.766574276166067450e-03
4.467895078043477436e-02
-4.099039245984412855e-02
-2.269044985835138098e-02
-3.428379138740092827e-03
-3.065693123368599116e-01
3.295994391053506251e-02
-1.629937107502666543e-02
4.601257588221229627e-02
6.363158247381789367e-02
2.995191584771251248e-01
2.154661639476451382e-02
6.964105134748369529e-03
6.479634938213589893e-03
-3.263795324158363237e-02
9.462467131972128118e-03
1.046569145903146784e-04
-3.159549153321842413e-02
5.869772945239355028e-02
-1.354132556668651184e-02
-2.870359799049698735e-02
7.837460058859957793e-03
8.803308043928341139e-03
-2.419362470451956112e-02
2.037406942847205457e-02
7.611011504636104597e-02
-2.826487139076748825e-02
-7.555573107138004521e-03
2.082287136163157512e-02
8.919813450376365069e-04
-7.214802885985947128e-03
-9.863126336036442000e-04
-2.497862549215469543e-03
1.008976289456663469e-02
-4.094705763268501053e-02
4.176775547736768894e-03
-1.049349330551119664e-03
-2.005260280538921115e-03
-1.335510183735612137e-02
-5.645371140793111484e-04
-7.811657774493429738e-04
3.571616040768985198e-04
-1.306347638177434746e-03
-3.689121710624528906e-03
-7.881891715912804760e-04
1.170612485363854488e-03
-4.214358058027089723e-03
-8.524564938190679758e-03
1.726091688023397713e-03
2.441812955231131409e-03
2.006458983804177212e-02
5.764855474750365041e-03
1.744766179999863998e-02
1.527489646533027078e-04
1.514820059677784688e-03
3.954688503144126338e-04
1.019117203972047525e-03
-8.466040011379226751e-03
-2.813297098366775856e-02
-1.259878547923801899e-03
-2.218939673649579850e-02
1.876354466942913805e-03
-7.816237721335431458e-04
4.528151634257335245e-03
1.481864903101321644e-03
1.989088074926903624e-03
3.814262200642191264e-02
4.308527328565956924e-03
-6.561916068502357318e-04
-1.007954243249285266e-02
7.369253937567207813e-02
1.766472152668051993e-02
-1.964104337966573067e-03
5.686853294556646612e-04
-4.071229340074501539e-03
5.507857096003829353e-04
-2.634678873980711260e-03
3.861178321903834475e-05
-1.924220287549353522e-02
-1.245113783269892818e-02
5.156790303522448132e-03
1.640622351230245496e-02
-1.221753796529778946e-01
2.379990004366998660e-02
8.283229470552224815e-04
-1.671251308241775537e-03
-2.330867862874522623e-03
2.807185185873400674e-03
5.733174199174614037e-03
-3.778903728773792825e-02
-1.531821445460637178e-03
-5.184460801729267460e-02
-9.721858252282852830e-02
-2.500739773658890164e-02
1.239225090348924745e-02
-7.129622577009955831e-03
1.385395240554031238e-02
8.703337811499750609e-02
1.612037688292509152e-01
1.801237312475041652e-02
8.933912844599560879e-03
-4.761549740283082567e-03
-4.050449706767460765e-03
1.250045279368339375e-02
1.270994957706780750e-03
-3.318267633082282869e-02
-1.436488715150919214e-02
1.208889243616909732e-03
-6.546699208292377061e-04
-3.603419115490467083e-03
-1.176392500914706695e-03
-3.895928839981175479e-02
1.000692911969729842e-02
-9.319921304483830618e-03
6.417241788988917173e-02
5.824231917865482083e-02
5.681314768473035882e-03
-2.031367867129510105e-02
-1.181671867956581717e-02
-3.424514005085186469e-02
2.721524517221845380e-02
-1.907051988185052421e-02
-5.927141185670774942e-02
2.808868415578187269e-02
7.881131789919795794e-03
-9.495957279780970275e-03
3.674236375005179162e-02
-1.367218032144797493e-02
1.147869300274518721e-03
-2.770888408703304703e-02
-5.845547931644436146e-02
-1.507393800318408972e-01
3.217111480167252763e-02
1.350875100755799703e-02
-9.564036291611175897e-03
4.151141141822643765e-02
3.081678456795122409e-02
1.049902031736470870e-01
-1.215113248616124103e-01
-1.277340061994367698e-02
5.851977678515078024e-02
1.089675552570431444e-02
-8.831913344521228650e-04
-1.360375720275153796e-03
-7.825793935412086842e-06
2.517461671588240232e-02
-9.309928119192684148e-02
3.198659886908512134e-02
-4.204526055900238701e-02
7.449533365532164803e-03
-5.286140133892581854e-05
-8.484444698458068566e-04
2.155256710919427419e-03
-4.703839946967117158e-02
6.777157528360577832e-02
3.381628092570858335e-02
-8.547705018030437446e-03
-1.018506310626426893e-03
-5.220369481986378291e-02
-4.677898824210218083e-04
5.911793539326629793e-02
-2.945970234558715345e-02
5.133431859642405802e-03
-1.989263847957083511e-02
2.346296267234334644e-04
2.045561158146166555e-02
1.788056314071638786e-01
-7.011100282460464884e-03
-7.074442494790759810e-03
3.543955133511954292e-02
1.505945564249659176e-02
-3.285559770195772833e-02
-7.757654976348959952e-02
-6.074345620231147436e-02
-6.960986856039394488e-02
-1.602678453040232501e-02
-3.859155580360340565e-02
1.042622935441233321e-02
-2.081775440693710809e-03
-1.847754151270844802e-01
-1.393244549050057235e-01
1.378107066688054501e-02
-6.367400420168445666e-03
3.345540309287594466e-02
-1.049573026473414050e-01
2.523828206516452385e-02
-3.098870694975388641e-04
-4.746880158324493035e-04
-8.103955165859686588e-03
7.319486827397935214e-01
1.244336864315388237e-02
3.343928323241398843e-03
2.072162802366699919e-01
6.477637230445228989e-01
-1.562834104394229470e-02
4.568737733166302641e-03
2.451235008511191138e-01
6.169963323766264329e-01
-1.012699366445932031e-01
-1.118990961882217585e-03
1.338354852619880186e-02
6.079722329705106176e-01
2.680046944573945267e-02
-2.090285791131462907e-04
-1.535462313276051219e-02
3.677005172418965767e-02
7.564924196281289613e-03
-1.216245137892147700e-03
-5.532085351304644833e-04
-1.330881966299317098e-01
-9.649312119740975635e-02
4.485325970610757468e-02
-1.616751463324179322e-02
-7.547765041156112055e-03
2.258210711841328322e-02
2.118859487632367700e-01
1.625866540413086481e-01
-1.323144741955386942e-02
-5.403117748634012063e-02
6.064574347210793630e-03
-6.822649591898329036e-03
4.071849980038119016e-03
4.446869788529263581e-03
1.577576295760596894e-02
8.640166581972680282e-02
4.560517792188894387e-02
-8.704309513443045376e-03
1.778948808387247581e-03
-2.813017917246444718e-03
6.444298900719442821e-03
2.117042258942640302e-03
-7.339501042825401222e-02
1.723777361669753816e-02
-2.335816754966717895e-02
4.347675491779030149e-02
-6.678443546182057967e-03
-6.389090888962317000e-03
1.865210228852275456e-02
7.488266802026175006e-03
3.851665475968671370e-02
-6.399228801226808372e-02
4.366593050453970205e-03
-1.029045339734498262e-03
-1.336931512551704435e-02
-1.071177951096488005e-03
8.038720315937630811e-02
-6.088228607739619436e-02
-5.456771051902726058e-03
-1.284988596596452898e-02
1.264053971562989790e-03
6.397227050342313122e-04
-3.805926764693044057e-02
5.164784491614204161e-04
-1.402237523910583247e-02
8.416638193940470612e-04
-1.920618028800963589e-03
2.489711517959963469e-02
-1.704374824033739327e-02
1.283638532087835564e-02
3.604972941952412028e-03
1.804091735597573853e-02
-6.390552203632541249e-03
2.026922616128724007e-03
2.615269264405244154e-03
-8.657113965687352267e-03
8.603062874622402142e-03
-1.178809513122745746e-03
1.068696318491789594e-02
-3.092207184397317322e-03
-1.096991622849048317e-02
-5.319860883402232916e-04
-1.138664276895236509e-03
1.908613799273619835e-02
1.932070955332309062e-02
1.383378654620527615e-02
-1.291637643046969833e-02
-3.212992575900317643e-02
-1.577109631841654147e-01
2.001385240070774341e-02
3.310618892913622657e-01
-5.333388078310075803e-02
-2.401944098953666482e-03
5.231249120705155908e-02
-1.519539998149273541e-01
8.506989988634515790e-03
-4.966881468131507660e-01
6.582116913507848888e-02
-3.927266788577658124e-02
6.941752737338467011e-03
-2.813781673942590891e-02
-9.265642678670446553e-02
5.666906499984538347e-03
7.767179966441105018e-03
1.533840566781895232e-01
-2.656872829622002885e-01
3.198586367351356156e-03
-1.034790144069140272e+00
-2.073894773853916795e-02
-2.196051032385714641e-01
-7.232035688752393165e-02
7.277946056274982312e-02
2.798006090019705128e-01
-5.285862635071350013e-01
-9.164347406596036472e-02
2.374765060407055262e-01
7.864610609192049795e-01
-2.733804563523126174e-01
-9.434360135158385927e-04
1.848427610717023883e-01
1.350655151676201024e-02
9.802658664406787084e-03
3.001314964284372208e-02
-9.014585534488067653e-02
-1.390947689935215052e-02
-3.373972555021420572e-01
-3.439944707266261170e-02
-9.598503685503853577e-02
1.070940592157298976e-02
-2.906205531121378027e-02
-1.268549966804907725e-01
-9.787333065955755237e-03
1.132114151999405981e-02
2.133594967882423976e-01
-2.188490776270685112e-01
2.337145384821055771e-03
-1.060879371845832697e+00
2.604723507323521148e-02
-3.216488743440358289e-01
-1.175227079149947645e-01
8.126521042784586035e-02
4.905293398829083662e-01
-2.924962239489948823e-01
-5.067504875151405963e-02
1.491824231593722738e-01
5.351104907199177863e-01
-8.113192803379992712e-03
-5.267031409031492847e-04
-3.433600534267437082e-02
-9.889986230105361764e-03
8.165965897536819895e-03
5.919474691725776358e-04
-7.769654589788788090e-03
7.845012499554039793e-04
-5.884372430401790810e-02
9.166261232348112738e-04
1.277007320535296017e-02
5.851329258544164802e-02
2.520489967153219033e-02
1.826553659308370256e-02
-4.894253697527331352e-03
-8.041202383552907215e-03
1.725639993513007966e-02
-9.607995948831417332e-02
-1.918721609098813508e-01
-1.251400646753973167e-01
-1.071314154862562824e-02
-1.102519639569346337e-02
-5.553628321806991334e-03
-3.493917073629651451e-03
-7.562021220159018120e-03
-4.015311523587104478e-04
1.821290549179367321e-02
1.788171541920938190e-02
-3.584172663380253126e-03
-1.285725242360956644e-01
3.465131328646459813e-02
2.433960044788082908e-02
-3.897154332440853214e-02
1.542352474016667023e-02
1.449636084761347704e-03
2.059385103357415925e-01
4.043599478987935404e-03
5.724907197305706928e-03
-3.291436739886079502e-03
-9.701766356727768974e-04
3.466167540968576044e-02
1.184033918098741957e-02
-3.022340293979687217e-02
-5.140725247156101296e-02
4.681458476335770627e-03
-3.777146971027072007e-03
1.731817217545939241e-03
3.718676806546593262e-04
-2.430856733294338022e-04
2.184946385654253488e-04
-7.620133413568022131e-03
6.305695667960655587e-03
2.078804135049927213e-02
-5.566063045887263694e-02
7.812338464517560102e-03
-3.542504100989838159e-03
-7.209776406567371121e-03
3.099770234266081750e-03
-3.502914906538361073e-02
9.275451115007762870e-02
7.122916925045401360e-03
3.616309565898483819e-02
3.098721436479476982e-02
-3.174470009652729380e-02
-1.589771694397209894e-03
-1.952669259865130041e-02
-3.607063361230857055e-03
-6.326518485092777477e-02
7.782400686863320816e-02
4.302957069396866341e-02
5.127460476698959303e-03
-3.724604020134291218e-03
-4.021484940406484972e-03
-4.987525453938473213e-03
-1.271105600415013970e-01
-7.512708534070031141e-02
7.833782928095649883e-03
9.634037317776105586e-03
-2.734186646594462256e-02
-1.373223974692589777e-01
3.554758606004194185e-03
2.922059853365262423e-03
-7.410475194579341923e-03
-4.597609513799340644e-03
-3.191921758342766008e-02
-1.341290088302171668e-02
-8.670054673007304355e-03
6.194298415812363179e-02
5.502979109486667852e-02
2.754754688177571409e-02
-1.385258234025716836e-02
-2.983809665831782185e-02
-8.379841130957034132e-03
1.119222453252951676e-03
-6.906818467532893635e-02
4.239586627383624268e-02
-5.019905914349735709e-02
-1.749602046814764389e-01
1.267013894732049034e-02
3.143214638352099383e-02
-3.027899840665503745e-02
4.564003559082798790e-03
7.731153637622668884e-02
2.832477812764019887e-01
6.517907985967613844e-03
-3.237646821087755006e-02
3.087797087364746278e-03
6.317086199149811628e-03
-1.065806744154512362e-02
6.159474994334199031e-03
-1.291897399998657124e-02
5.121741755821587749e-02
5.555929888791392990e-02
-2.642132736450185718e-03
8.931696081291325487e-03
1.181067452252702009e-02
4.066665153039490492e-03
-1.073520134107621565e-02
-9.285245108326925512e-02
2.224698522486781918e-03
-1.384983808654204063e-01
1.357123945701091058e-02
-1.840662728501677586e-02
2.321550732407988704e-01
7.508129245302237742e-02
1.516075912502901080e-01
-3.377576966434919781e-02
2.245260872130374480e-02
-1.319602281516344955e-01
1.476801846970248258e-02
-2.569348823098663998e-02
2.162870717647997210e-01
-2.482034213345253246e-02
-1.076327412150034123e-03
-7.288188755942686184e-03
4.572552057885750920e-02
1.327437524203708141e-01
-2.172826410913194627e-03
2.311344872085804077e-03
1.684599775297238380e-02
-5.361673525882347177e-03
-3.503557523560177009e-03
-2.157664815990930907e-01
5.816166326022846091e-03
-6.490424053015651611e-03
-2.176480298028042083e-03
-1.522774877999294701e-04
8.266571892526488816e-03
-2.207730515629864054e-01
-3.266970653591656781e-02
1.172858656854332618e-02
3.587743480462684542e-01
1.943079344525230207e-02
3.064928326286050445e-03
-7.569592625923705648e-04
-6.854555901841208505e-03
6.095356631612709741e-03
-6.263630220721819793e-04
-3.078859379060028267e-02
-7.030523954194073041e-03
-6.868923396658587789e-03
1.764284959252326087e-03
-3.432661926873078443e-04
1.213878418020586034e-02
-2.751868893933114707e-02
9.512665776535767989e-03
-7.916815129564493472e-03
4.318571709696394922e-02
4.457152285568511396e-01
-7.395052733900027431e-02
3.462728799984468586e-02
1.440079270676281054e-01
-6.573671863364025092e-02
-3.797957701134624386e-02
-6.498107800455812377e-01
1.365175696323899235e-01
6.665929280303038718e-02
-5.999384105870315259e-02
1.393500594307731273e-02
-1.151867715991239799e-01
-7.718081893268888827e-01
-2.304786415897800145e-01
1.131230610705449141e-01
1.128017700221890740e+00
4.577443954723663944e-01
-3.148581185688418410e-02
5.620239943968787649e-03
2.142297802200243406e-01
-8.059256821343131760e-02
-3.481245735160261312e-02
-7.290406648509724086e-01
5.419117860624216021e-02
5.229891223593787636e-02
-5.347069999452746386e-02
3.061528298267757880e-02
-9.063335524511226260e-02
-8.298256848562024501e-01
-3.156989709246916243e-01
1.095017225751738765e-01
1.322344034384491218e+00
-1.097394495567352996e-01
3.282191187571077543e-04
-3.977802389468345495e-02
1.813601332605173921e-01
-5.823670616721035760e-03
6.740321031277298532e-04
-1.536353394908817130e-02
4.834162543400559280e-03
