9.316133679987838702e-04
2.772162461765698138e-01
-1.697217912754132516e-02
1.129666666666345699e-03
1.416333333332540911e-03
4.492564637444455139e-02
-3.031444554019047544e-03
2.254620097070311139e-03
9.672513826648458006e-04
2.255033498654573833e-03
1.266789622370994087e-03
-1.783333333334613665e-04
1.083333333330295485e-04
3.468735950355949504e-01
1.067231222406877893e-02
3.395555555555728779e-03
1.924444444444761790e-03
-1.542378354326000844e-01
1.542351752487549320e-02
-3.223388888889151729e-03
-1.935611111111295570e-03
-1.324898241571882424e-03
1.228796579581984500e-03
1.017078081376429719e-03
1.728525878361786153e-03
-3.228142721742853803e-16
-1.704277777777521560e-03
-1.491995147460492555e-02
1.076223506582749991e-03
-2.053699653338446568e-16
-2.058722222221799365e-03
2.805047522542035085e-02
3.427982447342527855e-02
6.240171783105024706e-04
1.118508459693708980e-04
1.940000000002774737e-04
3.539999999999970579e-04
2.826559241733607175e-01
2.835159916204809359e-03
-1.915666666666851177e-03
-4.023333333324664992e-04
-9.945202894974207800e-03
4.327444287850818437e-03
2.983333333298663381e-05
-8.268333333340164388e-04
8.891111111115140245e-04
-1.470833333333768957e-03
1.546888888889018767e-03
-4.034166666666881042e-03
2.030854471832471003e-03
3.595246499188349586e-05
-3.410151697127514248e-17
4.998045283355720509e-16
-9.379964622042390437e-04
1.039858420763952428e-02
1.032222222223986809e-04
9.877777777758730974e-05
1.361111111112799381e-04
3.094444444445235837e-04
5.388888888905158753e-05
8.055555555572269935e-05
3.634560666978625676e-01
3.410968889843007338e-03
3.124418323536674558e-18
4.901910649420486896e-16
8.706159313854419657e-03
-2.688274290024787738e-02
-1.839944444444909302e-03
-1.841055555556121368e-03
3.946999999998988644e-03
-6.457055555555679324e-03
2.687000000000049592e-03
-5.415944444444471470e-03
-1.133792456073585558e-01
8.437048566027493049e-03
-2.505933407490864256e-16
-2.923561065686276177e-16
2.501057245302546958e-02
9.504744005582757560e-02
2.093460080346674305e-03
-1.592397494463806615e-02
-4.882036532940100225e-03
-9.314281265319408363e-05
1.140436406488457358e-03
3.618098641192773720e-04
-7.882222222214286395e-04
-2.005799445524022572e-03
5.354995224199754879e-04
1.779831944407815961e-02
-1.183777777777127865e-03
-1.407418402449624011e-02
-5.009735253885636008e-03
-3.267909122979306691e-03
4.059961977183053089e-16
-1.013314784973415751e-16
7.277777777779020690e-04
-1.652715351555955267e-02
7.109919364817313646e-03
2.770735629940438913e-02
1.405650063966154851e-15
-3.590016785305611907e-16
5.522222222219481990e-04
5.095083320529697479e-02
2.691364737668649337e-02
5.012321523549428948e-02
-7.147130749722536459e-03
-2.346567414733317578e-02
-1.826355613331292213e-03
-2.013131729484908712e-03
1.113754438042115075e-01
-4.918213850357236461e-02
-2.149932991831709495e-01
3.454945314403951181e-04
3.937298248255478340e-03
1.326209778467089817e-02
3.200568743479157569e-02
-3.145258557848451574e-05
1.957099425920740682e-02
3.843825122431915320e-02
8.936097656405643866e-03
-5.229039655033393408e-03
-4.934761900846203371e-03
-1.062653566305776093e-01
-2.200055831089718986e-03
2.375786311562851213e-04
-3.329207307046314849e-03
8.458495522035220510e-03
-5.544271483966721438e-04
-1.302576021814966234e-03
-1.730552180240131415e-03
-9.878944933208583506e-04
-3.694489749058910838e-03
-8.315393443318574692e-04
2.619472894945281682e-01
-2.890578385340424744e-02
-8.004710283710282648e-02
1.955019121775741081e-02
5.403432703680034060e-03
4.588831008031069546e-03
-1.306518704011479584e-02
6.565714567651025199e-04
1.256792198396099744e-03
-7.049492646429569246e-04
-1.345260348679438870e-03
-2.496581466392333061e-03
-1.387290216331697398e-02
6.109362569950821387e-02
2.589986701654448109e-01
2.235189111260740477e-02
1.747185047792882209e-02
-6.275163545555239274e-03
-2.677675143034775537e-02
-2.015594101728333809e-02
-1.643296341420087984e-03
-1.183663224099421041e-03
-3.425330681415665081e-04
3.564669055866937723e-03
3.655331678157277414e-02
1.772946730762106904e-01
7.768383019370049851e-04
-1.293926281671865450e-02
1.580957795929391341e-02
2.557894848799543899e-03
-7.147691633948130389e-03
-1.631635257769045028e-02
-4.813116014094201596e-03
-9.074100367905124642e-03
-1.617584186073645026e-03
-5.620319694283212007e-04
-5.692270854300732728e-03
-2.337694151838129713e-03
1.004637478940368115e-03
1.826799130840809585e-03
-5.105498637555331426e-04
6.621704950011437097e-04
-7.105318844390825497e-04
2.237813376725209576e-04
1.241548671318515040e-01
-5.130060474747911992e-02
-2.263230958444904795e-01
-6.418674759660624417e-03
-5.452731061307671337e-03
1.124977165400001776e-02
6.173789028547594683e-03
5.790225493546938100e-03
3.643831919458975256e-03
-4.652945697350905664e-03
6.901022339944602561e-04
-1.941049471505865848e-03
-1.985080314621841778e-03
1.377879771014752300e-02
1.825806038051229485e-02
1.883017983457971811e-03
1.472504991228495985e-02
-3.928116567188013296e-03
-1.353524047975101542e-02
-1.961430612128396353e-02
-1.514685796270386639e-03
-2.892121798286192459e-03
1.909999476952632235e-03
-1.623142878713723994e-02
1.017955284812750889e-02
1.614874845194348013e-02
4.594189908786238362e-03
3.338409341573488759e-03
1.271005049777643994e-03
-2.506108815590090636e-03
1.468166872582295180e-03
-1.803263294387675783e-02
-1.294954486304103307e-02
-7.156916635734862642e-02
-1.771979675277469708e-03
-7.013771797009454119e-04
-1.059655317645903563e-03
1.469509760146287414e-03
-1.404763305421391527e-04
4.907069682816755842e-04
9.340774084122813788e-04
-2.172831244937350635e-04
-9.698573243393409423e-04
3.773884259199124431e-04
-5.197862805446025990e-03
1.811420999206322935e-02
7.709385481184029710e-04
2.169524602692869068e-03
-4.377427899711006098e-02
-4.708314580003003513e-02
-1.711055701273197366e-02
7.490184509505846966e-02
2.046338089715493257e-03
-6.157198324175979474e-03
3.079424537442964141e-03
-1.949898077056938517e-02
1.057872300718853530e-03
-1.455566864925538460e-03
2.976319784669810304e-03
9.818317800936147283e-03
1.059104987146503160e-03
-1.643336117518581470e-03
3.820308388273474694e-03
-1.366550825406808237e-03
2.671721541955012769e-01
-2.981610085327775564e-02
-1.084471111631060691e-01
1.271252622968129485e-02
1.947845753045545974e-03
9.448739820854019575e-03
-2.690037052938357848e-04
-2.028408226046221174e-04
-5.291456534684801227e-05
-1.040478761546133807e-04
-1.511844724168963105e-05
-1.679278606445191459e-04
2.622219735924219419e-03
1.681070772320274187e-02
-1.251159885642320717e-02
-4.629401421155994087e-04
1.293652846661404524e-02
2.641574640270577274e-03
4.140607150041459433e-02
-2.215446896056889187e-02
-2.448024435389323803e-04
-1.083926876447692707e-02
-1.411898662950529949e-03
-2.935044969479182544e-02
-6.928580139840702758e-04
-6.334130397156123408e-03
1.088659361956456845e-03
-1.730670950989133053e-02
3.548844307492199021e-04
-2.956381136792155407e-03
-2.919121189021346100e-03
-1.637860901109163339e-02
-4.567759776400693965e-03
4.038147929236454020e-02
1.901491871233751407e-01
1.403944953724875662e-02
7.367043139092494669e-03
-6.047993542004195637e-03
-1.699883094337808695e-02
-1.207784310440960900e-02
-1.167036433322749548e-04
4.141040674254979452e-03
9.084997641367160374e-04
2.878815733637162585e-03
2.513086814496056851e-02
-1.803039433712177661e-02
-4.144948186615349250e-02
-3.465650216005461415e-02
-1.853102755362475221e-02
-1.612133862871715367e-02
-5.990203789155028324e-02
2.891002945288888987e-02
-1.001279011215391451e-01
-1.800869530650476115e-03
-7.999762157069154229e-04
-1.573448580899519320e-03
-1.279106657190287599e-02
7.274386007645897677e-03
-3.818035319096829260e-03
9.499515010300833145e-03
-3.078159173211937258e-02
2.267926981277277113e-02
2.680639342624880142e-02
4.187333141722938967e-02
-2.419188849116926118e-05
-6.772300937030255666e-03
-1.477973347408697950e-02
3.691398964008308758e-03
1.196869352031726744e-02
1.986083909859747559e-02
-3.975027908850950996e-03
8.085377420402963672e-03
-1.353791421878329689e-02
8.409975964195060688e-03
2.835211226304777676e-02
2.124543094183318354e-02
3.681581758704694646e-02
1.217719171315495841e-01
-1.892881987542794188e-03
-1.481904174632551726e-03
1.603123207270588197e-03
-2.767364504108102419e-02
7.462239269833087496e-02
3.422504794913901888e-02
2.734095030370932780e-02
-1.255725961545490488e-01
1.220119421488151563e-02
-1.838841443584501726e-03
-1.357864122148718191e-04
-2.001901129493432671e-02
-1.052818246912812965e-03
-3.231848720260812463e-02
-1.360125470551006195e-02
-6.169050822170509332e-03
-8.288624978660819043e-02
2.432709203803002512e-02
