4.747322389121409465e-04
1.343149443266150878e-01
-2.071097939346020281e-02
-1.530000000003424237e-04
-3.329999999998122873e-04
4.324523285479411894e-02
-2.825382952129002791e-03
2.330328063557216781e-03
7.584024657688849536e-03
2.274371190102959274e-03
3.041890151761247993e-04
8.077777777748079658e-05
1.052222222220692541e-04
2.573068852521920302e-01
4.046168121415755214e-03
4.452444444443799318e-03
2.483555555554938996e-03
-8.749697323262477233e-02
3.611852532489379011e-03
-4.534499999999090473e-03
-2.084499999998938331e-03
1.536454920743183985e-03
-7.659414449687731085e-04
-2.866072230397803049e-04
-2.381924154463292524e-03
6.594432004730737599e-17
-8.478333333331678021e-04
1.297410792668114363e-02
-3.074262406179355256e-02
-4.298121785627343104e-16
-1.191166666666895095e-03
2.126261101807673526e-02
-5.578527465276510687e-03
9.852755861950190409e-04
5.171196837072442693e-04
-1.155555555527744287e-05
9.955555555580672606e-05
1.653710198528561548e-01
-2.634021656670607059e-03
3.425999999999909153e-03
4.026000000000037361e-03
-1.187081681564407330e-03
-1.243961421700891246e-03
-1.983666666666408958e-03
-3.090333333333603570e-03
-7.114444444449224752e-04
-5.744444444439884660e-05
-8.025555555564435574e-04
9.114444444445284586e-04
1.384452321241175145e-03
2.070681348530413417e-05
3.760925672793310956e-16
6.198211399967239334e-16
-9.859069345406028251e-04
6.977826173256890252e-02
9.277777777751145948e-05
1.722222222183486539e-05
1.458888888887377043e-04
-3.025555555554238548e-04
6.811111111119331086e-05
-2.514444444441774518e-04
2.952881465947430617e-01
1.763558050743402241e-03
1.161491971552739676e-16
7.262466695828309530e-16
1.037575848321657061e-03
-1.059019279501385510e-02
-3.966666666666091023e-03
-3.153333333333140087e-03
2.222222222217413892e-04
-6.084222222221220833e-03
8.977777777781782275e-04
-3.659777777777188049e-03
-5.929402034747346256e-02
-8.728056179381916534e-04
-1.351147204295034339e-16
-5.936952219983025447e-16
1.294161525126055236e-02
-5.969114169879583681e-02
2.315671939353838252e-03
-9.243648903224566463e-03
3.618764127273327953e-04
-1.845472532735939041e-04
-6.576741463417021488e-05
2.901961040801890289e-03
-3.137722222221803366e-03
8.254925488883855036e-03
1.041556170169620141e-02
2.214937322959269553e-02
1.567222222220259723e-04
3.000070939612035394e-03
2.927395386420931882e-03
1.111586334968395900e-02
-1.548473318684256186e-17
1.113183029963222292e-16
2.079166666666403852e-03
-1.169020588898428276e-01
-1.366559347625869066e-02
3.192806134080407310e-02
3.153021318161037203e-16
3.984959834914859920e-16
2.135833333333639946e-03
2.151322853831422535e-02
-5.235969498882819644e-03
1.963553336089713525e-02
-2.214248114263505166e-02
-1.530609518082389799e-02
1.542240462582333339e-04
-8.902740801621500649e-04
1.628480504040626387e-01
9.688722789594700693e-03
1.827631501119743318e-02
-3.270486468122136940e-03
1.724991716006197065e-02
2.077172933191833229e-02
4.118963232243217504e-02
1.028573628201437124e-03
4.313919473812202060e-02
2.939808211688883788e-02
-2.215062311538127174e-03
1.864869044699398815e-03
-1.108744180470787044e-01
-8.026042963860768875e-02
-2.229174205727054749e-03
-2.432865729592163144e-04
3.716413960553164794e-03
6.402956410074438394e-03
2.399071969287322513e-04
6.088236701466583078e-04
3.104922719321377179e-03
-2.145198163355234357e-03
-1.717017786439084363e-03
-5.716345061295331504e-04
3.563444442054750083e-01
3.096233174943242503e-02
6.867163569079075269e-02
-4.904344541198582194e-03
-5.599010675716143380e-03
-2.387224234030896949e-03
-3.231135356938319935e-04
3.663352911706450714e-03
2.695665047210272342e-04
-2.364623888299773741e-03
1.142973429818033631e-03
1.578187760908116456e-03
8.516850216394751538e-02
6.381318765420446182e-02
1.479127887210402725e-01
-8.714752782926641142e-03
-2.095245715452039026e-02
-1.262182782836419751e-03
-1.101705977637022424e-02
2.452739239998554671e-02
3.421013359489148611e-03
-1.047460485202213361e-02
2.686615806022737540e-03
-4.202705816963104093e-03
2.328080341261702935e-01
1.354050930137694064e-01
-1.867397527883668182e-02
-7.919436460034854144e-03
-2.751473895256167229e-02
-1.396526543203806085e-02
1.917859271849068920e-03
5.044486013143023931e-03
-5.686311951628260017e-03
-7.680679442286763789e-03
-3.477926436581229826e-04
-2.247997604005470333e-05
-1.723783084898211507e-03
6.416143370788032242e-03
-5.205328061789962638e-04
-2.446536178828774620e-04
-2.276836294182149958e-03
-9.651687110843353750e-04
-2.703769461676431098e-04
-8.222027360963411746e-04
1.435311897134542991e-01
-5.679781541626533620e-03
-2.858736642142447118e-02
-1.929833299945856936e-03
-5.707096304795787611e-03
8.354213465998055338e-03
9.909813872227418718e-03
4.278398856227274075e-03
2.512542948646533277e-03
-3.377952380167214153e-03
1.663787951965665056e-03
-1.925724599003698608e-03
-2.976028654289448170e-04
1.009406097209824237e-02
7.950025024829086157e-03
-1.470144363447948438e-03
-8.959180914418121700e-03
-6.932981508345232614e-03
-4.149175408275272703e-03
1.636546356749106479e-02
8.028588086767193821e-04
-4.654350332563934531e-03
4.091509956903004001e-03
-1.362449543814871732e-02
1.188272657239598795e-02
1.364736890381458567e-02
-1.155562836412796397e-03
-9.029806789679776027e-03
-1.367350081168755560e-02
3.285621892210680299e-04
1.760430302136862732e-03
-1.268993393763574208e-02
-7.435481242364212762e-02
-5.451038263893713542e-02
-7.088649798469843881e-04
-2.136248637489683751e-03
-1.203066559466395551e-03
-8.013384808755196625e-03
2.169330886352374872e-04
-9.480930177248818964e-04
-1.257756427816969632e-03
7.337925967667661377e-06
4.680916328555299313e-04
-8.929824417903816584e-05
7.064974333861334319e-03
2.550158056471382717e-02
-4.417106646539009250e-04
-9.594850262565768209e-04
-1.831137482822038989e-02
-5.624168034542675193e-02
-1.168451028876150433e-01
3.008127472490572038e-02
4.437088076412814934e-03
5.686451895561030201e-03
1.989285648439630908e-03
-2.095243469563323399e-02
-3.439216728993219996e-04
2.265164824482037125e-04
3.011683081874827039e-03
-9.803259540777823494e-03
-4.331585127183291452e-03
1.436753973941027251e-03
4.607938736830424591e-03
1.616385657698182765e-02
3.183927654451680356e-01
1.044235713654377215e-02
6.955311230981885140e-03
-1.153244430714563075e-03
1.797590889253901478e-04
-1.623972114446843498e-03
7.205143598712380679e-04
1.199083485332957889e-04
-1.082592560321485016e-03
9.915826577841734511e-04
-1.501040763747715388e-03
1.037454638284735550e-03
-1.212926966381475298e-02
1.191068050997888886e-02
-1.155126413869978679e-03
2.434448682982870860e-03
-8.720038290928544544e-03
8.797789527232324509e-04
1.648482132502332442e-02
1.464630705166964850e-02
1.694413593864394375e-03
4.348818208267158682e-04
5.103919686881472871e-03
-1.586741882935913117e-02
2.434857964772180455e-03
-4.293839317047730766e-03
3.550555461012104303e-03
-1.272917755150252545e-02
1.342220526292022854e-03
-3.253500875424747332e-03
2.652655314899470939e-03
1.941787123852419797e-03
4.945057899178380290e-02
4.356862696497067200e-02
9.866664502356779776e-02
-1.117820111516290831e-03
-8.720696887545139817e-03
1.953885896759938266e-03
-7.563795256574577233e-04
1.618906183219577521e-02
8.178995376809996285e-04
-6.866955874865408307e-04
1.133394211663829067e-03
-5.234148257065502664e-03
-1.230009986394347242e-02
-1.352063772777789379e-02
-2.479271986321234661e-02
1.532546284033511723e-02
2.037881071023800450e-02
3.580939367065460316e-02
5.639061214768155417e-02
-3.079273633942225530e-02
4.596844184603436634e-02
-3.104995876224721837e-03
6.071893470288622065e-05
-3.626051756182359278e-03
2.790907312969879983e-02
-6.463111628211998597e-03
2.323417138112933347e-03
-4.056521444375745661e-02
8.899943775333707396e-03
9.120997678267869432e-03
2.098154446833768588e-02
-2.080131493628339240e-02
3.228572747291209247e-04
-1.183409435626901415e-02
1.466171897051598075e-02
8.671350929666400698e-03
-3.724968407400439715e-03
-2.728239801264886744e-02
3.765522393140932449e-03
-8.042873027504565328e-03
1.211820864240655861e-02
-2.351614599181120219e-03
-1.315025640095649926e-03
-2.558929282129057334e-02
1.515102979885814549e-01
9.027065324680204339e-02
-4.983905979606672969e-03
1.574993234285636604e-02
-1.771526785931879650e-02
-4.046505540726152289e-02
3.161118921434136891e-02
5.062031997743039052e-02
1.957114870386274241e-01
-4.820351869662007488e-02
-2.766861822905981871e-02
-1.225092067925539173e-02
-3.571971819862625012e-03
4.397360501812483391e-03
8.293077962339513026e-03
-1.818535786560969078e-02
1.893315542244726826e-02
-1.176869685557417784e-02
-3.582510311941201897e-02
-2.809235114274873102e-02
