4.860000000000147947e-04
1.501349999999999907e-01
6.849999999997717561e-05
1.007097449997378796e-01
-9.743737611730815887e-03
9.999999999999865767e-04
-4.000000000001167877e-06
2.999999999999998224e-01
2.725000000000747657e-04
3.480126419395483847e-17
-1.587500000000330509e-04
3.926271539145730072e-03
-2.868804840077227372e-03
5.079999999999812313e-04
1.099999999999316246e-05
1.502679999999999017e-01
-2.674999999999576588e-04
-4.379999999999646763e-04
5.617499999999852212e-04
1.000000000000044473e-03
-3.859883486486349827e-18
-9.999999999960699336e-07
-5.499999999984321277e-06
2.999999999999998779e-01
3.143105585573760023e-17
-2.199999999999067393e-04
-2.362500000000903374e-04
7.058411500991614551e-17
-7.307729612683004324e-18
5.874999999999206595e-04
-9.497000166941478236e-03
-8.961790364589551985e-04
2.156076031150956640e-03
2.369985880825260620e-03
2.031001094043774339e-04
6.186600663148038998e-02
-3.701862094239038309e-02
1.391878768356768006e-02
9.296849346506479150e-03
2.594468368839640549e-02
1.112682989034411698e-03
-4.793524829416688504e-03
-1.310770912598149232e-04
2.021106617685889950e-01
-3.889057687043896705e-02
-1.629167757770632469e-02
-6.258231671825758603e-03
5.302975174734395059e-02
3.856230076112202032e-02
-1.595555291579758839e-03
-5.027219970145204494e-04
7.905523083386934748e-04
8.109654205873056769e-05
-6.634407608028726640e-05
-2.367504193602812368e-04
4.929636616124665610e-02
-4.362631259671236050e-02
-2.546934837111596234e-04
-2.110368771124776499e-04
7.703057425784080002e-03
4.585050698898143588e-03
-3.856041717294475058e-04
-2.739432314992373309e-03
1.486349063644718665e-02
7.619435672355640270e-04
-1.393033579486961735e-04
-1.658594435851985468e-05
-3.933299881915152361e-03
8.801349568810597126e-05
-6.168104672977456088e-04
-6.010665286995945517e-02
1.906964907027964562e-01
-4.724232040307116409e-02
1.884601162701063576e-05
2.584248268320130039e-04
-1.857166470992061003e-02
-6.873118740494269310e-03
-5.305474709405339937e-04
6.370147992464871185e-03
4.486665584735570478e-02
3.047161854959534039e-02
2.341024173401772034e-04
1.606886955745621395e-03
-4.820708376213026815e-03
-4.136894335252859663e-03
-2.283250700946074744e-03
1.166416191766969125e-02
1.489604194490255253e-02
4.969204179638052332e-03
