9.016705022236304323e-02
1.213532248468155300e-01
1.665112414393834410e-03
-4.184373938533800241e-01
2.421293751137009453e-01
3.755066477892337468e-02
1.568135535116848001e-01
-2.118733608816488201e-01
2.629949409312314357e-01
-6.485427039420990636e-02
1.176210023808712257e-01
-5.910351398915194565e-01
3.101423011230257099e-01
-3.139621205589041703e-02
1.237880101201611072e-01
-3.109625321882754645e-01
2.922262011816186833e-01
8.460861602650751601e-02
7.656400250634558952e-03
1.541073779565359410e-02
1.772431161613347850e-01
9.504581026461594861e-02
-3.138689268454298437e-02
-2.012248805682695027e-02
3.317214260288495892e-02
1.343451668277081956e-02
-4.782853923120475130e-03
-2.607688991386916070e-03
-2.538765496063934406e-03
1.127744714485444388e-01
3.706941887222655468e-02
4.238819670231535469e-02
8.634770985722278747e-02
1.222436164353147420e-02
1.451495612230467407e-03
-6.340384885443964801e-03
-1.654228667895481101e-03
-1.437265474847301654e-02
2.450616909522399314e-02
1.234277753542002525e-02
2.637078127581348255e-02
-8.688690963262341027e-02
6.133037617224147697e-03
-1.517286130283951491e-02
-3.671485475748080540e-02
-3.078069966838992491e-02
-9.793718545162493141e-03
9.910876041899743111e-03
-8.326557597351447182e-02
2.110748011138011051e-03
1.204395604821347984e-02
-1.467775019694418821e-02
-3.421982917676349902e-03
5.945682608179044329e-03
-8.941600668145925591e-04
-2.389508989254562205e-03
-7.052143444542012009e-03
-6.034581675751977264e-02
2.238922729301648026e-02
-1.224271386422878631e-02
-1.180584750802420035e-01
-1.138940914706728855e-02
7.159973021883771953e-04
4.458646806788560792e-05
-3.092001408695900511e-02
1.491021085205620489e-01
1.099776781907492104e-02
3.275785264412894165e-03
-3.693624558201320102e-02
3.207903854609739543e-03
4.495722996927082292e-03
-3.823174836282861901e-03
4.159907432690537928e-03
1.039361147089401353e-03
-1.484384209460941004e-02
-1.733931615324640213e-02
1.099947259422459807e-02
5.567515773074288576e-01
8.192419637590839243e-02
2.267567127280205666e-02
3.234071176676935333e-01
2.187253645522239109e-01
-1.408927963588051634e-02
-8.220537889410502175e-02
4.618062167591902578e-01
-4.878092271000233210e-02
-3.517021792879087422e-03
-5.358559620453220637e-03
-2.053622284930042841e-02
3.016884024643718548e-02
-2.592423530758351108e-02
-2.778793204854137708e-02
3.448627282297668517e-02
-5.106075203925398119e-03
8.195874450288223936e-03
-3.920589421302576524e-03
-1.159139427579159408e-02
3.155470558667542585e-02
1.439332145985759356e-02
1.633703879928265906e-02
3.480083857509664452e-02
-4.745874900342942314e-03
-3.015301934272521288e-04
2.640586866975381999e-03
-4.664973734678966311e-03
5.127348610003062968e-02
5.895992631738284917e-01
-7.035245303682483020e-02
-3.530366949143733807e-02
-7.425612803102674131e-02
4.749691459675126765e-02
2.698473725494570097e-01
2.173478635469463030e-02
1.037311546187084758e-02
2.760923517506377323e-01
-1.676169951418123374e-02
8.140298488421097642e-03
1.398659362083889577e-03
-9.254614792908035653e-03
1.548786711825516915e-01
8.293575867649290168e-03
7.670078468884963937e-04
4.662671671173024453e-04
6.412514619876615030e-02
7.313616604081633887e-02
8.719596571396791285e-02
2.094900335464667737e-02
1.383479599454060655e-02
-9.996659968604720489e-03
-9.897149786091368265e-03
-6.233002030432932723e-03
-4.494604707791456655e-03
-2.241386013259828291e-03
-1.640417809119844653e-02
-1.375763052690653042e-02
-9.355593949286010458e-02
-9.578715552119332344e-02
-9.591777811202635562e-03
2.793708446562941355e-03
-5.376522265040580527e-03
1.272703481436905995e-02
-1.730303061031540808e-03
-8.473125289698429929e-03
-5.578571941152451162e-03
-3.632980610690571526e-03
7.669351924255895375e-03
1.056264877214292686e-02
-2.302065569067260342e-02
-1.707869124617204803e-02
5.010527047118396721e-03
-2.262416805741479173e-02
5.315755758446711818e-03
7.372261691836875727e-04
2.672200140335101188e-03
5.303094898210826413e-03
5.506232293031783093e-05
6.129413160973256475e-02
2.634771860197664475e-02
-4.258349847665406540e-04
-8.044793971059838178e-03
-1.166111711467886919e-02
-5.240391819998706582e-03
1.219083333333498753e-03
9.950005173085445329e-04
-1.715304965601272295e-03
-5.018580447477603498e-03
2.200930150465783743e-03
9.789212456976340709e-03
-3.080917293169507191e-03
1.890735846875944530e-03
8.215675127785622422e-02
4.711614169602885982e-02
-2.847436915995582921e-02
1.088659361956704694e-03
1.425071553121854892e-02
-7.934170948901149434e-03
3.976496408363172641e-03
2.663032851325897871e-02
3.392620967433350454e-02
-4.502049418823378044e-03
4.941728380497607430e-04
-9.207336449432555400e-03
-1.967925357808196843e-02
2.623996317850683241e-03
-4.742295972686356477e-03
-1.245336901752589365e-03
-4.816311461689522927e-02
-3.368318771173535973e-03
-2.665736901000197775e-03
4.059525269499561495e-02
1.485669803685391380e-02
-2.611324297617888951e-02
-2.919121189020266235e-03
1.001680633948489642e-02
-5.679047487367186973e-03
7.935190470304397808e-03
-2.178241005790865215e-02
4.728525292417282144e-03
2.031161788739263650e-03
6.578207548784843067e-03
1.485368445965023739e-03
-9.898074784773515031e-03
-2.003815964918593748e-03
-1.823405312220029509e-03
2.011157722472291590e-03
1.939999999978673194e-04
-1.915666666665909873e-03
-1.325540960988177128e-15
4.366991958022414882e-15
9.340774084103990954e-04
-5.291456534674979033e-05
3.643831919459107963e-03
-5.105498637558124331e-04
6.621704950021856280e-04
-4.652945697351567461e-03
-1.040478761539800304e-04
-2.172831244940126734e-04
1.032222222215202603e-04
-1.839944444444305618e-03
-2.448024435393397150e-04
2.046338089716560546e-03
-1.891246705286778488e-03
5.308919661534883781e-03
2.983333333323971031e-05
-2.395489124222157865e-15
-1.167036433315895357e-04
-1.514685796270749413e-03
-2.570822084834874753e-03
1.135199521924674200e-03
-1.973611111096745579e-04
-7.091357565722361707e-03
6.744403750093337646e-03
3.539999999995053722e-04
-4.023333333307130733e-04
-1.044877320612875671e-16
2.629752191124071752e-15
-9.698573243419243792e-04
-1.511844724237463168e-05
6.901022339948074177e-04
-7.105318844399080612e-04
2.237813376731986111e-04
-1.941049471507046327e-03
-1.679278606434035019e-04
3.773884259210744368e-04
9.877777777761105377e-05
-1.841055555556514933e-03
-1.411898662950275595e-03
3.079424537444508045e-03
-2.874566990928715659e-03
7.234794465046082059e-04
-8.268333333346884273e-04
-1.036506511709552490e-15
9.084997641381268012e-04
1.909999476953008453e-03
-5.552437120690724252e-03
9.180702598488660543e-04
1.598611111121096861e-04
-5.657592881782816385e-03
6.540409393886710207e-03
-1.473679280413541653e-02
-1.583977775997853776e-02
-1.589036348872684135e-02
-8.260416003630202675e-02
-6.308478216590288068e-02
-1.991367553219069997e-02
-2.813374115187909988e-02
-5.556698275082826849e-02
7.211642412729858849e-03
2.203796856817904251e-05
4.757569247208862095e-02
-8.543784652187808026e-02
-1.790953940594687543e-02
2.957522167983637172e-03
-2.059569075225038248e-03
2.527410074432652129e-02
4.106821147823719494e-03
-3.409585012685526916e-05
4.992509691598154623e-03
-9.356244220978434875e-03
6.065615266021266543e-03
-2.486031693126746303e-04
-1.225257868081911471e-02
-1.479139965513467415e-02
1.214346353406427215e-02
1.056146286316500711e-02
-2.017083173485818490e-02
-4.899773748485269486e-04
-8.086459844424432122e-03
1.657036315640433854e-02
-6.602847560569982677e-02
-3.138432110025854427e-02
6.706269957627492874e-03
-9.260917852145852600e-03
4.803561180182114483e-03
-7.449161161521489910e-03
2.376470167272485244e-03
1.013181473442152300e-02
1.182782255999583892e-01
4.127819681224569742e-02
2.802405341208234063e-02
2.681098141196073259e-01
2.054026206039597513e-01
-3.877264476286652883e-02
-4.684989974500179677e-02
9.919951746632782452e-02
-1.329230334906292971e-02
1.220527914784862687e-02
3.032982479108634776e-05
-1.977540700944101920e-02
-1.488614431112407661e-02
-4.283777316627782050e-03
-1.823546137919025700e-02
-1.332397544979005855e-03
-1.141739660235923000e-02
6.853768972087558031e-02
5.520323116837049654e-02
4.567565002696295090e-02
-1.199148698993862151e-02
-1.379983562582636717e-03
4.483918777431429060e-03
9.847681736671304309e-03
-2.661495150757078876e-02
-4.199395645246935538e-01
-1.397037467483494000e-01
-3.327290964282560853e-02
-3.210361326274549509e-02
-2.709064642717278204e-01
-1.800009705976686469e-01
5.209964268439536313e-03
-5.968788570782503772e-02
1.914179318345571590e-01
-4.753627907814821085e-02
-1.641368627180428696e-01
-1.398532247463656897e-01
-8.211489219584482135e-02
1.540764647359399719e-01
-4.773656086465291777e-03
-1.242755998765858114e-02
-1.148486697456749597e-02
4.251451210338378825e-04
-5.972482583055847838e-03
-1.657857936167433282e-03
-7.382407150455087309e-03
-3.110265270215905112e-02
-7.695227178687194178e-03
-7.840294508859453615e-02
1.400107832541140282e-02
2.446589891237727077e-02
-8.101248095101476476e-02
3.239458791987263279e-03
-9.644819369519806035e-03
2.384594515344264087e-02
3.080914651027665679e-02
4.869953941684990509e-04
1.293553517906363649e-03
-7.680937976710871347e-04
7.481675707336395316e-03
1.088490924675097615e-01
-4.282862745008325089e-01
-2.157376401358243045e-01
-6.645232373094216161e-02
4.740715490753785732e-02
1.404329276315264934e-02
-6.241448549164719042e-03
9.678054693918552998e-03
5.104023248431421335e-03
1.905322480846180153e-02
3.974447643048849982e-02
8.012543684155901125e-02
1.703803078299997720e-01
-4.020441118082154763e-01
-3.751356278363892627e-01
-4.453268403320864710e-02
7.581520063643789470e-03
2.933643281684256837e-02
4.208224785113105597e-03
3.353477892745480513e-03
1.126726696859596056e-03
-2.497555096394635157e-03
-7.959513332482664322e-03
3.246807017666476346e-03
2.080910603076899235e-03
1.658630428312276401e-03
1.462936172952073203e-03
3.707009189352261126e-03
-6.486949280029073381e-03
-1.668134948949087995e-02
-2.477498306362631644e-02
-3.419931858411297959e-03
-4.019643514804905997e-03
-1.942653054991373782e-04
6.259569988324166197e-04
-6.968443950872100189e-03
6.307710989407185964e-04
-6.161776969613091742e-04
2.092292381717718135e-03
2.225033813937555768e-03
-6.021076104278233823e-03
1.270070532278443597e-02
-2.971312203651120965e-03
-4.800634541667218695e-03
-2.668182475825805686e-03
2.863482831169785435e-03
7.128456055362540969e-03
-2.926815138746263322e-03
8.149992062907410184e-03
2.742098276021725026e-02
9.741311696355951094e-03
1.119727750253743555e-02
-3.382388143083802506e-02
-7.458567839279621470e-02
-6.589706481905604693e-03
9.042140384114208049e-03
7.393056941186606362e-03
4.688586463604817959e-04
1.461999062607505402e-02
-1.433221521856217415e-02
2.073436172847941805e-03
6.140048337868263262e-03
-2.980021798871524286e-03
3.723261818212821993e-03
-7.147282785321486254e-02
-8.999920709862559154e-02
-1.277346023719661827e-01
-9.736761075151992295e-02
-2.251159615861134805e-02
3.801830248784385941e-02
3.452981922611124410e-02
1.520360860796853833e-03
6.101787085575527403e-01
-5.626900018404858150e-02
-7.186398561139090146e-02
2.759357260554555769e-01
1.620927632751023584e-01
-2.922600056356381565e-02
1.326443270115738003e-02
6.193486074974461353e-01
3.475621491433256854e-02
-1.987154906340284424e-02
-4.069414996165697518e-02
1.363418941114011469e-02
7.557852519854251980e-03
7.400317759433898586e-03
6.453191965196843072e-03
3.433906607430253777e-02
-5.936316546520051946e-02
-1.479537352753381232e-02
2.894994181990370383e-02
-1.941728490946500740e-01
1.090493691613565568e-02
-3.814171002025731460e-03
6.381132677947879122e-04
8.485978208526728794e-03
9.197056215038558469e-03
1.430438173270855325e-02
1.011173170212223589e-02
3.282396772896372522e-02
5.485100922926731265e-03
3.986533119668098676e-04
-1.534086156036001004e-03
-6.762482473451352123e-03
-2.368217479892181267e-03
-2.226190843106596109e-03
6.854159272447580631e-04
1.697912741626948427e-02
4.877504402985100647e-04
2.029304414763100171e-03
1.057339614789647815e-03
-3.291873843174342694e-03
-9.207900427397688187e-03
3.586583499398592317e-03
-2.613469009715905372e-03
-1.674579748651333633e-02
-1.227507895724963376e-02
-7.958768520983007131e-04
2.341838044547774923e-03
-1.225029638010203745e-02
-9.135902817576207688e-03
2.404416890845252532e-03
-1.196132609897742260e-03
-4.334152511870820873e-02
1.017059297541061946e-03
1.457437171954278736e-03
9.463174372115316403e-04
8.598815615897243900e-03
7.390298122367093894e-03
1.695711711577327016e-02
1.001450363999208809e-02
3.434194666122038914e-02
-5.246903000009852519e-02
-3.358586182099949219e-02
-2.141252104863186970e-02
-4.155916575606723694e-03
1.183623189598254598e-03
-4.412980467986746085e-03
2.659831850116389090e-02
4.784216095442157812e-02
-6.097898811183275099e-04
-3.064319769098205071e-03
-1.334517674048328563e-03
-2.022344402249332072e-03
1.711915546363691537e-03
-2.817581967599912295e-04
-2.925613281818621476e-03
5.317882550120325499e-03
1.126790619674831045e-01
-3.012369300510096479e-02
1.514894215623822319e-03
-4.251308110835407689e-02
-4.667373007227911680e-02
1.082613549462675163e-02
3.881315829466718687e-02
1.038071648259216301e-01
1.254518688898000577e-02
1.640930484666001943e-02
-2.378003904023504728e-02
-5.982055767895117643e-02
-1.197364402857483898e-02
7.443616451458918114e-03
-8.458837451658576811e-02
-1.777289363353461160e-02
-1.135869940885590734e-02
-9.039194037454760175e-03
1.485295426420530154e-02
2.493434685209538690e-02
-2.249624590294025672e-01
6.373792499326245975e-02
9.624729110694821635e-03
2.491007031065966063e-02
7.980233103055607569e-02
-3.535019738740555889e-02
1.685368139792534081e-01
-3.907797249455873673e-02
-1.398424247563418571e-02
9.272807130043053681e-03
-8.656186572441913057e-03
1.519577124969479498e-01
1.428747291463930147e-01
-1.835237152578759676e-02
2.512725031357427447e-03
7.643036989050288254e-05
-6.416250149081701055e-03
1.158329553160283246e-03
1.838888591393882110e-03
3.033765202729558214e-02
1.094428233536970906e-02
1.264955734766013418e-01
3.995703064257473229e-03
-9.446664600219799660e-03
7.175055885740640182e-02
4.216891124223665771e-02
-4.085744815814051608e-04
-2.045595444676978625e-02
5.551892904409376495e-02
-1.365675252040985353e-02
-6.606699454328549340e-03
-6.551828074467467558e-04
-5.051184060240330315e-03
-4.736713090020219612e-03
-1.151529277528143085e-04
-9.638097345218820527e-03
-1.829866407532136641e-02
-9.415716855332469104e-03
2.562476766981586045e-03
9.011752584382162062e-03
-2.549530564317269501e-02
-1.600323578659799406e-01
4.395662185463365852e-04
4.548957786404058366e-03
-1.842521277082175557e-01
9.019009235233430011e-02
-2.026938013452090834e-03
8.905336219464390045e-04
1.223787748463495278e-01
-9.774576043963499605e-04
7.213728784155214700e-03
-4.428979303619888334e-03
4.019612434761957002e-03
-1.993457714963242644e-01
-2.385745453747929387e-02
-5.789344237928366332e-03
-4.290705740920590094e-01
-4.318260885382712577e-01
-8.211609580873897515e-03
-9.519779364418558612e-03
-1.289166196637407669e-01
-9.372727783535977908e-02
-3.251350492997618063e-03
-2.216723344025665898e-03
-1.569992480648509381e-01
-1.588219011276355286e-01
-1.842076766343268791e-03
-5.231292904948655606e-06
-7.558444242413846215e-02
2.393802851004597082e-02
-2.885268977957254968e-03
-4.381214403372855437e-04
8.539047070520567814e-03
5.742022917817621655e-04
2.971847429794889986e-02
2.525486862249952391e-02
-2.115867336050318223e-02
-3.574747530668934982e-04
1.302199379750552596e-03
3.734848786092917028e-04
-7.769732004569584625e-04
1.215468995005627301e-02
1.022318608886001352e-02
1.702178865279616125e-03
1.820175292866726361e-03
8.343156788828541559e-03
2.898507574381869317e-02
9.832691719706145549e-04
2.470381853386493208e-03
1.146610526649927131e-02
-1.450550713109680090e-02
-1.190503800533111375e-02
7.261172146236332704e-03
7.132270354347170112e-03
2.272064538601803406e-05
3.902402042305209290e-02
6.785883071914153818e-03
3.825701527007555579e-03
1.409004121222482385e-02
-1.713463246585273658e-01
2.378880893141203934e-02
1.250287611765466857e-02
-9.564583505801192709e-02
3.052125398197014228e-02
1.618884028238001468e-02
6.288331680585989127e-04
7.918002339799855294e-03
4.249217607195549667e-02
-1.502906235996797832e-02
6.095244206530746334e-02
-5.009763752464735376e-02
1.413290719356751490e-01
2.234454415331671440e-02
3.919369529794481527e-02
3.584140231632004033e-04
-1.531653782792651020e-03
1.756164674305063164e-02
1.133029135929058615e-02
1.320012262657155322e-02
-4.154208878734073213e-02
2.049201997381012302e-02
-7.865812613582268131e-03
3.974665138274832178e-03
-5.675655268105132822e-02
-6.147939881370437926e-02
9.763216619533360285e-02
9.832573104790091889e-02
-1.587613428801305099e-02
1.924266392295853265e-02
-1.283260482709618197e-03
2.004188213126653108e-03
-9.021450224441062826e-04
2.428449760015647264e-03
6.766598355974405565e-02
3.339642535443876348e-02
-9.834379943236694344e-03
-1.201367068502501821e-02
6.602770955380840578e-02
7.971291877173030532e-03
5.536069647769543967e-03
-1.030859853266714084e-03
5.236453047352279504e-03
-1.754259743404214256e-02
2.092044043653737244e-03
1.495918497648767442e-01
1.934871063889209708e-02
-5.974459141222487890e-02
-8.991538259705166014e-02
-3.763450564342089161e-02
-3.462274512627361300e-02
1.577762350201751193e-02
9.617577605135679830e-03
2.170866394369594301e-03
1.548905626426499461e-02
-3.535286972222238810e-02
-9.917994499916343853e-03
3.192657740982927234e-02
-1.334855514179089653e-02
3.035746380243997504e-03
-1.134157782242186177e-03
2.211409926181545985e-02
2.886730533048244285e-02
2.628445956227056651e-02
-1.661413426266956993e-04
4.124368121417741097e-03
6.014208998313346974e-03
8.295002242065420764e-03
6.188625055276300579e-03
9.100363601422677487e-03
2.237803770308612918e-03
1.145280001916982237e-03
-1.025478488693714468e-02
-1.516609307571046596e-02
1.085818405495384779e-03
2.083264474614112544e-02
2.019537869891529711e-02
1.241213725781649532e-03
-2.276320699169041492e-02
-9.986556047316253024e-05
-1.465230095699113168e-04
-2.099449196603965506e-02
1.506721142776915653e-03
-4.635366979654895512e-05
8.632518470483481555e-06
1.313276940647942290e-04
-9.720271466813071304e-02
-2.864463803015585702e-04
6.724887727789708629e-04
-3.379028530335634328e-02
-4.954540147601176059e-02
5.649462871962321634e-04
-2.887182096633912317e-04
-9.948099422340472842e-02
2.379465253087895485e-02
1.714804755853109922e-04
6.084540741959323018e-04
1.721173161833933207e-02
2.036800501835211996e-02
5.295826865909106576e-04
9.958002364100053958e-05
2.295623846251088063e-02
6.380042646462397160e-02
1.349791323433848986e-02
-5.482756335520517707e-03
8.108062812772563743e-02
-1.902715683045866097e-03
-8.545933830432425864e-04
9.818939313494993992e-02
6.591893924465444012e-03
9.879996604351815384e-03
1.162417852664628520e-01
-6.302610643386738487e-02
-5.023582561848101858e-04
-7.633253772369148022e-04
-6.585386239293399002e-02
2.131091284231674272e-04
5.881196242018398994e-05
-1.825398550751769055e-04
3.972807165484513320e-03
2.398935746281035536e-02
-9.952275880384339496e-05
1.419576251782968907e-04
4.417480002613139584e-02
4.482277294668798179e-02
1.340272268119488571e-04
-1.242601579938375017e-04
1.731343166144208578e-02
-4.332487354331666929e-02
2.884543694922062540e-04
-2.418888895810086814e-04
-8.118296527506196902e-02
-7.919139100137460863e-02
-2.756486801036393949e-04
3.501929993492760044e-04
-3.066968239975167640e-02
-9.510514801814810154e-03
-1.207739922217140362e-02
-2.019390109657832107e-03
6.277418173715733525e-03
2.471262321507803478e-02
1.342850996081003303e-03
4.036710861476206988e-03
7.323084828414340441e-02
-7.742545553263869597e-03
-3.214806482200282482e-03
-8.913104901421602328e-04
-3.286144595097550622e-03
-2.445629588944567539e-03
-1.322190372774508524e-03
-2.438436530822961096e-03
-5.020501620761797998e-03
-4.295252266589451307e-02
-1.660019536962575870e-02
5.139231391992079385e-04
6.300010856424877181e-04
-1.041084803836827243e-02
-3.801464590936121709e-03
1.600491407316799756e-03
-5.136589113744098774e-03
-2.866106747599864862e-02
-2.981193356929262659e-03
-1.496279855827745576e-03
-5.822029556251494785e-03
1.591450533312615406e-02
2.017958279673459990e-02
2.344811149651261899e-03
-1.039871629276340956e-02
7.066079710318724696e-04
1.099644330417648419e-03
2.556130264668064690e-04
-3.961932069634899450e-05
1.292695999168858023e-02
5.572485119863953250e-03
1.290272613372064588e-03
5.499625061409869550e-03
-1.066642286977068782e-02
-7.235347133750551912e-03
7.002603009469823836e-02
2.819062760811200108e-02
3.179195671836873571e-03
-1.990056418048930138e-03
1.735141339728013543e-02
6.081881832771505320e-03
8.107408610434499452e-02
1.143776505865650057e-02
-1.197576247677010867e-02
2.609647017556701240e-02
-1.772238196586860617e-02
3.776893175617566847e-03
-3.342835120135225716e-03
-2.200591000198414207e-03
1.843110611906387947e-02
1.145450494740016430e-02
7.495822495157970257e-03
4.187499394150812071e-02
-4.522454354199851451e-02
2.408849232444225386e-02
8.999088533335759810e-03
-3.958420702036639233e-02
-1.652576794031364316e-02
-1.064955307984323356e-02
2.676066976976416165e-04
4.342574440161932380e-04
-1.118922252310725063e-02
-6.192456539938612746e-04
-3.057249815026610493e-05
-9.420962853604218298e-03
1.945237437846920880e-02
1.018258686820521430e-03
1.150251238705052607e-03
1.609230103899770767e-02
2.745687991126721621e-03
4.691037053837349841e-02
3.806717235376474995e-02
2.337679951853375258e-03
-1.897043306245586175e-02
-2.479876412944339204e-04
-1.795653704371580187e-04
-1.794178853720548167e-02
6.573634950894033943e-04
-1.605697880844028514e-05
2.275478595470793817e-05
5.603617266580824310e-05
-1.100477620786443345e-01
-3.626744995660326426e-04
5.193055129857136569e-04
-4.164768421891182348e-02
-5.912685765792294323e-02
4.294731456452391817e-04
-3.359169249407107879e-04
-1.121652320343177883e-01
5.846516269873222246e-03
3.635765011596129984e-05
8.994019517986975322e-05
3.737008428066683659e-03
4.515543525155989342e-03
7.901386002575933216e-05
2.225716081909054822e-05
5.726651430273282418e-03
2.788776895363517805e-02
-2.163518423061466626e-03
-5.250885624639924261e-04
1.993157735343358342e-02
-8.650655471391172774e-03
-4.316390543618775673e-03
5.707484914487346607e-03
-3.627460659309373909e-03
-1.206770404246156232e-02
7.316149953495000059e-03
1.533059544673434692e-04
1.978740090946064147e-03
2.862455792983597050e-03
5.480895422033750346e-03
9.544913616308497994e-02
6.239697715999108218e-02
-8.198065619275152899e-03
-2.223814667575838705e-02
2.652954405920871991e-02
1.869858035073623109e-02
-2.035127453424166993e-03
-1.493362677418058268e-02
2.771067116707370132e-02
-1.867407978094808452e-03
1.157654536577595525e-02
-6.968425220084184524e-02
-8.808914906317513380e-03
-5.195154293141167161e-03
-2.533327186225400700e-03
9.564348624858916639e-03
-8.045668281432329441e-03
-5.353413956925063069e-03
4.452760373348476318e-03
-2.180431909167886845e-03
-4.494936897068995546e-02
1.217227123079441253e-01
1.126671923351924703e-02
-1.692214500628216878e-02
9.565393574513062283e-03
2.463854107864288379e-03
-1.768375913783000420e-03
-2.952271055128967078e-02
-7.760703614771030830e-03
-1.802390114793610612e-04
-1.689688450320086946e-03
3.640871360119671881e-03
-4.692452906162454702e-03
-1.254045051014230023e-03
8.027927894581253715e-04
4.390483407810449185e-04
-1.578729209662101465e-02
5.040323921165455051e-02
1.069735776761548268e-02
-5.741548207213974242e-03
-7.044661034826975310e-02
-1.879065957757946811e-02
-2.706090352734234414e-02
-5.808527004764317374e-03
1.153911592893601748e-02
2.214294612440900756e-02
-6.761198541210707274e-04
-3.359055901205413447e-02
-2.094569618388783180e-02
5.667701942236451351e-02
6.735675127708734555e-02
-3.224123576403815222e-02
1.481030699258348640e-02
-8.937801762380388412e-03
8.099304541395539172e-04
5.675498777194414902e-03
-3.056359209445553594e-03
-1.113073742013321807e-02
-1.502772497149979999e-02
2.418288489450464568e-02
-1.116538968499405753e-02
-7.838851283419370417e-03
-4.994085803217116620e-03
6.172841258438219701e-03
-1.091903467014764678e-02
4.366327987793999083e-02
-2.310036099854671093e-03
-6.658183605526614987e-04
-3.387791272923574713e-04
-9.583676483860725098e-03
4.379631981115095565e-03
1.497584974964712417e-03
4.025828055649774244e-03
-1.665694277053810998e-02
-5.309749519664246640e-04
-1.294691707654933507e-02
5.104779433966698775e-03
-2.960369531635178089e-02
7.219370307128828573e-03
3.099879143391563209e-03
1.359456674201958530e-02
-4.627706118592644913e-02
-7.658925054123363364e-03
6.600339922109718649e-03
1.461337270312866327e-03
-6.158770958685963991e-04
-1.760142429735011161e-03
-3.970830798725928992e-03
1.584786350974635993e-02
-1.486002091919714184e-03
-2.821284164023493864e-03
-9.920366819966205951e-03
7.659541591480985463e-03
-7.321153230886320862e-02
4.405946670609189701e-03
1.566870876946417288e-02
-5.976416817534409114e-03
2.811837778014754027e-02
-1.172894395719011659e-03
4.795609294497905906e-02
-8.668714301132722164e-03
7.913830389909957963e-02
2.939360731029151685e-02
8.842745449941336738e-03
-1.596383677851686070e-02
7.472109642868261792e-02
3.639160519635872316e-03
-2.877269243851749347e-04
-9.778633692271882852e-06
-8.740364193779283017e-03
-4.916633658268578649e-03
4.392178390446118200e-03
4.593516808565038453e-03
-2.974470983630821130e-02
-2.540237221593079006e-02
-1.923190928931579544e-02
1.993342993063855831e-02
-2.225707654535444974e-02
-2.590961825267567090e-02
3.220230541637219591e-03
3.761575999348995124e-03
-1.093546405456867349e-01
-1.245719212807692815e-02
1.596932967187143435e-02
2.798700833725654806e-03
-2.075137205812188808e-03
-2.412005844044835378e-03
-1.464799972696588515e-02
1.889213192506261976e-02
1.720642862323040539e-03
4.715972129602326833e-03
-2.836439397971321844e-02
-4.912725594998670897e-02
-1.254632358339827780e-01
-5.573278913620908180e-03
1.585717816418564033e-02
1.262496502687901305e-02
5.231141692706604840e-02
3.243414748803889053e-02
3.158679999492619572e-02
5.329423871776619442e-02
1.892092329262616557e-01
3.774096369971027126e-02
3.301372234263183492e-02
-6.769645997744624943e-02
1.524111644841221304e-03
-6.920325714410740375e-03
1.617927123250673116e-02
-2.286437357549165814e-02
-1.032749658534930226e-02
7.676444747203025297e-03
-6.437156658629886175e-02
1.113179116249908562e-01
-1.369864151824198850e-01
-1.379932951068048308e-02
-2.837096310423579525e-04
6.051670476115198621e-02
5.478671213533846049e-03
4.302820436041329515e-03
2.277405846961904623e-01
-9.999521937100579183e-02
-3.875890349364777970e-02
3.932530313461636041e-03
6.110874236610043704e-03
5.050625037174263227e-02
-7.769738045903068447e-04
2.321452356376473686e-04
6.433346911752992059e-02
-8.365192429534658303e-02
-8.196562750098548844e-02
6.579732822678817025e-03
6.774762640769482758e-02
-1.738733304157631110e-01
-2.185889915214883350e-01
7.973796761883029938e-02
-1.737953442766701842e-02
1.065796838648734764e-02
-9.331574080471494517e-03
-7.042654740443901606e-02
-2.936820548985625071e-02
4.604554412439763184e-02
-2.654949351949162373e-02
6.008822190175443570e-03
-2.208943985766196640e-03
3.244948653503017949e-02
5.660458813906901884e-04
-1.359742083229097467e-02
-4.607690171237802806e-03
3.010097566798666108e-02
-4.748573051166830872e-02
1.287801312621540163e-02
-2.298861183553013027e-02
8.896223696334541742e-02
2.162715361670156881e-03
-6.971193046473748989e-03
4.492940591911055714e-03
1.822088677967802564e-02
1.001199178572033215e-02
-6.906027279564447459e-03
4.324612393548864231e-02
-4.777941973306349538e-02
1.391321903952528766e-03
-6.753041270242057803e-02
7.432856515623816052e-02
-1.390717918958315202e-01
-1.677151511715629581e-02
1.782966196803771174e-03
1.684243158522542080e-03
1.821861465689061585e-02
1.041883743429857477e-02
-1.064772964487597888e-02
-1.423275723833614895e-03
-1.171798755313698459e-03
-2.515511998480215311e-02
6.949543889380467576e-03
1.954997475834427834e-03
4.872565435869668365e-02
-3.396074440185461226e-04
-4.256810036306428978e-03
7.607221969356698157e-03
1.226316659037781677e-02
-4.148169243223536092e-04
-8.915195909431534310e-03
2.738882659632863731e-02
-2.808827326964156296e-02
-1.675182693281440649e-02
-2.167835440887750254e-03
4.084693622588343037e-02
-7.861282800354388312e-02
-8.680205575598580817e-03
3.277868009598869370e-02
-5.802828996169948073e-02
4.028752365956290472e-03
-2.161883083161785749e-04
2.382303402171626842e-03
1.270625622979048089e-02
5.361997675074934612e-03
9.311116843056997661e-02
9.135765342767981911e-02
2.150585312134995972e-02
1.352246247445912548e-02
-2.784409329058464347e-02
-7.424087628215316793e-03
-1.997331776843374110e-02
-1.533114291548286767e-01
4.478782667134140888e-02
3.178793442944362335e-02
4.089614607605115081e-04
-1.358499068765456862e-03
-1.248381259774930009e-02
-2.395115574463767532e-03
3.121383676233676187e-04
-5.341156246797418988e-02
1.886747073628820826e-02
2.485498678495811839e-02
5.595941408271417651e-03
1.449358875617705843e-02
-7.632084040480730663e-03
-2.529261530012638474e-03
-1.148633701784886225e-02
-3.848173347771827180e-02
1.282426693653779606e-02
-5.651532633038568957e-04
7.832659960823294687e-03
-3.766564603967599047e-03
1.997573385795693018e-03
3.597796128003319209e-03
-1.256623972145610221e-03
5.535541219152042593e-03
-1.344042606650251021e-03
1.233654953144808133e-03
1.323148309708122375e-02
3.094910081427389766e-03
-3.193972971483446992e-05
-1.562304447299213113e-03
8.970524667472228649e-04
1.395232912418194540e-02
-2.420103177877688978e-03
4.269041749341734304e-02
1.454320576481213899e-02
-7.462857700364587676e-02
-2.393497385404695643e-02
-3.739828985600351496e-03
2.933490897677432790e-02
1.405088638224202737e-03
-6.747820835887959404e-03
5.634206337026749500e-03
5.761756092299822989e-03
1.180970948219989226e-03
-1.563293824948671328e-03
