-4.648953506921802425e-01
6.713103410590630371e-02
2.132392553392850577e-04
-3.784595906564295897e-01
2.305851011035641440e-01
5.688478963774021985e-02
1.191439518767098832e-01
-2.309602934459440426e-01
2.672141433246338904e-01
-1.678334515921288753e-02
2.781037581417600962e-02
-4.436109656527357226e-01
2.745597987940827656e-01
-1.825852662152700756e-02
2.444412790582077902e-02
-3.478777381259676726e-01
2.457603092312765913e-01
1.486315211284949533e-01
-9.936028504774726752e-03
2.131465532786772088e-02
1.861004146914186086e-01
2.310857059191620891e-02
1.369589317815795293e-01
3.057632481661320002e-03
-4.160771653775743352e-03
5.220534492200681886e-02
-2.680688246475620984e-02
-3.604933327471699506e-02
3.231185360122557776e-02
1.057417878177706883e-01
2.406659726190214441e-02
-6.662359656351693124e-04
4.669232078259588636e-02
-1.164982876387307340e-02
1.596817253194847408e-03
-1.252831039542398692e-03
1.236248622620639412e-03
-7.717687241632624484e-02
3.988450954844388607e-03
-2.375255141849694045e-03
-3.225679444770490623e-02
-3.818866249041288907e-02
-5.222193247151308941e-03
-8.412790388505017938e-03
7.053344585371681963e-02
3.808012453489886123e-02
-8.340051659922324487e-03
8.616011477770763732e-03
-8.028401795913270300e-02
2.049581136545218507e-02
6.243693478794326698e-04
-8.412473044072571503e-04
6.614793871402686876e-03
-8.392284074703321509e-03
6.509315293014716897e-02
3.639188546926759582e-02
-8.291960955648261175e-03
1.898939348498098270e-02
3.438584435501090136e-02
5.244222134749223704e-03
5.854962361321654901e-03
-7.118633595141617490e-03
-3.467272362863507013e-03
3.590716709142744434e-01
4.027767920952569081e-01
2.500647845857331131e-01
-1.162789913815444193e-01
3.737024987843916984e-02
3.848345049148337305e-01
4.728573703313391774e-01
-1.103065346237364595e-02
-3.090329438209001717e-02
8.889837640054981671e-02
5.377129845024096466e-02
-9.058781942991779579e-02
8.530696043899596570e-02
9.692177001400350059e-03
3.335779183373626267e-03
-8.786302545893801691e-03
-2.978816580092176827e-02
-8.223583682127638683e-03
2.797738778054457628e-02
-1.216984033893754417e-02
-4.316282476392373745e-03
-1.319133350423780555e-02
-3.758283159955093378e-02
-7.102874794909880447e-03
-1.267369810271854781e-02
-1.213975956239456838e-02
-1.463442196213275703e-02
-7.469393812756137951e-03
-5.072374184879601539e-02
-4.197042681013194582e-02
-6.269782477512746144e-02
-3.509855637260357597e-02
-2.656825808713554962e-02
2.162771130454128540e-02
7.455577650158605463e-03
-2.333901383077153103e-03
8.709284121004670989e-03
-1.982588632569116417e-03
5.459578589220603385e-03
-2.380349087915205851e-03
-1.489674760674842766e-02
1.745728478112313188e-03
4.140769243124370336e-03
-6.735140386237794922e-03
5.387978411705782178e-02
-1.180268574577734726e-03
-3.931878806938274989e-02
7.978370834159141320e-03
-6.347829609614989710e-02
-7.852866049474083177e-02
-3.365538076330488321e-03
3.919804269127394672e-03
-3.790763033993815867e-02
-1.484681233732711853e-02
-1.006303707888487990e-02
2.609609948672094587e-03
2.519831599458767068e-03
2.041273363832179035e-04
1.128328788306690516e-04
-9.597023166229275235e-04
-5.686704965179952996e-04
4.329373277289228221e-04
2.694498377375571796e-02
5.196869173286588865e-04
1.181424596594858253e-02
7.824957288087155266e-03
-2.518733004070262353e-03
2.148453046594681927e-03
-4.970404084923515584e-03
-5.941705715350649626e-03
-2.492153278035284889e-03
2.402312734853608717e-03
5.014160533664392405e-01
-5.133573584995896472e-02
-5.132207219852660818e-02
-4.340313406679478098e-02
-4.169334879002494637e-02
9.766760325502739978e-04
1.021615591823518514e-02
3.591614808527886227e-02
-5.271171519692419843e-02
7.724742813782489032e-03
-6.290943985894113105e-03
-8.609844193486061725e-02
9.006426299510827960e-02
-3.335767914360346451e-03
-3.116662558902879351e-03
-2.040380826301446161e-03
-2.037452240736206330e-02
-6.328822211448486114e-04
-1.430578865546843492e-01
-1.530326100500321168e-02
2.665995554529654657e-02
-3.359907847424573740e-02
2.214742483689340763e-02
1.549369826861451450e-02
-2.275889152120696285e-02
-5.870441411607582767e-03
4.814662879464381463e-03
2.588528153445441848e-01
-1.686286312999427453e-02
-3.444082462786941801e-03
1.024085171592832438e-01
-3.809964246037483154e-02
8.429033922363195208e-03
9.108631092619111011e-03
5.647651982567774599e-03
1.192741263814729030e-02
5.887636026846326288e-03
1.972315749544171343e-04
-2.429142178194478030e-02
3.704123125699224778e-02
3.466885374809370018e-03
-3.794215638619153740e-03
1.554284849785083147e-02
-7.762925665252581701e-03
1.599948919903267401e-03
-6.542963052595807127e-02
-9.707444062873849325e-03
1.386564496018876172e-02
-7.986462738088053945e-03
2.858251942274490334e-04
4.910473507010957792e-03
-3.942067616329892471e-02
-7.409476848704262160e-03
8.376017763334052142e-04
9.988888888734083851e-05
7.076666666682445046e-04
3.229647275461026710e-16
6.322955871007216473e-16
-4.567730480497461876e-05
-2.422991379709946201e-04
-5.088561319685562870e-03
2.313533396238015051e-03
-8.485561014624386960e-04
4.083604297969036824e-03
2.273615715946342619e-04
-9.275817013118100251e-05
1.937222222236744795e-04
1.672166666665665267e-03
6.879818079988723328e-03
-5.459507810523679151e-03
4.255833914625925876e-03
-6.558271043744964314e-03
-4.347777777776784861e-04
4.724988987674353912e-16
2.076273051227870179e-05
1.551917244620197025e-03
-6.985533132279483741e-03
4.954709417511231817e-04
-3.798888888901109234e-04
-6.357895963831934963e-03
2.022765803666506761e-03
6.211111110828786911e-05
1.914333333333916726e-03
-6.295790531899017951e-16
2.160142560270375681e-16
1.158330199328213038e-04
-5.099346909499189980e-04
-4.757320778446773833e-03
1.013018662948364469e-03
5.770156061541379007e-04
5.186943683759427833e-03
4.048737723911656592e-04
-4.319956358479547058e-04
5.927777777958616052e-05
-1.251166666666564137e-03
8.606856880540894941e-03
-3.247428891205390855e-03
1.636301571939929389e-03
-5.848014719980530393e-03
-2.039222222221479756e-03
8.445488769451278533e-16
4.580347416252999212e-04
7.832955848437731699e-04
-4.641041625204830011e-03
4.663258956264287251e-04
1.907888888887736582e-03
-4.562920685952898472e-03
3.234302094386301389e-03
5.640572376525045950e-01
-3.887191845757756448e-02
6.663738584756068173e-02
2.468983533150498622e-01
1.239424120089686193e-01
-1.493645567298310106e-02
-9.842896273328605172e-02
-2.219283350361199170e-01
1.143822112142811737e-01
-5.628943481218192865e-03
3.783891981993028290e-03
4.165852738740236788e-02
-1.101341048013690094e-01
-2.292249237963456601e-02
-5.854519716013804539e-03
1.659049372469474301e-02
-1.052757870221454790e-02
1.210929903694748936e-03
-1.806758853525396447e-01
3.925503513319229115e-02
7.611510676602303849e-02
4.877353388694866121e-02
-2.430612237394730313e-02
-4.358700749446991346e-02
4.523566431587715264e-02
-1.100281851297693278e-02
-7.858130270547748764e-03
6.021063973178004437e-04
6.556279595272186504e-03
-2.347760581546406294e-02
4.285436227332858200e-02
3.943094445046364110e-02
-8.717935942508787603e-03
1.381774078873903092e-02
4.172015482802242381e-02
2.574934157287638286e-03
-8.984922084035181595e-04
1.093254006205094265e-03
-3.052754200852865127e-03
9.193086579742104636e-03
1.192620092667013611e-02
6.055508045720004416e-03
-5.091242070453964874e-03
1.213443338461626161e-03
-5.433132468534198657e-03
-3.745842915926113478e-04
-3.244921073632804631e-02
-2.170236867335609277e-02
-1.378314357814881645e-02
-1.539274407637152529e-03
1.260198402448164555e-03
2.258382980739962733e-04
-1.662921462317565021e-03
-7.450526146185676912e-04
1.555180814095100950e-01
4.706273038134287795e-02
2.316355146227251083e-01
1.001038724178661965e-01
1.627599146913320804e-01
1.040612631747598682e-03
1.601428463350661191e-02
1.400811863609818242e-01
-5.681561640485352808e-04
-1.395533442601501299e-02
-2.350825729675088543e-02
1.698025055727500968e-02
-6.651610438891935456e-03
-2.198834269635227198e-02
3.295384314152860483e-02
-2.583714180765015259e-02
-1.240590338226468456e-02
-1.028721243540361464e-02
4.880906350765519888e-03
-2.318421348471998850e-02
4.170763408614507756e-03
-7.652493681342195783e-04
7.277777692795731404e-03
3.117953526424629713e-03
-1.221777297023516895e-01
3.109211075828110515e-01
-3.406704466142490006e-01
-2.154679737245397686e-01
-4.174458733207079414e-02
-1.603620895489386508e-02
5.674127853253043904e-03
-4.141234603548587384e-02
3.794081593498040833e-02
1.997522940645535261e-01
1.854235868319021596e-01
3.345177062844065241e-02
5.142809752220614539e-02
1.237968290130050386e-01
2.119555485073035539e-01
3.523954140152963516e-02
-2.176630881313800642e-02
3.741773738011942158e-02
4.332534636758590685e-02
8.272855517039620285e-03
1.358117767660687453e-02
5.891860651710007640e-02
4.840374593702562872e-02
-4.710845026769475488e-03
-9.219967890189124937e-02
5.934439584487635755e-02
6.691492126670672835e-02
-2.578175027955422263e-02
6.166381414289260308e-03
-3.198503277205358430e-02
-4.867054292533199572e-02
-2.831882984522272190e-02
-9.813237071209917131e-03
-1.166660113999238788e-02
-2.014815723273554599e-02
-1.909383822164701858e-02
-3.045500636560340840e-02
-6.812431090329623858e-03
-5.404933047077212227e-02
-2.387935383234269029e-02
-2.744506565884459156e-04
-3.146899330530313066e-03
-1.318739289420062938e-02
2.822481311061538455e-03
-1.722409199901905885e-02
6.433679140135615225e-03
4.794979210179740360e-03
-3.798786164409182192e-03
1.276279522163419012e-03
-5.279957321242084202e-03
1.327981911036259450e-03
-1.409642502370573106e-03
-1.972087474081383497e-03
4.196176874697446556e-04
-3.488074026498284332e-03
1.410621497857731960e-03
-1.310547675789439830e-03
-1.663878510462055149e-03
2.181263647250563547e-04
-6.643132955806118874e-04
-2.254990938239582934e-03
2.317161850274727670e-03
3.382404174564368482e-03
-2.577993957116026837e-03
-1.789078190847066385e-03
5.790731683901338689e-03
2.629374902412680032e-03
-7.768368243594713299e-03
8.304315697229081375e-03
1.296853131710517160e-04
1.223964083315312243e-03
1.553768179871277237e-04
-1.914872802887567383e-03
-5.634849633708711308e-03
1.423766711317680459e-03
-2.903376749122779481e-03
3.275630778648818894e-03
1.311637496185590578e-02
-1.477706709262739670e-02
-1.063614345572193743e-03
-2.298571564893860109e-02
-5.238719682044520182e-02
-6.428004431426304066e-02
2.392069514443068579e-03
2.842321343928315598e-03
3.174401492104186699e-03
5.687803356915918651e-03
-5.847176819786736261e-04
8.734885261544957091e-02
3.237338113470483725e-02
1.818381346317766434e-01
5.915596196916381166e-02
1.610855917447335042e-02
7.369584046407273714e-02
-3.460805409809925969e-03
3.543551559277195728e-02
1.480727435540962755e-02
1.138912972281706619e-02
-2.253629209505923509e-03
-2.448023921521114143e-02
-1.042672718085617053e-02
-6.865152686895149500e-03
-1.374856047825111531e-03
3.732098956788663046e-04
9.266117172335683631e-04
-6.656861511165249696e-04
3.604328968835964105e-03
1.515369571961301047e-04
3.050606095793880618e-03
8.914459351138679993e-04
2.039350957996707674e-03
2.490474342671490475e-03
2.933675712236885201e-04
-2.823817416250140426e-03
-1.178631925164066313e-03
1.060536761199152916e-03
2.772279918925565955e-04
1.718618420865274153e-03
-3.243288032615589036e-03
1.180349974472053856e-03
-5.977210725548482567e-04
1.458054621337110876e-02
1.044003763834959811e-02
-1.883819619804885052e-03
-5.674719294817113374e-03
1.003562142760068250e-03
1.835071675759127009e-03
-3.978604242628787022e-03
-2.945501655420271984e-03
-1.382560209720780017e-02
-3.071455043626538425e-03
-1.621439065130596572e-03
1.676037209975922730e-03
2.454720727718069043e-03
-1.293544835157027333e-02
-1.179951304652807883e-04
-2.297591267638614612e-02
-1.415226002546406819e-02
-5.633220558544645845e-03
-5.057916989790326931e-03
-9.820888847540367589e-03
-1.881108586887443937e-02
-6.018078112241628808e-03
-3.176716859412168081e-02
-6.459564729690169720e-04
-7.111921501102057633e-03
3.732412779960472132e-03
4.555540954453753295e-03
5.522457016372835786e-02
-2.677305684053102666e-02
3.691399615207756335e-02
1.111661266131953318e-01
1.571707613457591080e-01
1.913130871451454440e-01
-2.204919617028832171e-02
-9.369714220862165486e-04
-1.686877750386468061e-02
-5.370699221785306746e-03
1.055552598530822700e-02
-1.043910696222865708e-03
3.786564633877073649e-02
5.254461461631390606e-02
-3.441822188270216715e-02
-3.203624891812507924e-02
-1.931744150386848977e-02
-1.296695473738812034e-02
-9.249707868006079581e-02
-3.436989331478018661e-02
1.655924441106600836e-02
9.211832522803406129e-03
4.204049391409325764e-02
4.520450908837752441e-02
3.407271310955481414e-02
-2.919962535970988537e-01
1.347948761185494698e-02
-1.050036659162367214e-01
3.181591634010603326e-02
-5.513874041975324464e-02
2.532826458623222213e-02
1.170484526364688402e-02
-1.452512469363776348e-03
-4.409436199338877260e-02
-2.541366439010556838e-03
-1.199448707458235230e-01
-1.802864870794151364e-01
-2.073080884647914013e-01
-1.097096822935372112e-01
-2.094956865478044272e-01
-4.218835472693343441e-02
-4.540877584452106264e-02
-4.015262556132124377e-02
-3.686904108599819291e-02
1.238001698182218842e-02
1.155791750115885315e-02
-3.571464723504419025e-03
-3.350608096880022379e-03
-3.755788295458105386e-02
-1.351069108754750095e-03
5.015126069249069979e-03
-3.283721410273691965e-02
-6.724572855331316032e-03
-3.462955378295174032e-03
1.404159536681100207e-04
-5.384874579656825574e-04
-2.148394270411615667e-02
6.637012215862591984e-03
-1.471636455173113301e-03
5.966277160022783084e-03
-4.172976968872572079e-01
1.245960706100091575e-01
-9.761614121165672927e-05
6.666881623539484304e-03
-2.476925812825780115e-01
-1.022439278970588006e-01
6.346071788479716418e-03
5.290147161703325461e-03
1.898405106334761019e-02
1.792496099621056606e-03
-5.486067037985168683e-03
1.334943590486190046e-02
-1.447473083905994901e-03
-3.339092525539460142e-03
-1.655037652295020560e-03
-1.847247204745668548e-03
3.418837225125742358e-03
-6.281543150415010851e-03
-3.141451026929453771e-02
-6.311935489035531976e-04
1.508395903370875202e-02
-1.758444396571779214e-02
1.474458404003578527e-03
-3.764534689597829730e-03
3.423594480797494122e-02
-4.467996854302237753e-02
-4.269898817240185517e-03
3.836274309265057247e-02
8.756782544719149408e-03
-2.074020335548843255e-02
1.442755593227764213e-03
8.132372237167046327e-04
2.104676194918635255e-03
-1.409805392223264023e-02
1.514815536209164308e-02
1.306564595387635086e-01
1.746330206960093525e-03
-7.040987897507186045e-04
-8.110651426485940285e-03
3.647597458689837147e-02
2.307017802875658552e-01
7.946800953336390083e-02
9.149834342150604816e-02
-6.189567761158990544e-01
-2.759088698744222370e-02
1.991889180170912377e-01
9.497771448757581780e-02
2.551892309902805550e-02
-3.188225769263419718e-01
4.843034864500917469e-01
-4.102285289778653810e-02
1.309535962462409289e-02
7.336796070597723443e-03
-3.667305441395453669e-01
-1.539045449569783480e-02
1.074591591440256511e-01
1.997086950507219114e-02
-2.951216027546672144e-02
9.931900198820318992e-02
4.043013381897589409e-01
2.132737223811067076e-02
6.683833352063051070e-02
6.386232073668628162e-02
-9.511369594336642821e-03
-1.316566047619167207e-03
-1.916074485323571511e-03
-5.668475377419364934e-03
9.044619813332456341e-04
4.374165237663756034e-03
7.807095888788318991e-03
5.801024485351819610e-04
-1.535629699009053439e-01
-1.006532539448392327e-01
-1.127371162102972640e-01
-1.726306522060567228e-01
4.375685164311043755e-03
3.020958523599969608e-03
-5.353277744422769123e-03
5.344975280914176542e-03
-9.541683168985078123e-03
-4.924990731411945516e-03
-1.229956378067620648e-01
-9.107327031276840623e-03
-5.398977323545468832e-02
-2.692581793990447281e-01
1.161894930421315461e-02
2.175578456902988594e-03
-1.840844182572688725e-02
3.863163719414575842e-03
4.705377123871955225e-02
1.698636645295549096e-03
6.243433762958829850e-04
3.399382794776550920e-02
3.818839805784743379e-05
-1.460235305053472603e-04
-1.161762305442245330e-04
3.818839805719291449e-05
-2.955727831180269584e-03
-4.953029069431742976e-04
-4.121425818050684768e-04
-2.880058612575595294e-03
1.363044174814301411e-05
4.578211774536078177e-04
2.461586074922715583e-04
1.363044174811665614e-05
-1.414183269998688271e-02
-9.200148508677421372e-03
-6.674967091009859771e-03
-4.196805819669989501e-02
1.781936430052500362e-03
2.823642400828407155e-04
-6.171523395902654566e-04
-1.861667669685635933e-15
2.621835877499555795e-02
-1.487055586746487308e-02
-1.566793751680485569e-02
1.100374139707124312e-02
-2.521005476379310495e-01
-3.084531785440663976e-01
4.492710941588264062e-02
1.662356235874747935e-03
-2.803092754791727467e-03
-5.446612130853524178e-03
-5.246547473562028843e-03
3.188373675179485660e-03
-5.912198580459382402e-02
-8.304658824220002844e-02
5.725340636875441563e-02
5.316295862224900554e-02
-3.907025699513478126e-03
-6.096288039509728009e-03
-6.839168843249819607e-02
-6.830785399899240440e-02
-2.318813950184107214e-02
-2.711418716445049976e-02
-5.900415715684916018e-02
-4.640703135319395461e-02
-2.032778797816208339e-03
-1.610232311220892443e-02
-2.694143374344901837e-02
-4.551919929404511442e-03
-3.091273107074137168e-03
5.423575860205450197e-03
6.709533895863860689e-03
-1.688869863380986673e-03
-4.869872927356006659e-02
3.671290150276286437e-03
6.862154212323578507e-03
1.513292695746664418e-01
2.121139865409319980e-01
-2.705392266983927627e-03
-2.077290260467664143e-02
7.878138523462770160e-02
-2.927700156488135044e-02
-1.285724974416600948e-02
3.857152546908494163e-03
-5.358981578842958449e-03
2.585012710599683184e-04
-7.618144602797564556e-04
-1.086649674175817724e-02
-1.108331782360705807e-02
-1.321192591256644677e-01
-1.047382821588689616e-01
2.867016998988732371e-02
-7.722811692486681277e-03
9.280310345843484007e-03
1.861917393275609039e-02
1.451794763462585861e-02
8.629059738687867506e-03
2.105515330716062339e-01
3.994535205208417372e-02
7.341449042123765305e-03
2.401672455872365386e-02
-6.757777166784169343e-03
-3.283227070111786709e-03
-9.280682698601707900e-03
-1.320678652282042224e-02
-8.935874227669815539e-02
-5.548037657082183390e-03
5.720116548920683129e-03
9.849550328329957291e-03
-1.108558764586210221e-01
-5.299413753924448606e-02
6.567406546289588677e-03
-5.324912198279653551e-04
6.554122673933003920e-03
1.288086341641992176e-03
-9.673689815382342447e-03
3.950849522602070674e-02
-7.760303925976195431e-05
-1.024762403619022995e-03
-4.226416543912234029e-03
-1.963474163941081665e-02
7.204316725049347706e-04
6.270042569430837529e-03
-1.728087338740207004e-03
1.158427194754077343e-02
-7.910445933867358767e-03
-6.381601226099804791e-02
3.029571841879612464e-03
8.965175564955549931e-03
-8.807154879645552603e-02
1.556206918871798871e-02
-1.741151377356958642e-03
1.524036233922817542e-02
8.293322461339297600e-04
-3.816673144963542846e-02
-2.942349034722165776e-05
2.991099045957548632e-03
3.097621058299337201e-03
5.174414377963168152e-03
7.211809738394009579e-03
3.733413289069230454e-03
4.537159260281876244e-02
2.813329337376872102e-02
-6.580003049597625553e-03
-4.725133910783200879e-03
-9.093609187279265774e-03
-1.138626143503852425e-02
-4.551635834981054146e-02
-1.042150246697791903e-02
-2.609046651971591579e-02
-1.046906940991981366e-01
3.379041439793621648e-02
5.304612533753498213e-03
-1.173835114755696941e-02
-9.379593743320889521e-03
4.190066103007972914e-03
-3.417708187715113406e-04
-5.574999698062426193e-04
-3.430341883814751799e-03
1.847670274013896857e-02
1.177113426850401410e-03
-6.323079522624850193e-03
2.174197359076097610e-02
1.631438664171976777e-02
-2.085257298823273880e-04
2.823752988910654548e-05
1.851258377011485989e-02
1.652261496186150898e-03
3.555251836335959547e-05
1.175456060957375096e-04
2.471388793310987791e-03
-1.162562269104159968e-01
4.247027993779685910e-05
2.176636637490437197e-03
1.360569555121696932e-03
-6.637070934362650221e-02
8.846329072974335773e-04
-3.338306218704847070e-04
-1.477020638332691704e-01
-6.475237431250750741e-02
1.595978769007772553e-05
1.400343401755142899e-03
-1.094791786987130838e-02
-3.943903346548137401e-02
6.430850532615431251e-04
-1.850519360652415823e-04
-7.813680596149391588e-02
-2.330721358088892400e-02
-3.328832090826240511e-03
-3.563633138490909357e-03
-1.152721090725414982e-02
-2.836650130336211828e-01
-2.887315611074480967e-02
8.945593611536326734e-04
1.101171186022745566e-02
8.430150229312241908e-03
3.350224283211594538e-03
-3.644663297579225501e-04
3.710206466894110360e-03
-9.102551594408415242e-03
-4.651598876930592222e-03
1.760135420473703943e-02
-6.235666613917887485e-02
-1.438327890534492060e-01
9.215321673276896317e-03
-2.259885027474074493e-01
5.751826215865668036e-03
-2.376336807396894554e-02
-1.502102320334511576e-01
-7.837522734097870925e-02
-3.697559938522520986e-03
-9.576146758779444448e-03
-7.677827578895347893e-02
4.715327076571967230e-02
-1.138004205346736936e-01
2.872899492093032581e-02
1.277786271624117842e-02
3.302562153910128945e-02
2.365902747229917721e-03
2.111632784857352119e-02
3.039447092905841249e-03
-1.282146631330353254e-02
4.476135632565127892e-03
-7.301724716357920787e-03
2.529003260208728329e-02
8.183975057114389190e-03
1.477182672245241739e-03
-5.426199130204775170e-04
-9.286509562022510211e-03
3.930015962334000058e-03
1.274728497800718761e-03
-5.636050889269169674e-03
3.551875163925848500e-03
1.068612972123466308e-02
-2.993802295500365418e-02
-3.101050216152507946e-03
9.870039395743539223e-03
-2.938451342029512262e-03
1.170529300697044708e-02
-1.960230095929450887e-03
2.495455765459151168e-02
8.851137442501304936e-03
6.626790569015216913e-04
-3.925671342437473711e-03
-5.070199376854986513e-03
-2.006404651945183429e-02
9.791302857184071978e-03
-9.795581241849067936e-03
9.842287129248476416e-03
3.368149304209595851e-02
-3.024637017130035396e-02
5.293126377218447878e-03
-8.329152727098308034e-03
1.689169355656735400e-02
-2.826537411491445145e-03
4.318662333115367430e-02
2.942118106865675500e-02
6.470517757631653877e-02
2.212220032801764241e-02
-1.214281982432798696e-02
6.305336168926231003e-04
-1.487317234878748548e-02
-3.103244549359637436e-02
4.745544301348846895e-03
4.050492641573977259e-03
1.190516964276028267e-01
-9.876822628549370917e-03
4.436510382901307642e-02
2.266234282806747768e-02
6.973135233962073076e-02
1.736720646717932956e-02
-4.200720457235684012e-03
-7.683502356041534836e-04
1.901056285261129206e-04
-1.208875746382316423e-02
-7.303651133651362093e-03
-4.661017916867155053e-03
7.252955839631124342e-03
1.049233198112860671e-01
3.327184603412848551e-02
2.405493801678545290e-02
1.410477983005389846e-01
3.765590817498662424e-02
5.398607947402179336e-02
2.247469691842286510e-01
1.116879985553542731e-01
1.329616477355126392e-02
3.160771109789398126e-02
8.594896241596618192e-02
4.749581725860655551e-02
1.199652294203365152e-02
1.817857209703106422e-02
-1.824174807596359027e-01
3.596924609832518466e-02
-8.550226834619112717e-03
-1.011977314382165281e-02
-5.330133545827046848e-02
-1.197374135612565976e-02
6.325752493873944803e-03
1.432038727700642590e-04
-5.439742756275440155e-05
-2.711153689059515610e-03
1.902258419026633257e-02
-7.057862079348049648e-03
1.042066376517496520e-02
-4.059228305792508124e-02
-1.403513130799647268e-03
1.307595164524151836e-03
-7.172828849321423970e-03
-5.265309563067333345e-04
-1.022612132671706260e-02
1.179158497567267582e-03
-1.369889423989431934e-02
4.638577952586799003e-02
5.697001537805681214e-03
4.079611210979269126e-03
-1.166222452445010266e-04
-7.773058492261434964e-03
4.846437873150004870e-03
-2.039695682987433326e-02
4.761033490890297613e-03
-3.834596708642191293e-02
-4.250159035219058454e-03
4.880175857539865991e-03
2.995906642759151375e-02
-1.422106759592705813e-02
-7.105023324504783529e-03
2.500680942036358234e-04
-5.049875904618946615e-02
4.301580395982394084e-02
-5.965855264245881889e-02
-2.043700236390455678e-03
5.927904270543885024e-02
5.061364695688736273e-03
-2.064385017810730846e-02
-5.102136310396931940e-02
2.144837362831484434e-02
-1.181982329818808720e-02
-1.292974115529191559e-01
7.209490868991077269e-04
3.552967027650134196e-02
-1.325733528976565968e-02
7.348508070596146413e-02
-5.068678074054159405e-02
5.060101520934177748e-03
-3.664525148744126465e-03
-8.572102225982058954e-02
7.502818837575427275e-04
2.825415912663647999e-02
5.186146832888198499e-02
6.186318778319115086e-02
1.261432060297098222e-02
5.879630685399282047e-02
3.248975177617530880e-02
5.796288931695134372e-03
-9.248703376914007429e-03
-3.856106069827369026e-05
-7.910804197555145487e-05
-1.015246283743802269e-02
-6.914969900022968239e-04
-8.339255564409208492e-06
-6.203645917212457172e-05
-9.202194679123404993e-04
1.601918977280271730e-02
-4.980771337428322880e-06
-3.212096447581361844e-04
1.137901037533466109e-03
9.425237956552871138e-03
-1.389201508246337387e-04
4.589902021106590278e-05
1.988452990165889139e-02
-1.441727079552111018e-02
4.482694203116847051e-06
2.890886802810152295e-04
-1.024110933779790204e-03
-8.482714160897571881e-03
1.250281357410705475e-04
-4.130911818911114046e-05
-1.789607691149292315e-02
-2.473439467821020310e-01
1.714719699017927534e-02
6.378130477282716905e-03
2.393839613216199383e-02
-6.296751588662101440e-02
8.025162800693041998e-03
-6.867576283163596106e-03
7.797915005894513057e-03
-1.641927188028950713e-02
6.002468804955992873e-03
-8.940965549011470337e-03
-7.892288684788793807e-02
1.030427086664109648e-02
-2.279486062786417397e-03
5.325497167007044695e-03
-1.800300692921135218e-02
-1.466314257326594794e-04
1.436430305393193545e-02
2.894487775062053875e-03
4.934685789493515988e-03
3.134661405531748157e-02
1.286239346874157585e-01
-1.816645664920666509e-02
2.417641549788910466e-02
-4.351808923966873043e-03
-4.303552622961416378e-03
-4.772170847498042288e-03
6.010942289561861489e-03
-5.913756984289551821e-04
-4.284744334119221058e-04
-2.059405661905685039e-03
4.384940940064840139e-04
8.405003263053302531e-03
1.017955330532828613e-02
-5.645436014703406882e-04
3.570572830258738652e-03
5.028798211209590738e-03
-1.004371721826125864e-02
4.470086877664530963e-04
-2.225187220395953656e-03
6.766168737979954412e-03
-3.216947443793304572e-03
5.293260086785682959e-03
-6.733580337569553334e-04
1.038110266656719349e-02
-1.907600141763921096e-03
-1.044989084818731540e-02
-1.199860978222095850e-03
1.174692398144605576e-01
1.030143418343362344e-01
-9.494583720963298626e-03
-1.035690557704027452e-02
-4.036136404311468223e-02
1.996560117892029560e-03
-1.920263668681385372e-01
-1.403001208017534973e-01
1.334604208373088401e-02
-1.032272295905349926e-02
-3.941118666484611064e-04
-1.769977547787719707e-02
2.429014104808907212e-02
-3.466897061821151097e-03
1.377177617296737773e-02
1.335153259400108927e-01
3.156044845678843353e-04
-2.711800894650258711e-04
-8.733877735013515029e-04
-1.930552676536745338e-03
1.110622432187058882e-02
6.259091853142191922e-03
9.294467847010169301e-03
-6.675414509164903989e-03
-8.905540038242266976e-03
1.351625140654748227e-03
-5.170763564835618477e-03
1.858546814924191262e-03
-7.546649943647891490e-02
-4.162555754433476529e-02
-7.187291599423225631e-03
-4.344158766219970158e-02
6.712202133660034008e-03
-1.168117476633437346e-02
-1.381454028269868926e-03
-8.471500859434221570e-03
-9.773912559349685544e-03
-2.816455059234467418e-03
6.633804438447211960e-02
8.431239456836756019e-03
-2.919812704931253888e-01
4.581391571273864260e-02
4.634896589003406620e-02
-5.833450592655931716e-02
3.055798437109962309e-02
2.141382100526117993e-02
4.704072565528631400e-01
-8.632624871754888962e-02
-1.649312530468562826e-02
9.479869758676489830e-03
1.688190759485406209e-03
1.810691487914458227e-05
1.197552102633585606e-03
1.288101456949425610e-03
2.627058952350793883e-02
-1.584184780576782664e-02
-8.032168623998246770e-02
5.822660985809272050e-02
9.766719646476762842e-03
-2.016304638118047998e-02
1.041862004545123996e-02
7.035957268713264115e-03
1.260586296865507105e-01
-9.545915504235874538e-02
-8.248462133581073094e-03
-4.000317620290612906e-03
4.202937899696977397e-01
-4.009252781810462851e-02
-2.973332231969585005e-03
-4.340194235784283067e-04
-2.640137446658611439e-03
2.263690023543918003e-02
-6.737993218873996465e-03
-1.818378250795408364e-03
7.950585100124078763e-03
-3.737403413724536654e-03
1.955519487635982989e-03
-1.781082941066608125e-03
1.273145418943560448e-03
-2.587388269151648813e-03
-5.939624867191072022e-02
-1.384906562684184821e-02
1.230148030267792791e-02
9.451185448526400190e-02
2.518702077960809776e-02
4.112308477111913108e-02
1.747709479667131638e-01
1.479876785881862888e-01
8.187677914722737635e-03
7.166714398362956581e-03
4.737019973085120073e-02
8.399119790025620647e-02
-2.435791170418911966e-01
3.880809481742433092e-02
2.435328455179720450e-02
-3.802801781546476939e-02
-6.130995843264262085e-02
4.487994941809357596e-02
1.909597620144248137e-02
-8.989388781740978440e-03
1.257167924895116751e-02
-1.437252514851374008e-02
-9.654831855153100245e-03
7.552265275708644997e-03
-3.815391127036322355e-02
-1.946143681045928511e-02
-1.792894220608205746e-02
1.800639163954446953e-02
-8.041260010738328357e-02
-2.612557695441700481e-02
-8.321291208262973464e-04
1.836014505587541033e-04
1.086130758556392711e-01
-6.507065040174660718e-03
1.049242195309199512e-03
-5.582613888056215962e-04
-2.791032987409827661e-03
-2.445339423983353133e-02
-1.944582483834352352e-02
3.051613392091383214e-02
-4.664861148141704467e-02
-2.178278109441904586e-01
-1.020922927262842526e-03
5.883340263335511524e-04
-1.482503337306101399e-02
-1.757603622630827048e-02
-5.162097897996011575e-04
3.842867438934596380e-03
-1.466321538744649877e-02
1.110151365860942603e-02
9.283428300777511874e-04
-1.377055667162111786e-02
1.535096888574245810e-02
7.933166774625688422e-03
3.274093438768750641e-02
1.011358944249063190e-02
1.205146315605476054e-01
6.945779850049001169e-02
7.635801314625572343e-03
-4.510660786271883209e-03
-1.265955762631768705e-02
1.230511114456982018e-02
5.603077414175713401e-03
3.017775660370201982e-03
3.895594127925243733e-01
-6.483596685198764198e-02
3.990305437354369172e-04
-7.979491316347859381e-03
9.557669032619543759e-02
-7.437613220061352337e-02
-2.428269855336144620e-03
2.673256685967694262e-03
-2.109797242223447958e-02
2.490987267416593792e-02
-6.276449895258769812e-03
1.131333422045501837e-02
5.760160440830541101e-02
3.431645981416495128e-02
9.327948135146355013e-03
1.224390667654147724e-01
1.198401143712885392e-01
1.508669686228201190e-01
3.786548131873316431e-02
8.568977466923094477e-02
