2.848204762080683281e+02
1.729488497731747429e+02
3.504356971153375633e-01
2.846233766799779232e+02
8.767937264440716660e+01
1.879856008473609279e+02
1.072674164239062407e+02
1.933995304076171919e+02
2.276046738887817611e+01
-2.751042225282643017e+01
-5.865023844543118869e+00
-2.242562743429684957e+01
1.643319593119279887e+02
-1.586694307878446430e+01
-1.720804640467342050e+00
-2.121197206890671083e+01
1.729164477401021998e+02
2.478516806142274831e+01
3.958753236655403462e+00
4.008078586076937455e+00
1.489957438016256042e+01
1.635228351821109882e+01
6.418100578823771940e+00
3.656881946301007602e+00
2.215682951535769263e+01
-1.107843269451435297e+00
-2.007483648385042785e-01
-4.866009283269961294e+00
9.877843500944305521e-02
-3.243275498068611373e+00
-3.691430888538467059e+01
-3.872931934991024860e+01
-1.562259963250987260e+00
-2.989236736368941827e+00
5.250018591172162630e+00
1.301441067039869059e-01
-1.898954204124590817e+00
-5.317981570338665698e-01
1.632939514733786623e+00
4.458890701746749952e-01
-1.452088559045320526e+00
-5.978014516998003813e+01
3.874606629459239571e+01
-2.336788725115012610e+01
-5.811636363521530058e+01
-8.895093871872366265e+01
-4.527255005234282947e+01
1.520635880941347295e+01
-8.921003723262057861e+01
1.868217181678738470e+01
9.944112973920560705e+00
1.026574348016688276e+01
6.032095112863708586e+00
4.545968794317266415e+00
4.744747536914477593e+00
6.720950428060800341e+00
1.084679075308353502e-01
-4.955791146175564599e+00
-2.095666228358477046e+00
-3.625531448608373175e+00
-5.594792351523043550e+00
3.612515601913512953e+00
-1.230643798912362108e+01
-3.896413563443204886e+00
-6.397844609382692393e-01
-2.945057091346155342e+00
-7.374098557692619904e-01
1.272600970363914286e+00
2.366560146121782782e-01
-1.004106570512665851e-02
3.318409455128429886e-01
-7.214359301416736203e-01
-6.571606406985194271e-01
-2.742970687599577406e+00
2.822677461926982323e-01
1.249072791743732758e+00
-2.202030487331122721e+00
-4.653905320523361588e+00
3.221834038344137396e-01
2.247648326965017915e-02
-2.429162603284125144e+00
-2.155866096618238803e+00
2.942282648468542705e-01
4.994206522683296012e-01
-1.782992635146766758e-01
9.659465223025513581e+01
-1.422446776892359708e+02
-1.313695120147378645e+02
-4.621891182664602837e+01
-1.052215638468027237e+02
-2.297490130206003016e+02
-2.295224843079621166e+02
2.261356348803127148e+01
-1.763272179641482040e+01
2.480052687235493281e+01
2.497858323215780985e+01
1.361530910577073072e+01
2.041778189454617376e+01
3.630402109669063293e+01
3.608281988674266927e+01
-1.225639808041661283e+01
2.059133154357488849e+01
-5.002830739994250375e-02
-3.390888669734757332e-01
2.001738256994675069e+01
1.624053602309348676e+01
-3.918558118517105449e+00
2.185583505376207658e-01
6.468256536621008301e+00
-1.045462049821008144e+01
2.666374461281252346e-03
-3.396586675433481139e-01
-4.959813536416111113e+00
4.376076140816709703e+00
-5.977970179318345068e+00
1.322842370618137475e-01
-5.804963997206139759e+00
-1.713040865384765354e-01
8.248697916669740782e-02
2.026134875542080216e-01
-8.548997780518955425e-01
4.882756855412992980e-01
-2.613570601851897379e+00
-1.438274520064738176e-13
-8.055908570270430045e-14
-7.995204635106677449e-01
-1.795759368835658787e-01
2.053661242602451142e-01
-2.697767504931016358e+00
4.210426087254536301e-13
2.678410815162611955e-13
3.865202874132943842e-13
3.314315680086275411e-13
7.606564349112329149e-01
-8.211569280079394906e-02
9.654924802763144298e-02
-6.357226947732195210e-01
9.584403982397654697e-14
-2.688665415166326606e-13
-1.773045733952064294e-13
1.356853754190924723e-13
-2.148226050569721490e+00
6.301582532050669094e-01
2.325237216296910286e-14
-1.462015976182952249e-13
-6.011138322426465841e+00
2.459060210179214501e+00
3.139655125706999807e-03
-3.119589949613908342e+00
-1.054340865392805782e+01
-4.976943174143077520e-01
1.600269344355869927e-01
-1.996146045188200091e+01
1.225697940203224423e+00
-1.285879437169447637e-01
9.675139536484995695e-01
-7.611653215828756425e-01
-8.035778372455812502e+00
3.080704283205803584e+00
6.586055217476404211e-01
-7.935514746926387586e-01
-5.690525739642813718e+00
-7.338929922802351768e+01
-7.350260921564330374e+01
-2.813690360692666914e+01
6.155571923569378434e+00
-3.818807991931509349e+01
-3.662198712401477962e+01
1.336871358323635306e+01
9.604436321164921964e+00
5.774601942158488654e+00
5.677351476550414056e+00
2.859236727762270114e+00
3.121928739369749906e+00
3.663821047457227031e+00
4.251674700048087452e+00
-4.269011267206153093e+00
-2.177453255470158666e+00
-4.712395218486044257e+00
-6.982287326507612413e+00
-3.074797231402401465e+00
6.427042250427001058e+00
-4.547741144644296130e-02
6.774919816645400550e-01
3.740341299536146025e+00
-2.603898937892701881e-01
3.229837549682940123e-01
-3.547679717836642044e-01
-5.448087439018118872e-01
2.851371201595614124e+01
-3.414844820890381882e+00
-3.504528401590619069e+00
2.441339937049872955e+00
3.167901008142399633e+01
5.199479725907589511e+01
5.158116633608609192e+01
6.302721474870858742e+01
4.273203106470700341e+00
3.317282411981311796e+00
3.390956035059314644e+00
1.778965976114283976e-01
4.792891247823057865e-01
3.525523204290528678e+00
3.170375808347786428e+00
3.100698721951701486e+00
1.224240618407745895e+00
4.023178679104900901e+00
7.873409123948946764e+00
1.463105735317958400e+00
3.120543881131180086e+00
1.093048036512073856e-01
4.411179059608317243e-01
5.569905657559559131e+00
-1.090912367861125665e+00
-4.554888711116431010e-01
3.145731236936557540e-01
-3.314716316678169902e-03
9.898381721482133466e-01
-1.496197910480796756e+00
-1.513052516439953088e+00
3.431857630517607394e-01
7.828027183088536178e-01
-4.521069390588964287e-01
-4.218230692044421248e-01
7.810591514283696801e-01
1.268578613887067386e+00
2.818707194468345723e+00
2.739927659162383566e+00
5.584521740340636642e-01
2.970303022874758003e+00
1.357695061252211843e+00
1.627158942140461306e+00
-6.021917470941667849e-01
1.615965195090596496e-01
6.312691000364133442e-01
-3.828810839102456814e-02
-4.848627545467751321e-01
-5.811169420828151466e+00
-1.910688351158320586e-01
-1.495884091881590550e+00
-1.394388700452798169e+01
3.599722608111518340e+00
-5.908029366987509190e-02
2.417976797780367448e+00
-1.418685310199571559e+00
4.946083283756270710e+00
-2.029982771118143264e-02
4.061469386499193313e+00
3.170413399581731295e-01
-7.726285655379479256e-02
2.010940004601316500e-02
1.463438956836282223e+00
-4.167583461758685992e-01
-9.643568424255968274e-01
-1.677318210753630731e-02
-7.171930453262254090e-02
-3.154144982277975462e-01
-8.026453436609893188e+00
-7.690699563746382417e+00
-2.182180263933066300e+00
-1.451352776685424839e+00
1.021058308678217813e-01
3.047645463507633618e-03
-8.405479536492903303e-02
-6.034541420118214594e-01
-3.518342212984209016e+00
8.821281808891380249e-01
-1.582641051705131058e-02
-2.985376066799803052e+00
1.603851084812768280e+00
-8.756656804748724765e-02
9.891765285986756084e-02
-1.985113412228545648e+00
4.257884052275786146e+00
-7.910398591076948094e-01
2.591714390359713960e-01
1.429779115735390960e+00
-1.910067218661060107e+00
3.246694711538241074e-01
2.015658727434761044e+00
-1.533249116955768487e+00
3.337223156300025639e+00
-5.056101485292373299e-02
8.411092186505189083e-01
1.523131250010584692e+00
-1.807798458850775059e-01
-1.120158404676671537e+01
-7.907912561523248840e+00
-7.576614657194007840e+00
2.137343625911312106e+00
1.172332070528731451e+00
3.183406937708912920e+00
2.681510506875917077e+00
-1.291853754140050192e+01
1.237398489763144482e+00
7.910755573194985679e+00
-4.031292918027601146e+00
1.393995699240777042e-01
2.770555337533335202e-02
1.095267734497515244e+00
1.202393216902462258e+00
2.902542959975784598e+00
7.319476387097394454e-01
7.987525763976325299e-01
4.954818989836740628e-01
-2.238943416986054480e+00
-3.779611849020876324e+00
-4.586733190064280485e+00
-1.452886714762212206e+00
6.251023005052140924e+00
2.030863482969801417e-02
6.142854385919195304e-01
5.097265751995031735e+00
7.561014996039899794e-01
9.472664033032224262e-01
1.319325917309252638e+00
1.698493347969790790e+00
4.059140554854218408e+01
1.294938642870244223e+02
1.293226955614251494e+02
-2.046695299418997749e+01
-7.012192638801121802e+01
4.256699441233092784e+01
4.307186584145990338e+01
-1.186345980400227873e+01
-4.894984633663734819e+00
-2.313191063451268903e+00
-2.271119607991875622e+00
-1.419068232370853000e+00
-5.557136091126540833e+00
-9.655521377190000365e+00
-9.732702846889248249e+00
-1.094533776663086222e+01
2.084125986193226865e+00
1.339620315581609156e-01
1.999145710059130554e+00
-9.102071005918148661e-01
1.165091819178889350e-14
4.886401768454314911e-13
4.104162351378074213e-13
1.920157944374912631e-13
-4.540628081853477216e-01
-4.499340483234757215e-01
2.431906434911572379e-01
-9.602838387574329504e-01
7.690226527115408143e-14
-1.993120386803512929e-13
4.582371740300214618e-14
-1.193952908279130071e-13
1.841463007478492120e+00
5.239817040598420128e+00
-5.410016471522390522e-13
-2.194701812043463616e-13
1.185869613604074724e+00
1.464231659544127373e-01
-3.229401082808945528e-13
-2.838439164240956687e-13
9.301995105557323007e-02
-2.142219609136141845e+00
-1.349863512064521665e+01
8.256151840536672282e+00
-1.781435133731004705e-01
-5.111236944212373068e+00
-7.827944476785337891e+00
6.070437509859933023e+00
-2.058931550321761728e-01
4.863966903346434556e+00
-3.970902179982472441e-02
8.132832025906006068e-02
6.236936330693355623e-01
1.326135681125430732e-01
2.166070450831657571e-02
9.416581259096762357e-01
-7.399866162321878660e-01
-2.545344523938809500e-01
-1.864170221926257254e+00
-6.025869556929974724e-01
2.146230892505938126e-01
8.573101577910281768e-02
2.950416050295985304e-01
-8.545210798821487042e-02
2.530998042869755382e-01
3.227036540767354023e-01
-4.773744603927129182e-01
-2.144124133610415470e-02
1.233311027053763054e+00
4.242240873228766973e-01
3.106950369877142126e+00
1.004311592821413468e+00
-3.130517007606177238e+00
-4.376009491233928905e+00
-8.997610009825656618e+00
6.360532362247016458e+00
1.046177268244581793e+00
1.690742110453749003e-01
6.571745562127698781e-01
1.072448224852944887e-01
4.062628583518809039e-02
1.290841330635039252e+00
-1.127463260593627725e-01
1.248468748004994744e+00
5.217528346009701501e+00
7.293349152056827656e+00
1.499601668304261715e+01
-1.060088727041177670e+01
-6.257512019230001776e+00
-6.625738937401254525e+00
-2.371611244658233364e+00
-6.282385149575376859e-01
-1.712382669413904157e+00
-1.266260711014818297e-01
1.042918669871707671e+01
1.104289822900224927e+01
-3.812227114404548090e+00
-5.712200745701843940e-02
2.427995904557131157e-01
9.320190081909209834e-01
-1.465048158687383695e-01
5.632992379645641590e-01
6.353711857340968550e+00
9.520334576183585307e-02
-2.046411173309004461e+00
1.295997367749652263e+01
5.406813376432272555e+00
1.438441197561965801e+01
-7.538552746217442646e+00
2.655048415527823558e+00
-8.039754453818360735e-01
7.176968782383259082e+00
-6.205471540160670152e+00
-1.942681034334217127e+00
-2.423349306377851953e+00
-1.038805112393101027e+01
-5.597052936939892476e+00
-1.190379843208970445e-02
-3.877747392345373689e-01
-7.710554095322868839e+00
-1.888344434408257611e+00
9.911234826664062636e-01
1.307677083573912880e+00
9.740858523379813949e-02
2.185227423626459142e+01
-1.325710902488588090e+02
-1.328235165112679965e+02
-5.752076548014930779e+01
-2.196357758426922757e+01
-7.189975893525370054e+01
-7.146974863393879218e+01
5.840505589459492342e+01
9.983914725823252567e+00
-6.025332646833280847e+01
-6.038455629370447042e+01
-2.884405145248057423e+01
-1.600309267415761028e+01
-3.754442368904012994e+01
-3.734801949868571569e+01
2.406561796409576459e+01
1.343890019950232828e+00
1.459733532836245740e+00
3.636967106555044182e+00
2.418921294476243489e+00
9.596385296438016133e-02
-1.814402813938111869e-01
1.562067693464187258e-02
-7.098431547470922531e-01
5.863903688306991491e+00
-1.470213634815530135e+00
2.637735086131771586e-02
4.975626777999661243e+00
1.489317483275421461e+00
-2.249488326391876347e-01
8.614262391927154927e-02
-9.396698463735531082e-01
-7.096473420460229775e+00
1.318399765179324667e+00
-4.319523983931372602e-01
-2.382965192892755990e+00
2.449194220957799484e+00
1.126853986782078432e-01
2.555415194925677369e+00
-3.359431212390427746e+00
-2.543372628291133530e+00
-2.522994943833933301e-01
-8.809721226262057225e-02
-7.762715894270511008e+00
